ID	Latitude	Wing.length..mm.
APR 068	-3.028	2.667
APR 069	-3.028	2.666
APR 072	-3.028	2.693
APR 074	-3.028	2.61
APR 080	-3.028	2.468
APR 081	-3.028	2.455
APR 082	-3.028	2.641
APR 087	-3.028	2.631
APR 097	-3.028	2.78
APR 100	-3.028	2.764
APR 102	-3.028	2.705
APR 105	-3.028	2.731
APR 106	-3.028	2.712
APR 112	-3.028	2.763
APR 116	-3.028	2.55
APR 122	-3.028	2.66
APR 128	-3.028	2.78
APR 130	-3.028	2.526
APR 132	-3.028	2.619
APR 142	-3.028	2.632
APR 143	-3.028	2.858
APR 144	-3.028	2.821
APR 146	-3.028	2.646
APR 153	-3.028	2.836
APR 157	-3.028	2.852
APR 159	-3.028	2.646
APR 163	-3.028	2.546
APR 172	-3.028	2.806
APR 175	-3.028	2.402
APR 178	-3.028	2.483
APR 186	-3.028	2.491
APR 189	-3.028	2.692
APR 192	-3.028	2.828
APR 197	-3.028	2.863
APR 203	-3.028	2.814
APR 208	-3.028	2.755
APR 209	-3.028	2.672
APR 231	-3.028	2.52
APR 235	-3.028	2.565
APR 239	-3.028	2.789
APR 243	-3.028	2.861
APR 244	-3.028	2.764
APR 248	-3.028	2.828
APR 253	-3.028	2.607
APR 254	-3.028	2.487
APR 256	-3.028	2.576
APR 259	-3.028	2.388
APR 261	-3.028	2.3
APR 262	-3.028	2.534
APR 263	-3.028	2.568
APR 265	-3.028	2.444
APR 266	-3.028	2.519
APR 280	-3.028	2.691
APR 285	-3.028	2.753
APR 291	-3.028	2.583
APR 293	-3.028	2.808
APR 295	-3.028	2.511
APR 297	-3.028	2.775
APR 308	-3.028	2.86
APR 312	-3.028	2.694
APR 315	-3.028	2.256
APR 331	-3.028	2.668
APR 332	-3.028	2.625
APR 333	-3.028	2.935
APR 353	-3.028	2.811
APR 359	-3.028	2.516
APR 363	-3.028	2.47
APR 370	-3.028	2.701
APR 378	-3.028	2.758
APR 382	-3.028	2.813
APR 388	-3.028	2.759
APR 392	-3.028	2.488
APR 399	-3.028	2.45
APR 400	-3.028	2.447
APR 402	-3.028	2.461
APR 407	-3.028	2.418
APR 415	-3.028	2.682
APR 418	-3.028	2.892
APR 419	-3.028	2.65
APR 421	-3.028	2.706
APR 426	-3.028	2.586
APR 433	-3.028	2.659
APR 439	-3.028	2.602
APR 447	-3.028	2.415
APR 450	-3.028	2.4563
APR 452	-3.028	2.648
APR 457	-3.028	2.433
APR 464	-3.028	2.803
APR 472	-3.028	2.72
APR 474	-3.028	2.566
APR 475	-3.028	2.535
APR 477	-3.028	2.604
APR 478	-3.028	2.477
APR 480	-3.028	2.601
APR 483	-3.028	2.68
APR 492	-3.028	2.55
APR 496	-3.028	2.458
APR 500	-3.028	2.384
APR 501	-3.028	2.402
APR 504	-3.028	2.792
APR 506	-3.028	2.719
APR 509	-3.028	2.926
APR 515	-3.028	2.845
APR 523	-3.028	2.526
APR 527	-3.028	2.771
APR 531	-3.028	2.51
APR 534	-3.028	2.592
APR 542	-3.028	2.801
APR 544	-3.028	2.646
APR 546	-3.028	2.46
APR 562	-3.028	2.705
APR 567	-3.028	2.459
APR 569	-3.028	2.397
APR 571	-3.028	2.572
APR 573	-3.028	2.723
APR 575	-3.028	2.529
APR 585	-3.028	2.626
APR 589	-3.028	2.514
APR 591	-3.028	2.426
APR 593	-3.028	2.554
APR 605	-3.028	2.685
APR 606	-3.028	2.827
APR 624	-3.028	2.327
APR 627	-3.028	2.673
APR 631	-3.028	2.506
APR 639	-3.028	2.766
APR 641	-3.028	2.646
APR 643	-3.028	2.979
APR 657	-3.028	2.66
APR 664	-3.028	2.643
APR 670	-3.028	2.547
APR 675	-3.028	2.759
APR 677	-3.028	2.82
APR 677	-3.028	2.82
APR 678	-3.028	2.898
APR 702	-3.028	2.831
APR 709	-3.028	2.319
APR 712	-3.028	2.766
APR 714	-3.028	2.443
ARS 023	-2.864	2.758
ARS 024	-2.864	2.671
ARS 029	-2.864	2.685
ARS 032	-2.864	2.788
ARS 036	-2.864	2.648
ARS 037	-2.864	2.639
ARS 038	-2.864	2.694
ARS 039	-2.864	2.713
ARS 040	-2.864	2.771
ARS 042	-2.864	2.526
ARS 045	-2.864	2.705
ARS 048	-2.864	2.665
ARS 056	-2.864	2.536
ARS 057	-2.864	2.356
ARS 059	-2.864	2.699
ARS 061	-2.864	2.533
ARS 074	-2.864	2.651
ARS 076	-2.864	2.465
ARS 078	-2.864	2.82
ARS 082	-2.864	2.549
ARS 089	-2.864	2.741
ARS 093	-2.864	2.389
ARS 100	-2.864	2.771
ARS 103	-2.864	2.588
ARS 104	-2.864	2.861
ARS 108	-2.864	2.449
ARS 113	-2.864	2.93
ARS 116	-2.864	2.755
ARS 118	-2.864	3.004
ARS 119	-2.864	2.934
ARS 120	-2.864	2.638
ARS 124	-2.864	2.765
ARS 128	-2.864	2.636
ARS 136	-2.864	2.694
ARS 139	-2.864	2.781
ARS 142	-2.864	2.461
ARS 147	-2.864	2.468
ARS 156	-2.864	2.609
ARS 163	-2.864	2.843
ARS 164	-2.864	2.944
ARS 165	-2.864	2.917
ARS 166	-2.864	2.704
ARS 174	-2.864	2.814
ARS 178	-2.864	2.512
ARS 180	-2.864	2.724
ARS 181	-2.864	2.509
ARS 182	-2.864	2.575
ARS 186	-2.864	2.456
ARS 188	-2.864	2.385
ARS 196	-2.864	2.355
ARS 246	-2.864	2.766
ARS 247	-2.864	2.621
ARS 251	-2.864	2.692
ARS 254	-2.864	2.745
ARS 255	-2.864	2.659
ARS 259	-2.864	2.725
ARS 261	-2.864	2.576
ARS 264	-2.864	2.785
ARS 265	-2.864	2.547
ARS 268	-2.864	2.856
ARS 269	-2.864	2.836
ARS 272	-2.864	2.483
ARS 276	-2.864	2.345
ARS 278	-2.864	2.593
ARS 282	-2.864	2.439
ARS 287	-2.864	2.478
ARS 294	-2.864	2.787
ARS 300	-2.864	2.999
ARS 303	-2.864	2.715
ARS 306	-2.864	2.724
ARS 313	-2.864	2.495
ARS 322	-2.864	2.759
ARS 325	-2.864	2.551
ARS 326	-2.864	2.563
ARS 332	-2.864	2.417
ARS 335	-2.864	2.965
ARS 343	-2.864	2.779
ARS 351	-2.864	2.696
ARS 353	-2.864	2.697
ARS 356	-2.864	2.682
ARS 362	-2.864	2.319
ARS 364	-2.864	2.454
ARS 369	-2.864	2.537
ARS 371	-2.864	2.519
ARS 372	-2.864	2.443
ARS 373	-2.864	2.483
ARS 378	-2.864	2.321
ARS 379	-2.864	2.396
ARS 384	-2.864	2.725
ARS 390	-2.864	2.896
ARS 391	-2.864	2.725
ARS 393	-2.864	2.599
ARS 400	-2.864	2.681
ARS 404	-2.864	2.559
ARS 413	-2.864	2.566
ARS 416	-2.864	2.483
ARS 417	-2.864	2.523
ARS 421	-2.864	2.592
ARS 422	-2.864	2.576
ARS 434	-2.864	2.747
ARS 436	-2.864	2.76
ARS 438	-2.864	2.63
ARS 449	-2.864	2.663
ARS 454	-2.864	2.638
ARS 456	-2.864	2.397
ARS 459	-2.864	2.614
ARS 462	-2.864	2.269
ARS 470	-2.864	2.4
ARS 516	-2.864	2.709
ARS 521	-2.864	2.744
ARS 523	-2.864	2.703
ARS 524	-2.864	2.653
ARS 525	-2.864	2.892
ARS 531	-2.864	2.64
ARS 533	-2.864	2.746
ARS 537	-2.864	2.593
ARS 545	-2.864	2.708
ARS 556	-2.864	2.459
ARS 559	-2.864	2.57
ARS 560	-2.864	2.346
RMO 056	-9.223	2.732
RMO 059	-9.223	2.965
RMO 062	-9.223	2.656
RMO 063	-9.223	3.011
RMO 071	-9.223	2.683
RMO 080	-9.223	2.486
RMO 084	-9.223	2.751
RMO 085	-9.223	2.612
RMO 093	-9.223	2.834
RMO 098	-9.223	2.781
RMO 099	-9.223	2.85
RMO 101	-9.223	2.709
RMO 106	-9.223	2.708
RMO 114	-9.223	2.795
RMO 118	-9.223	2.496
RMO 122	-9.223	2.376
RMO 148	-9.223	2.624
RMO 171	-9.223	2.548
RMO 178	-9.223	2.392
RMO 181	-9.223	2.881
RMO 187	-9.223	2.896
RMO 192	-9.223	2.703
RMO 194	-9.223	2.62
RMO 197	-9.223	2.566605836
RMO 198	-9.223	2.773966318
RMO 199	-9.223	2.734925705
RMO 205	-9.223	2.623553374
RMO 211	-9.223	2.701253257
RMO 216	-9.223	2.46947039
RMO 217	-9.223	2.557645856
RMO 219	-9.223	2.747174379
RMO 221	-9.223	2.512826396
RMO 226	-9.223	2.969844075
RMO 227	-9.223	2.823860601
RMO 231	-9.223	2.775397177
RMO 233	-9.223	2.800080311
RMO 241	-9.223	2.721223355
RMO 247	-9.223	2.684588149
RMO 258	-9.223	2.61634041
RMO 266	-9.223	2.454920607
RMO 273	-9.223	2.955
RMO 284	-9.223	2.83
RMO 286	-9.223	2.753
RMO 288	-9.223	2.74
RMO 308	-9.223	2.528
RMO 311	-9.223	2.504
RMO 312	-9.223	2.497
RMO 316	-9.223	2.755
RMO 322	-9.223	2.916
RMO 324	-9.223	2.972
RMO 327	-9.223	2.871
RMO 328	-9.223	2.866
RMO 331	-9.223	2.75
RMO 333	-9.223	2.747
RMO 335	-9.223	3.038
RMO 336	-9.223	2.561
RMO 338	-9.223	2.686
RMO 341	-9.223	2.781
RMO 344	-9.223	2.632
RMO 345	-9.223	2.871
RMO 348	-9.223	2.473
RMO 364	-9.223	2.818
RMO 368	-9.223	2.72
RMO 369	-9.223	2.627
RMO 391	-9.223	2.531
RMO 396	-9.223	2.389
RMO 403	-9.223	2.591
RMO 404	-9.223	2.348
RMO 411	-9.223	2.687
RMO 413	-9.223	2.734
RMO 414	-9.223	2.825
RMO 417	-9.223	2.667
RMO 423	-9.223	2.426
RMO 432	-9.223	2.409
RMO 442	-9.223	2.595
RMO 449	-9.223	2.546
RMO 458	-9.223	2.85
RMO 459	-9.223	2.608
RMO 472	-9.223	2.615
RMO 475	-9.223	2.705
RMO 476	-9.223	2.615
RMO 491	-9.223	2.591
RMO 499	-9.223	2.9
RMO 501	-9.223	2.607
RMO 503	-9.223	2.576
RMO 504	-9.223	2.565
RMO 505	-9.223	2.682
RMO 507	-9.223	2.739
RMO 513	-9.223	2.59
RMO 518	-9.223	2.444
RMO 520	-9.223	2.664
RMO 521	-9.223	2.562
RMO 536	-9.223	2.627
RMO 537	-9.223	2.496
RMO 538	-9.223	2.423
RMO 539	-9.223	2.772
RMO 541	-9.223	2.813
RMO 542	-9.223	2.657
RMO 543	-9.223	2.594
RMO 546	-9.223	2.941
RMO 554	-9.223	2.801
RMO 557	-9.223	2.602
RMO 561	-9.223	2.717
RMO 562	-9.223	2.621
RMO 571	-9.223	2.521
RMO 573	-9.223	2.556
RMO 596	-9.223	2.79
RMO 598	-9.223	2.625
RMO 602	-9.223	2.593
RMO 603	-9.223	2.532
RMO 605	-9.223	2.64
RMO 611	-9.223	2.407
RMO 625	-9.223	2.811
RMO 629	-9.223	2.551
RMO 639	-9.223	2.892
RMO 641	-9.223	2.938
RMO 646	-9.223	2.714
RMO 653	-9.223	2.664
RMO 656	-9.223	2.618
RMO 657	-9.223	2.407
RMO 659	-9.223	2.674
RMO 663	-9.223	2.549
RMO 671	-9.223	2.443
RMO 674	-9.223	2.45
RMO 682	-9.223	2.731
RMO 691	-9.223	2.615
RMO 694	-9.223	2.425
RMO 696	-9.223	2.655
RMO 700	-9.223	2.794
RMO 701	-9.223	2.524
RMO 702	-9.223	2.56
RMO 707	-9.223	2.548
RMO 708	-9.223	2.516
RMO 709	-9.223	2.707
RMO 712	-9.223	2.41
RMO 716	-9.223	2.256
RPV 095	-8.742	2.892
RPV 103	-8.742	2.865
RPV 116	-8.742	2.612
RPV 119	-8.742	2.522
RPV 123	-8.742	2.73
RPV 125	-8.742	2.328
RPV 142	-8.742	2.703
RPV 147	-8.742	3.038
RPV 156	-8.742	2.611
RPV 159	-8.742	2.816
RPV 167	-8.742	2.736
RPV 174	-8.742	2.524
RPV 176	-8.742	2.528
RPV 177	-8.742	2.237
RPV 181	-8.742	2.602
RPV 185	-8.742	2.752
RPV 191	-8.742	2.778
RPV 195	-8.742	2.765
RPV 220	-8.742	2.373
RPV 243	-8.742	2.81
RPV 244	-8.742	3.053
RPV 246	-8.742	2.59
RPV 252	-8.742	2.789
RPV 254	-8.742	2.577
RPV 258	-8.742	2.668
RPV 259	-8.742	2.622
RPV 263	-8.742	2.587
RPV 273	-8.742	2.174
RPV 280	-8.742	2.643
RPV 281	-8.742	2.604
RPV 290	-8.742	2.73
RPV 297	-8.742	2.609
RPV 300	-8.742	2.577
RPV 310	-8.742	2.439
RPV 312	-8.742	2.594
RPV 315	-8.742	2.594
RPV 329	-8.742	2.997
RPV 330	-8.742	2.9
RPV 337	-8.742	2.426
RPV 339	-8.742	2.721
RPV 344	-8.742	3.034
RPV 346	-8.742	2.503
RPV 350	-8.742	2.603
RPV 366	-8.742	2.799
RPV 371	-8.742	2.862
RPV 372	-8.742	2.851
RPV 374	-8.742	2.887
RPV 375	-8.742	2.963
RPV 391	-8.742	2.749
RPV 395	-8.742	2.506
RPV 399	-8.742	2.601
RPV 405	-8.742	2.388
RPV 407	-8.742	2.449
RPV 418	-8.742	2.939
RPV 422	-8.742	3.008
RPV 425	-8.742	2.742
RPV 432	-8.742	2.549
RPV 434	-8.742	2.775
RPV 435	-8.742	2.589
RPV 439	-8.742	2.641
RPV 440	-8.742	2.574
RPV 441	-8.742	2.421
RPV 445	-8.742	2.334
RPV 455	-8.742	2.702
RPV 461	-8.742	2.463
RPV 462	-8.742	2.485
RPV 463	-8.742	2.598
RPV 470	-8.742	2.608
RPV 472	-8.742	2.505
RPV 474	-8.742	2.601
RPV 475	-8.742	2.602
RPV 479	-8.742	2.651
RPV 480	-8.742	2.713
RPV 483	-8.742	2.717
RPV 487	-8.742	2.756
RPV 495	-8.742	2.197
RPV 497	-8.742	2.369
RPV 499	-8.742	2.551
RPV 502	-8.742	2.922
RPV 503	-8.742	2.671
RPV 520	-8.742	2.537
RPV 540	-8.742	2.308
RPV 542	-8.742	2.481
RPV 543	-8.742	2.561
RPV 545	-8.742	2.379
RPV 549	-8.742	2.808
RPV 550	-8.742	2.946
RPV 551	-8.742	2.838
RPV 556	-8.742	2.883
RPV 562	-8.742	2.596
RPV 566	-8.742	2.483
RPV 570	-8.742	2.59
RPV 574	-8.742	2.629
RPV 578	-8.742	2.405
RPV 580	-8.742	2.631
RPV 582	-8.742	2.307
RPV 591	-8.742	2.802
RPV 594	-8.742	3.068
RPV 602	-8.742	3.029
RPV 603	-8.742	2.923
RPV 604	-8.742	3.05
RPV 613	-8.742	2.656
RPV 614	-8.742	2.935
RPV 621	-8.742	2.545
RPV 635	-8.742	2.674
RPV 649	-8.742	2.802
RPV 652	-8.742	2.484
RPV 653	-8.742	2.665
RPV 658	-8.742	2.84
RPV 662	-8.742	2.557
RPV 664	-8.742	2.474
RPV 665	-8.742	2.455
RPV 669	-8.742	2.271
RPV 670	-8.742	2.462
RPV 677	-8.742	2.42
RPV 688	-8.742	2.717
RPV 690	-8.742	2.586
RPV 691	-8.742	2.68
RPV 693	-8.742	2.767
RPV 706	-8.742	2.538
RPV 709	-8.742	2.485
RPV 711	-8.742	2.305
RPV 714	-8.742	2.568
RPV 717	-8.742	2.459
RPV 722	-8.742	2.343
RPV 726	-8.742	2.838
RPV 728	-8.742	2.977
RPV 729	-8.742	3.122
RPV 755	-8.742	2.436
RPV 766	-8.742	2.479
SJU 014	-22.611	3.051
SJU 022	-22.611	2.853
SJU 026	-22.611	2.982
SJU 034	-22.611	2.53
SJU 037	-22.611	2.815
SJU 040	-22.611	2.748
SJU 050	-22.611	2.633
SJU 051	-22.611	2.702
SJU 055	-22.611	2.586
SJU 060	-22.611	3.114
SJU 062	-22.611	3.025
SJU 068	-22.611	2.838
SJU 075	-22.611	2.695
SJU 080	-22.611	2.651
SJU 081	-22.611	2.696
SJU 086	-22.611	2.723
SJU 104	-22.611	2.84
SJU 105	-22.611	2.613
SJU 111	-22.611	2.918
SJU 119	-22.611	2.742
SJU 120	-22.611	2.734
SJU 123	-22.611	2.776
SJU 124	-22.611	2.617
SJU 127	-22.611	2.665
SJU 129	-22.611	2.591
SJU 130	-22.611	2.767
SJU 131	-22.611	2.723
SJU 135	-22.611	2.629
SJU 136	-22.611	2.628
SJU 137	-22.611	2.792
SJU 139	-22.611	2.659
SJU 150	-22.611	3.052
SJU 152	-22.611	3.222
SJU 154	-22.611	3.025
SJU 170	-22.611	2.852
SJU 184	-22.611	2.75
SJU 185	-22.611	2.704
SJU 189	-22.611	2.548
SJU 190	-22.611	2.534
SJU 196	-22.611	2.956
SJU 201	-22.611	2.996
SJU 204	-22.611	2.939
SJU 206	-22.611	2.905
SJU 207	-22.611	3.039
SJU 217	-22.611	2.806
SJU 218	-22.611	2.788
SJU 222	-22.611	2.702
SJU 223	-22.611	2.716
SJU 225	-22.611	2.713
SJU 227	-22.611	2.532
SJU 229	-22.611	2.92
SJU 235	-22.611	2.662
SJU 240	-22.611	2.781
SJU 245	-22.611	2.905
SJU 246	-22.611	2.814
SJU 250	-22.611	2.97
SJU 252	-22.611	2.933
SJU 254	-22.611	2.871
SJU 257	-22.611	2.966
SJU 265	-22.611	2.734
SJU 269	-22.611	2.601
SJU 270	-22.611	2.502
SJU 271	-22.611	2.657
SJU 279	-22.611	2.574
SJU 289	-22.611	3.192
SJU 291	-22.611	3.232
SJU 295	-22.611	2.811
SJU 296	-22.611	2.933
SJU 300	-22.611	2.752
SJU 303	-22.611	3.018
SJU 304	-22.611	2.608
SJU 305	-22.611	2.325
SJU 309	-22.611	2.499
SJU 310	-22.611	2.721
SJU 314	-22.611	2.685
SJU 315	-22.611	2.676
SJU 317	-22.611	2.903
SJU 319	-22.611	2.841
SJU 320	-22.611	2.876
SJU 321	-22.611	3.048
SJU 325	-22.611	2.936
SJU 341	-22.611	2.895
SJU 364	-22.611	2.889
SJU 366	-22.611	3.216
SJU 370	-22.611	3.05
SJU 372	-22.611	3.026
SJU 376	-22.611	3.133
SJU 379	-22.611	2.668
SJU 381	-22.611	2.812
SJU 385	-22.611	2.669
SJU 389	-22.611	2.822
SJU 390	-22.611	2.681
SJU 392	-22.611	2.705
SJU 395	-22.611	2.631
SJU 397	-22.611	2.815
SJU 411	-22.611	2.865
SJU 412	-22.611	2.647
SJU 419	-22.611	3.017
SJU 422	-22.611	3.01
SJU 423	-22.611	3.11
SJU 426	-22.611	3.04
SJU 431	-22.611	2.895
SJU 434	-22.611	2.774
SJU 439	-22.611	2.699
SJU 440	-22.611	2.778
SJU 444	-22.611	2.631
SJU 461	-22.611	3.137
SJU 465	-22.611	3.345
SJU 472	-22.611	2.783
SJU 473	-22.611	2.805
SJU 481	-22.611	2.76
SJU 485	-22.611	2.53
TLC 104	-10.7	2.674
TLC 105	-10.7	2.786
TLC 114	-10.7	2.848
TLC 119	-10.7	2.665
TLC 120	-10.7	2.789
TLC 121	-10.7	2.82
TLC 125	-10.7	2.872
TLC 129	-10.7	2.694
TLC 130	-10.7	2.607
TLC 132	-10.7	2.725
TLC 136	-10.7	2.615
TLC 137	-10.7	2.593
TLC 139	-10.7	2.49
TLC 145	-10.7	2.515
TLC 146	-10.7	2.507
TLC 150	-10.7	2.726
TLC 151	-10.7	2.851
TLC 162	-10.7	2.746
TLC 163	-10.7	2.855
TLC 166	-10.7	2.75
TLC 176	-10.7	2.668
TLC 178	-10.7	2.798
TLC 184	-10.7	2.398
TLC 185	-10.7	2.49
TLC 189	-10.7	2.587
TLC 194	-10.7	2.487
TLC 198	-10.7	2.678
TLC 206	-10.7	2.768
TLC 207	-10.7	2.644
TLC 209	-10.7	2.779
TLC 210	-10.7	2.696
TLC 214	-10.7	2.676
TLC 215	-10.7	2.48
TLC 218	-10.7	2.62
TLC 219	-10.7	2.827
TLC 226	-10.7	2.689
TLC 229	-10.7	2.399
TLC 231	-10.7	2.464
TLC 234	-10.7	2.449
TLC 237	-10.7	2.507
TLC 239	-10.7	2.68
TLC 242	-10.7	2.924
TLC 244	-10.7	2.544
TLC 245	-10.7	2.594
TLC 248	-10.7	2.917
TLC 249	-10.7	2.572
TLC 253	-10.7	2.794
TLC 256	-10.7	2.599
TLC 257	-10.7	2.609
TLC 260	-10.7	2.536
TLC 262	-10.7	2.847
TLC 267	-10.7	2.617
TLC 271	-10.7	2.699
TLC 275	-10.7	2.305
TLC 276	-10.7	2.512
TLC 281	-10.7	2.475
TLC 283	-10.7	2.595
TLC 284	-10.7	3.104
TLC 285	-10.7	2.767
TLC 286	-10.7	2.82
TLC 295	-10.7	2.868
TLC 296	-10.7	2.865
TLC 302	-10.7	2.729
TLC 304	-10.7	2.703
TLC 307	-10.7	2.698
TLC 311	-10.7	3.004
TLC 316	-10.7	2.651
TLC 324	-10.7	2.495
TLC 327	-10.7	2.583
TLC 332	-10.7	2.733
TLC 333	-10.7	2.884
TLC 334	-10.7	2.759
TLC 335	-10.7	2.713
TLC 338	-10.7	3.059
TLC 340	-10.7	2.742
TLC 341	-10.7	2.663
TLC 342	-10.7	2.933
TLC 346	-10.7	2.837
TLC 347	-10.7	2.744
TLC 348	-10.7	2.891
TLC 349	-10.7	2.678
TLC 352	-10.7	2.72
TLC 356	-10.7	2.683
TLC 359	-10.7	2.532
TLC 360	-10.7	2.375
TLC 379	-10.7	2.731
TLC 381	-10.7	2.705
TLC 382	-10.7	2.696
TLC 383	-10.7	3.032
TLC 384	-10.7	2.678
TLC 391	-10.7	2.609
TLC 393	-10.7	2.84
TLC 394	-10.7	2.578
TLC 396	-10.7	2.645
TLC 399	-10.7	2.891
TLC 404	-10.7	2.427
TLC 405	-10.7	2.388
TLC 406	-10.7	2.553
TLC 407	-10.7	2.734
TLC 409	-10.7	2.409
TLC 410	-10.7	2.55
TLC 413	-10.7	2.881
TLC 415	-10.7	2.641
TLC 426	-10.7	2.738
TLC 427	-10.7	2.926
TLC 428	-10.7	2.86
TLC 431	-10.7	2.695
TLC 440	-10.7	2.609
TLC 441	-10.7	2.715
TLC 443	-10.7	2.668
TLC 444	-10.7	2.532
TLC 450	-10.7	2.586
TLC 451	-10.7	2.549
TLC 454	-10.7	2.519
TLC 456	-10.7	2.68
TLC 457	-10.7	2.691
TLC 459	-10.7	2.545
TLC 460	-10.7	2.641
TLC 461	-10.7	2.711
TLC 462	-10.7	2.607
TPN 021	-10.796	2.694
TPN 022	-10.796	2.558
TPN 023	-10.796	2.693
TPN 026	-10.796	2.899
TPN 027	-10.796	2.92
TPN 028	-10.796	2.815
TPN 032	-10.796	2.689
TPN 033	-10.796	2.746
TPN 034	-10.796	2.879
TPN 036	-10.796	2.759
TPN 038	-10.796	2.623
TPN 040	-10.796	2.681
TPN 041	-10.796	2.765
TPN 042	-10.796	2.702
TPN 043	-10.796	2.826
TPN 044	-10.796	2.921
TPN 046	-10.796	2.585
TPN 049	-10.796	3.007
TPN 051	-10.796	2.608
TPN 053	-10.796	2.951
TPN 059	-10.796	2.737
TPN 060	-10.796	2.907
TPN 066	-10.796	2.972
TPN 067	-10.796	2.888
TPN 068	-10.796	2.921
TPN 069	-10.796	3.034
TPN 076	-10.796	2.89
TPN 077	-10.796	2.734
TPN 079	-10.796	2.952
TPN 082	-10.796	2.846
TPN 086	-10.796	2.59
TPN 087	-10.796	2.802
TPN 088	-10.796	2.75
TPN 089	-10.796	2.743
TPN 090	-10.796	2.929
TPN 091	-10.796	2.769
TPN 092	-10.796	2.769
TPN 093	-10.796	2.842
TPN 096	-10.796	2.676
TPN 097	-10.796	2.594
TPN 099	-10.796	2.634
TPN 100	-10.796	2.672
TPN 101	-10.796	2.558
TPN 102	-10.796	2.654
TPN 103	-10.796	2.772
TPN 106	-10.796	2.597
TPN 107	-10.796	2.588
TPN 108	-10.796	2.785
TPN 111	-10.796	2.683
TPN 116	-10.796	3.091
TPN 121	-10.796	2.737
TPN 122	-10.796	2.889
TPN 126	-10.796	2.61
TPN 131	-10.796	2.734
TPN 136	-10.796	2.833
TPN 137	-10.796	2.772
TPN 138	-10.796	2.968
TPN 146	-10.796	2.753
TPN 147	-10.796	2.542
TPN 148	-10.796	2.519
TPN 156	-10.796	2.908
TPN 157	-10.796	2.807
TPN 158	-10.796	2.828
TPN 161	-10.796	3.195
TPN 166	-10.796	3.016
TPN 167	-10.796	2.776
TPN 168	-10.796	2.691
TPN 171	-10.796	2.682
TPN 172	-10.796	2.884
TPN 173	-10.796	2.986
TPN 174	-10.796	2.965
TPN 176	-10.796	2.61
TPN 178	-10.796	2.719
TPN 182	-10.796	2.673
TPN 183	-10.796	2.741
TPN 187	-10.796	2.785
TPN 188	-10.796	2.607
TPN 191	-10.796	2.546
