consensus aligned to its principal axes - from coord_Jul24_Format.txt
-0.68342475074110154 -0.042244568935195015
0.22860174147921095 -0.081545160038745054
0.24647098419605962 -0.05916630243150748
-0.03230900782166899 -0.087658804793697059
0.25396216240170083 -0.034551321802267256
0.24890797990107336 -0.0073640601666670443
0.21137210461749745 0.019898540669824143
-0.000744570024224445 -0.0050163013937771705
0.14100031693071166 0.047894834669966392
0.050593226720677585 0.071351113405751662
-0.32935084925766384 -0.014220350462102998
-0.088701222624023551 0.094157531028889241
-0.246378115778249 0.098464850249527738