TPS like internal (simplified) format - can be converted to other format by using TET

LM=18
472.000	578.000
646.000	457.000
935.000	372.000
952.000	385.000
969.000	403.000
975.000	425.000
960.000	458.000
922.000	510.000
861.000	572.000
755.000	652.000
518.000	657.000
617.000	598.000
605.000	576.000
657.000	558.000
646.000	539.000
631.000	516.000
708.000	469.000
786.000	527.000
IMAGE=C:/Users/vmc04/Desktop/Lab reared wings for landmarking/18/ARS/ARSFB/ARS 037-1.gif
ID=1 : ARS 037 18
COMMENT=FB-18
VARIABLES=NA
SCALE=NA

LM=18
709.000	444.000
913.000	442.000
1197.000	529.000
1205.000	547.000
1208.000	573.000
1195.000	597.000
1171.000	614.000
1111.000	639.000
1027.000	653.000
906.000	663.000
692.000	537.000
806.000	541.000
808.000	521.000
863.000	532.000
866.000	511.000
870.000	488.000
943.000	486.000
987.000	576.000
IMAGE=C:/Users/vmc04/Desktop/Lab reared wings for landmarking/18/ARS/ARSFB/ARS 039.gif
ID=2 : ARS 039 18
COMMENT=FB-18
VARIABLES=NA
SCALE=NA

LM=18
594.000	512.000
821.000	469.000
1126.000	498.000
1150.000	523.000
1158.000	551.000
1150.000	574.000
1121.000	598.000
1063.000	632.000
985.000	654.000
855.000	689.000
616.000	596.000
755.000	586.000
752.000	563.000
805.000	562.000
803.000	541.000
798.000	513.000
893.000	497.000
929.000	587.000
IMAGE=C:/Users/vmc04/Desktop/Lab reared wings for landmarking/18/ARS/ARSFB/ARS 089.gif
ID=3 : ARS 089 18
COMMENT=FB-18
VARIABLES=NA
SCALE=NA

LM=18
409.000	733.000
588.000	692.000
859.000	707.000
879.000	730.000
887.000	751.000
879.000	775.000
860.000	799.000
810.000	830.000
742.000	861.000
628.000	897.000
426.000	820.000
529.000	802.000
526.000	781.000
570.000	784.000
567.000	758.000
566.000	738.000
643.000	719.000
686.000	799.000
IMAGE=C:/Users/vmc04/Desktop/Lab reared wings for landmarking/18/ARS/ARSFB/ARS 093-1.gif
ID=4 : ARS 093 18
COMMENT=FB-18
VARIABLES=NA
SCALE=NA

LM=18
783.000	567.000
998.000	546.000
1299.000	646.000
1310.000	666.000
1318.000	694.000
1307.000	721.000
1272.000	741.000
1209.000	766.000
1121.000	777.000
974.000	782.000
782.000	644.000
899.000	654.000
904.000	630.000
948.000	645.000
955.000	617.000
959.000	589.000
1053.000	596.000
1086.000	698.000
IMAGE=C:/Users/vmc04/Desktop/Lab reared wings for landmarking/18/ARS/ARSFB/ARS 139.gif
ID=5 : ARS 139 18
COMMENT=FB-18
VARIABLES=NA
SCALE=NA

LM=18
455.000	629.000
673.000	536.000
960.000	494.000
993.000	515.000
1011.000	539.000
1011.000	565.000
986.000	599.000
934.000	650.000
865.000	696.000
746.000	762.000
499.000	723.000
614.000	679.000
608.000	654.000
652.000	650.000
649.000	627.000
641.000	601.000
721.000	564.000
791.000	639.000
IMAGE=C:/Users/vmc04/Desktop/Lab reared wings for landmarking/18/ARS/ARSFB/ARS 174-1.gif
ID=6 : ARS 174 18
COMMENT=FB-18
VARIABLES=NA
SCALE=NA

LM=18
575.000	517.000
675.000	396.000
914.000	269.000
937.000	280.000
952.000	293.000
958.000	319.000
950.000	353.000
927.000	403.000
881.000	479.000
804.000	571.000
586.000	628.000
679.000	547.000
660.000	528.000
698.000	501.000
684.000	485.000
664.000	466.000
722.000	407.000
791.000	456.000
IMAGE=C:/Users/vmc04/Desktop/Lab reared wings for landmarking/18/ARS/ARSFB/ARS 182-1.gif
ID=7 : ARS 182 18
COMMENT=FB-18
VARIABLES=NA
SCALE=NA

LM=18
506.000	488.000
720.000	538.000
965.000	674.000
974.000	699.000
974.000	731.000
967.000	752.000
934.000	771.000
872.000	782.000
779.000	779.000
649.000	759.000
469.000	578.000
583.000	616.000
591.000	597.000
634.000	618.000
644.000	590.000
654.000	566.000
728.000	589.000
743.000	686.000
IMAGE=C:/Users/vmc04/Desktop/Lab reared wings for landmarking/18/ARS/ARSFB/ARS 264-1.gif
ID=8 : ARS 264 18
COMMENT=FB-18
VARIABLES=NA
SCALE=NA

LM=18
634.000	449.000
821.000	422.000
1087.000	465.000
1107.000	489.000
1116.000	518.000
1104.000	545.000
1075.000	565.000
1030.000	589.000
956.000	614.000
835.000	634.000
639.000	534.000
742.000	529.000
742.000	509.000
790.000	518.000
790.000	492.000
785.000	469.000
865.000	459.000
902.000	540.000
IMAGE=C:/Users/vmc04/Desktop/Lab reared wings for landmarking/18/ARS/ARSFB/ARS 265.gif
ID=9 : ARS 265 18
COMMENT=FB-18
VARIABLES=NA
SCALE=NA

LM=18
711.000	471.000
887.000	483.000
1157.000	582.000
1169.000	607.000
1170.000	634.000
1162.000	654.000
1125.000	669.000
1071.000	681.000
991.000	685.000
868.000	688.000
698.000	549.000
813.000	568.000
818.000	552.000
863.000	569.000
866.000	544.000
871.000	523.000
942.000	533.000
958.000	614.000
IMAGE=C:/Users/vmc04/Desktop/Lab reared wings for landmarking/18/ARS/ARSFB/ARS 272.gif
ID=10 : ARS 272 18
COMMENT=FB-18
VARIABLES=NA
SCALE=NA

LM=18
555.000	527.000
749.000	460.000
1055.000	449.000
1072.000	464.000
1086.000	493.000
1082.000	516.000
1054.000	546.000
1019.000	584.000
943.000	629.000
816.000	680.000
577.000	619.000
706.000	591.000
698.000	568.000
752.000	564.000
746.000	535.000
740.000	514.000
815.000	492.000
872.000	566.000
IMAGE=C:/Users/vmc04/Desktop/Lab reared wings for landmarking/18/ARS/ARSFB/ARS 306.gif
ID=11 : ARS 306 18
COMMENT=FB-18
VARIABLES=NA
SCALE=NA

LM=18
517.000	695.000
740.000	735.000
992.000	869.000
1002.000	902.000
1003.000	926.000
992.000	946.000
957.000	964.000
905.000	976.000
812.000	976.000
679.000	959.000
499.000	790.000
609.000	819.000
614.000	796.000
670.000	822.000
677.000	798.000
683.000	775.000
768.000	790.000
773.000	883.000
IMAGE=C:/Users/vmc04/Desktop/Lab reared wings for landmarking/18/ARS/ARSFB/ARS 353-1.gif
ID=12 : ARS 353 18
COMMENT=FB-18
VARIABLES=NA
SCALE=NA

LM=18
713.000	471.000
900.000	474.000
1129.000	553.000
1138.000	572.000
1141.000	596.000
1129.000	617.000
1101.000	634.000
1057.000	652.000
987.000	666.000
880.000	671.000
709.000	555.000
815.000	565.000
818.000	547.000
863.000	561.000
866.000	535.000
869.000	513.000
934.000	515.000
947.000	592.000
IMAGE=C:/Users/vmc04/Desktop/Lab reared wings for landmarking/18/ARS/ARSFB/ARS 362.gif
ID=13 : ARS 362 18
COMMENT=FB-18
VARIABLES=NA
SCALE=NA

LM=18
775.000	378.000
975.000	331.000
1248.000	343.000
1272.000	366.000
1287.000	395.000
1283.000	413.000
1254.000	440.000
1206.000	475.000
1122.000	506.000
1017.000	540.000
787.000	471.000
890.000	448.000
885.000	428.000
949.000	433.000
946.000	407.000
945.000	382.000
1029.000	369.000
1079.000	445.000
IMAGE=C:/Users/vmc04/Desktop/Lab reared wings for landmarking/18/ARS/ARSFB/ARS 404.gif
ID=14 : ARS 404 18
COMMENT=FB-18
VARIABLES=NA
SCALE=NA

LM=18
641.000	425.000
826.000	491.000
1078.000	673.000
1077.000	700.000
1069.000	720.000
1057.000	743.000
1021.000	750.000
959.000	751.000
874.000	739.000
745.000	704.000
596.000	511.000
704.000	562.000
718.000	538.000
761.000	571.000
772.000	546.000
785.000	524.000
868.000	558.000
871.000	662.000
IMAGE=C:/Users/vmc04/Desktop/Lab reared wings for landmarking/18/ARS/ARSFB/ARS 449.gif
ID=15 : ARS 449 18
COMMENT=FB-18
VARIABLES=NA
SCALE=NA

LM=18
628.000	365.000
848.000	332.000
1141.000	380.000
1156.000	402.000
1163.000	430.000
1159.000	448.000
1132.000	471.000
1082.000	500.000
1001.000	523.000
865.000	549.000
642.000	453.000
761.000	445.000
760.000	424.000
815.000	429.000
814.000	404.000
809.000	378.000
892.000	372.000
949.000	456.000
IMAGE=C:/Users/vmc04/Desktop/Lab reared wings for landmarking/18/ARS/ARSFB/ARS 454.gif
ID=16 : ARS 454 18
COMMENT=FB-18
VARIABLES=NA
SCALE=NA

LM=18
447.000	637.000
623.000	537.000
914.000	471.000
935.000	486.000
952.000	506.000
951.000	532.000
935.000	565.000
901.000	609.000
834.000	661.000
722.000	731.000
484.000	721.000
590.000	673.000
584.000	653.000
633.000	637.000
625.000	617.000
616.000	592.000
693.000	558.000
760.000	616.000
IMAGE=C:/Users/vmc04/Desktop/Lab reared wings for landmarking/18/ARS/ARSFB/ARS 531-1.gif
ID=17 : ARS 531 18
COMMENT=FB-18
VARIABLES=NA
SCALE=NA

LM=18
493.000	761.000
695.000	787.000
989.000	932.000
996.000	959.000
997.000	978.000
975.000	1001.000
943.000	1013.000
882.000	1017.000
801.000	1020.000
650.000	1002.000
475.000	853.000
595.000	883.000
602.000	856.000
647.000	878.000
655.000	851.000
659.000	831.000
768.000	854.000
770.000	945.000
IMAGE=C:/Users/vmc04/Desktop/Lab reared wings for landmarking/18/ARS/ARSFB/ARS 533-1.gif
ID=18 : ARS 533 18
COMMENT=FB-18
VARIABLES=NA
SCALE=NA

LM=18
627.000	411.000
843.000	338.000
1123.000	335.000
1140.000	353.000
1150.000	376.000
1145.000	404.000
1119.000	429.000
1079.000	459.000
1003.000	497.000
882.000	539.000
650.000	487.000
755.000	460.000
751.000	438.000
811.000	436.000
805.000	415.000
799.000	393.000
889.000	369.000
946.000	440.000
IMAGE=C:/Users/vmc04/Desktop/Lab reared wings for landmarking/18/ARS/ARSFB/ARS 537.gif
ID=19 : ARS 537 18
COMMENT=FB-18
VARIABLES=NA
SCALE=NA

LM=18
573.000	560.000
783.000	571.000
1083.000	687.000
1091.000	711.000
1092.000	738.000
1080.000	761.000
1049.000	776.000
989.000	790.000
903.000	796.000
761.000	791.000
559.000	644.000
680.000	663.000
682.000	641.000
741.000	663.000
749.000	637.000
754.000	615.000
834.000	626.000
869.000	717.000
IMAGE=C:/Users/vmc04/Desktop/Lab reared wings for landmarking/18/ARS/ARSFB/ARS 545-1.gif
ID=20 : ARS 545 18
COMMENT=FB-18
VARIABLES=NA
SCALE=NA