C:/Users/vmc04/Desktop/Wing saga/Lab reared wings for landmarking/13/13 landmakrs lab reared txt files/APRFA 13_Format - {translated and scaled (first one is consensus)} - 1 22 26 0	from C:/Users/vmc04/Dropbox/Homework/APRFA 13.txt - TPS like internal (simplified) format - can be converted to other format by using TET	
-0.6750055153188399 -0.040653989340772807 0.22437224559009408 -0.093111031133916153 0.24452903257397676 -0.066423916671044525 -0.049752198994226414 -0.1005102727385261 0.25243794732203906 -0.037031268561213332 0.24447739168279031 -0.0089139259380815964 0.21426859296659395 0.01705919707272938 0.0006122640777831514 -0.0040664179349400404 0.15272836746492402 0.051349871448819681 0.055774839517886005 0.080692001295533305 -0.33112433039380479 -0.01391523398671413 -0.090677605259748537 0.10554249623706659 -0.24264103122946776 0.10998249025106024
-0.65799044945399787 0.13939030640804445 0.18764407608813813 -0.14876824751194961 0.22089314000198351 -0.12549390277225772 -0.087214852266317755 -0.081161817553797089 0.23862597408936792 -0.098894651641181455 0.2408425783502908 -0.077836911162412606 0.21978483787152187 -0.040154638726721023 -0.015175213786319299 -0.0024723662910295205 0.15993652282660009 0.014152165665893194 0.071272352389678786 0.066242365797584399 -0.32328320605462046 0.065134063667122946 -0.052857486222010877 0.12498237871204484 -0.20247827383431538 0.16488125540865928
-0.61319696333702711 -0.26852256684765236 0.25104909473135556 -0.0065017570665291064 0.26055791444115428 0.025194308632800446 -0.0056890374332130671 -0.11109877387431617 0.2531621657779774 0.056890374332129637 0.2288618487418248 0.082247226891593292 0.18765696333269652 0.090699511078081135 -0.0025194308632800642 -0.0096713636364620503 0.12320829641072666 0.098095259741258004 0.018611279602939526 0.08858644003145924 -0.30257551948359868 -0.13117294881722488 -0.12402101604404286 0.06956880061186145 -0.2751055958775131 0.01568548892300145
-0.64896684655250825 0.15278034313451652 0.19866688784024908 -0.15627646082638183 0.22366412933708654 -0.13355169582925688 -0.08425643637395519 -0.085829689335294654 0.2407077030849302 -0.10400950133299455 0.23729898833536148 -0.073331068586875978 0.211165508588668 -0.039243921091188738 0.010051338364113026 -0.0074292500952139245 0.15094488134628725 0.0096143236526296597 0.060045821357787632 0.058472568396448182 -0.31832151584434137 0.081197333393573018 -0.070621577375680214 0.12437438688811026 -0.21037888210799818 0.17323263163192865
-0.66369427933639791 0.14151087502060364 0.20233572481016118 -0.14573137480191981 0.22062455719586491 -0.12636672874646884 -0.071996760975394744 -0.086561622965819485 0.23030688022359042 -0.10592626902127049 0.23138269389333768 -0.074727672598599415 0.19695665646142479 -0.040301635166686493 -0.00099305877207435367 -0.0058755977347735942 0.15499992334128093 0.013489048320677344 0.090451103156444362 0.062976477129052175 -0.32158553235676318 0.069431359147535843 -0.063390251617416363 0.12752529731388895 -0.20539765602405699 0.17055784410378003
-0.68008497262444578 -0.049205114298409493 0.22502134753133227 -0.08836836853591909 0.24351510647682267 -0.061171664204315274 -0.030627673185744851 -0.097071313922032346 0.25221805186293594 -0.032887091699447216 0.24242723830355853 -0.0078661237143715992 0.20761545675910553 0.01933058061723229 0.011799185571557354 -0.0002510465015224464 0.14778270722957695 0.04652728494883622 0.048786703462538779 0.075899725626968395 -0.33740649804623662 -0.016569069100484817 -0.086108950022216746 0.10418429813183644 -0.24493770331878345 0.10744790265162901
-0.66987035048193444 -0.11177482795075031 0.23098977602825338 -0.069037393734286967 0.2534831624579707 -0.037546652732682283 -0.036681522485385559 -0.10615148134332085 0.25685717042242828 -0.0071805810525636705 0.24448580788608379 0.023185490627554952 0.20962105892002134 0.041180199771328987 -0.00069210419783749229 -0.0049312424095919166 0.14101623030938279 0.06254891687956074 0.049918015269026783 0.086166972630764158 -0.32122286082131257 -0.051042684590512873 -0.1030370124530524 0.09291498855967939 -0.2548673708536458 0.081668295344820577
-0.64509902544448161 -0.19625523365580905 0.23731172437637396 -0.041664092063152691 0.25310935928365269 -0.012325627235349308 -0.0086800191798235369 -0.10146942421213659 0.25536616427040709 0.02039804507258524 0.24521054183001359 0.048608107407011575 0.20233124708168557 0.072304559767929696 -0.0052948116996923769 -0.0032984072883328812 0.13575549997243941 0.089230597168585557 0.031942470581750385 0.092615804648716687 -0.31560549737838195 -0.091313801771742975 -0.11700665854402055 0.079074974728192013 -0.26934099514992271 0.044094497433503466
-0.65532805324279475 -0.14076572878140867 0.2351357749924963 -0.066655422974374198 0.24767751905214855 -0.040431776304192861 -0.03736211866721504 -0.10770113080596252 0.25565862890829044 -0.0073671783287467341 0.24539720195039338 0.024557261095822101 0.21575307962757959 0.050780907766003532 0.0025434306134957717 0.00061393152739550516 0.13708213961703536 0.079284871537939866 0.043589138445084295 0.094106932699346765 -0.32012143928482351 -0.064375105872619312 -0.10577163171986223 0.10208804255548888 -0.26425367029182822 0.07586439588530737
-0.67224969264441947 8.3488536095940153e-05 0.21773810213818243 -0.10628090645011747 0.24053047249237106 -0.079147132218940569 -0.053599640173586392 -0.097598098696140861 0.25246933315408898 -0.049842656049269525 0.2427011744308652 -0.018367477941104406 0.21882345310742965 0.0044248924130842419 -0.011270952372950449 -0.0031725643716453483 0.16021450076808755 0.040241474398237741 0.060362211597356531 0.073887354444897024 -0.33687624314707304 0.0055102433823313174 -0.08181876537401031 0.10970393643005061 -0.23702395397634207 0.12055744612252133
-0.65743906728715462 0.16956376999292688 0.18708391400242652 -0.15516602788611084 0.21076212843110612 -0.13599794953908417 -0.088034386978425 -0.081876316559244613 0.22880267275771959 -0.10555453098792446 0.22654760471689295 -0.078493714498004671 0.20963459441069293 -0.046922761926431404 0.0078060047567076367 -0.0074590712119650604 0.16115063153291997 -0.00069386708948510512 0.082223250103987164 0.05455529991076781 -0.32030639518357024 0.08838132052316762 -0.046315628223132052 0.12333487515598079 -0.20191532304017099 0.17632897411540702
-0.63076203428727462 0.24464296613637235 0.15954976052372113 -0.17580740549849594 0.18877893074432683 -0.15782022382427699 -0.084401390932873618 -0.069008514307820845 0.2056419135639071 -0.13533624673150327 0.21800810096493281 -0.10385867880162007 0.20226931699999118 -0.073505309726375603 0.019024903693885487 -0.0071775773026931545 0.16741915250619199 -0.024040560122273368 0.092097829245399832 0.044535570010686365 -0.31823475269772028 0.12660208639931039 -0.038309237892687552 0.12997468296322645 -0.18108249243180066 0.20079921080546359
-0.67532296480863707 -0.10465032556456146 0.23275528807309567 -0.065843562620897661 0.24716922859502793 -0.039233210888099633 -0.03778328787701777 -0.096888972975828769 0.25160428721716083 -0.014840388466368072 0.24273416997289493 0.011769963266429897 0.21057999496243052 0.035054021032628245 -8.5289588887082276e-05 -0.0015352125999691195 0.15181546821916819 0.06055560810989296 0.049809119910109098 0.082730901220557942 -0.32938839228226285 -0.044777034165766012 -0.096547814620280087 0.093818547775890423 -0.24733980777280223 0.083839665876091138
-0.66836617716048441 -0.13383959913518595 0.22375918065484801 -0.067876390860355421 0.24971191833674836 -0.033272740617821268 -0.023873191393286718 -0.1013986770328103 0.25295601054698602 -0.0084013670059999469 0.24430509798635253 0.018632734745979825 0.20970144774381855 0.041341380217642949 -8.3181851544664238e-05 0.0013309096247128298 0.151307787959542 0.068375481969622592 0.04209001688154395 0.088921399301127219 -0.32665513101546001 -0.054900022019405074 -0.10605686071930522 0.097572311861760769 -0.24879691796975839 0.083514578950731264
-0.64342620200019751 0.22676898756103311 0.16977867417818693 -0.16898383019795182 0.20077758940735024 -0.15245107540906472 -0.087512322223868566 -0.074953787336156472 0.22041023571915369 -0.13075183474865038 0.221443532893459 -0.098719622345181668 0.20594407527887748 -0.069787301464629248 0.0096176121608430795 -0.0067561738319971637 0.15634581091221617 -0.011922659703524413 0.074715334142086101 0.054208359452024034 -0.31380440339676086 0.11517289273604518 -0.044113840903040061 0.12653916165340512 -0.17017609616830429 0.19163688363464801
-0.65808257089540056 -0.13079476695215556 0.23882028782494369 -0.070704500983298724 0.25328646296559437 -0.039546585295743342 -0.040488170659927776 -0.10742633018648907 0.2566248110749757 -0.010614235014441994 0.24660976674683277 0.020543680673113386 0.21211350294989625 0.04279933473565295 -0.0015407760504835423 -0.0017119733894261063 0.13533149643413486 0.075070033126335353 0.046308880183976664 0.091761773673239955 -0.3186838464416723 -0.049561629623886265 -0.10948069825380038 0.09621290448574793 -0.2608191458790694 0.083972294751351123
-0.66277928684038279 -0.16217125107252214 0.23072862545296627 -0.054724097062562496 0.24769396555980175 -0.025317507544047203 -0.027144544170937226 -0.10675114005685873 0.25221805625495791 0.0052201046482570502 0.2397768068432784 0.028971580797827211 0.21150123999855236 0.053854079621186157 -0.0079171587165233915 -0.0049590994158443188 0.14477090224499828 0.0809986237921234 0.041847838930194767 0.094570895877592057 -0.32799657539882443 -0.077344550538343493 -0.10179204064101456 0.092308850530013892 -0.24090782951706757 0.075343510423178217
-0.67216843617874389 -0.00049876460760228507 0.21937329991042623 -0.10099983303947239 0.23774446295711202 -0.077225386743761254 -0.065920055638108169 -0.099919176389667339 0.24747037280535764 -0.046967000549219609 0.24098643290652719 -0.02535386755311857 0.21829264326062117 -0.0015794212574074624 0.0032419699494153327 -0.0048213912068225031 0.15669521422173294 0.03948553143518467 0.072403995536938701 0.07730851417836164 -0.34256815798820228 0.0049045186414229261 -0.084291218684794167 0.1097282136725132 -0.23126052305828154 0.12593806341958905
-0.67422105518614983 0.020723829411636835 0.21890633252460018 -0.11058514013772575 0.23475396678055774 -0.087945662629214924 -0.064087136331784325 -0.10379329688517248 0.24380975778396216 -0.060778289619002009 0.2370179145314088 -0.02908302110708692 0.21551041089832371 -0.0019156480968739577 0.0038312961937479557 -0.0053115697231506066 0.16004369100247218 0.039967385293870936 0.068353807093003663 0.07619054930748817 -0.33689284030933936 0.013931986159083537 -0.079934770587742052 0.11354568719653095 -0.2270913743930621 0.13505319082961623
-0.67242941022794134 -0.10095724578318728 0.22968740439102142 -0.071791819223599798 0.24678437858112437 -0.045643505756383505 -0.046881295742997278 -0.10397435887555828 0.2498014916734955 -0.01748378356091973 0.24175585676050587 0.0026303037215542938 0.21259043020091845 0.035818547737636493 -0.0026303037215542652 0.0016245993574306181 0.14721964653287767 0.065989678661347681 0.051677731941125842 0.089120879036192813 -0.34356408315949 -0.043632097028136099 -0.078058131030831993 0.097166513949182562 -0.23595371619825356 0.091132287764440295
-0.62530517954792719 -0.25426820900426544 0.24259133285032564 -0.015569168205252854 0.25579127980695304 0.016330703606596747 -0.01810761954306582 -0.11126878364080173 0.25579127980695304 0.049330570998165367 0.23929134611116878 0.075730464911420145 0.20299149198044336 0.085630425128890658 -0.0049076725864383355 -0.006769203567501241 0.12489180582039791 0.095530385346361338 0.019292230167378445 0.090030407447766525 -0.29860649237139852 -0.11236877922052059 -0.12590718635552314 0.065830504693949521 -0.26780661613926798 0.021830681505191466
-0.66204635785692811 -0.13630366191172055 0.23250830464117961 -0.065511566318345094 0.25288784731199959 -0.035478556066610059 -0.032425750079483132 -0.11056108169594764 0.25932349236594276 0.0020627067480587288 0.24430698724007538 0.027805286963831662 0.20783833193439727 0.049257437143642335 -0.0034653473367386371 -0.0065181533238655043 0.14777231143092709 0.073927409850424688 0.039438953022882986 0.091089129994273335 -0.31452152494399427 -0.055858098737430258 -0.11287131325377334 0.093234345012254374 -0.25874593447648647 0.072854802341434127
-0.6586758165482548 -0.16572465204068826 0.23623730447146193 -0.04764583746169794 0.24970243244976786 -0.023822918730848887 -0.035136813245165051 -0.11082836105221028 0.25073821152502218 0.0051788953762714422 0.23934464169722486 0.029001814107120431 0.20516393221383278 0.05386051191322367 0.0021512334639896919 -0.00103577907525425 0.15751809475213502 0.081826546945089867 0.04151083832365321 0.094255895848141397 -0.30858248911230068 -0.070432977117292517 -0.11489180203974624 0.090112779547124225 -0.26507976795161997 0.065254081741020944
