C:/Users/vmc04/Desktop/Wing saga/Lab reared wings for landmarking/13/13 landmakrs lab reared txt files/APRFC 13_Format - {Procrustes residues OP} - 1 21 26 0	from C:/Users/vmc04/Dropbox/Homework/APRFC 13.txt - TPS like internal (simplified) format - can be converted to other format by using TET - Orthogonal projection of the preshape data to the Kendall tangent space
-0.0024007521168477267 -0.0036545117160995803 0.0070445991354958501 -0.00039647385834562531 -0.00052146462279120502 -0.0059776646540533294 -0.0041410655719366033 -0.0029144127633155322 0.0024950759020454247 -0.0055595469330190469 6.9690895923621606e-05 -0.0037733917847352673 -0.0037727088596857857 0.00080014598398050639 0.011271337727421775 0.0029013987118992409 -0.0054975005781414937 0.0027410534282925674 -0.01312990044852359 0.0089318718068938565 0.0050107949001204286 -0.001273776912079398 -0.007232072504032792 0.0030278463352815034 0.010803966140951953 0.0051474623553003918
0.0020279364095009845 -0.0035237310912809442 -0.0081680347460658439 -0.00073939231174003067 -0.00023024166002393043 0.0034737486500926559 -0.0063581345807585433 0.0026694603477517868 0.0028844537953776677 0.0027878365343303696 0.0010278217532535324 -0.0015485820204924649 0.00025382528866078197 0.00018443617187964608 -0.0018417338448469768 0.0020925717797613372 0.0064691430222123276 -0.0019577113077408155 0.011435498918831504 -0.0049080925834519883 -0.0050075263545315872 0.00063512400996266799 -0.0028607419980174326 -0.00038903087867345199 0.0003677339964077344 0.0012233626996016322
-0.0062107968704041769 -0.0040354624395625141 0.00049692123833371907 -0.00019607208975775964 -0.00262705286100531 0.00021299513096124803 0.015602645577499571 -0.0034290585770993245 -0.0058761113462375324 -0.0036229602553830725 -0.0036106943835816779 -0.0023807058969591249 0.00012587816495910828 -0.0036532749264755753 0.0011484862657355197 0.0020650694904964535 0.00048114521738417369 -0.00022608130371413559 -0.0015876708020692964 0.0044736594534260593 0.0080186683803114278 0.0035853371725785279 -0.0018756285425756984 0.0016853252230568515 -0.0040857900383490077 0.0055212290184313562
-0.0087309255652617858 0.010390795115694348 -0.0037124328427408076 0.0018981820727816234 0.001995002240549684 0.0074872193687648882 0.0098309861922655679 0.0033885101460052842 0.0036214128372628216 0.010632100040023304 -0.0027563906423339543 0.0090685968134069875 0.00031804548405309175 0.0010623922196172713 -0.0029854602422867906 -0.007284907569883238 -0.0081660033447207327 -0.0070206998205619899 0.0065119458856057136 -0.013060152791309152 -0.010421777724369891 -0.0011881964484261021 0.0080219675767330637 -0.0089719164241679576 0.0064736301452442083 -0.0064019227219452995
0.0053249444276161247 0.007638434693111578 0.0049313387477920665 0.00073268164520948393 0.0021100547392680761 0.0020016723820374411 0.0049259275229101927 -0.0022288327872906234 0.0011722325298721631 0.0022039294915815986 0.0010308733102841186 -0.0017894968983791695 -0.0043068609083144783 -0.00074218601743600982 0.010790984319912223 -0.0027214237076384081 -0.0047009125777689592 -8.244680006058323e-05 0.0013546689275665826 -0.0016719041532629194 -0.0049943491655498815 -0.0008447731489355019 -0.0073795427718020626 0.00044229086291454984 -0.0102593591017851 -0.002937945561851299
-0.0072852917513358036 0.0057173753725991757 6.9188911464637681e-05 0.00018835047045981574 -0.0019929087860195583 -0.0023242926739664009 0.01413311283755931 0.0024799086984695646 -0.0017019100545083727 -0.00047131810558306635 -0.0043767333869219813 0.0027164861135247163 0.00056441832035514011 0.00038086945956671876 -0.0055465136367666172 -0.0018638855592266004 0.0049705273642523772 -0.00041530064341586124 -0.0019805097626697681 0.0014226952053458116 0.0084910597693654832 -0.0027119970115313404 9.2973133211994054e-06 0.0012729804764632007 -0.0053537371380960666 -0.0063918718027058813
0.0057401004297739366 0.0038801077135232633 0.0011039904275997993 0.0011677363923431883 -0.0011772542003216386 -0.0020707322698556006 -0.0045444647899066503 0.0015091946400985941 -0.00082844637136206614 0.0014549947389946652 0.0014718855098411051 0.0032950317380647707 0.0012738242580647985 0.004213956253672279 0.0038991186129627747 -0.0029533630479743936 -0.001199297369564545 0.0018028072590945674 0.0061000793266928963 -0.0043781046597651651 -0.018248163287198749 -0.0052878407136137612 0.0014159755101832761 -0.00033128272381328277 0.0049926519432352337 -0.0023025053207688939
-0.0022220015901903856 -0.0020359762822029989 -0.0017661926062812611 -0.0019933291011567343 0.0015974841959166442 -0.0016140008639577549 -0.010523851153368451 -0.00049859221910204463 0.0031027152321519433 0.0019641488135118184 -0.0020546834935203833 0.0014605420877720798 0.0024622540488054108 -0.001070699692212693 -0.0023754223430656153 -0.0019012739809746489 -0.0039003613603502555 0.0032696953598044154 0.0020639554058642217 0.0016002460946443807 0.0028978386361369277 -0.0011276368906817102 0.0071861256785398162 0.0035925149506451405 0.0035321393493621153 -0.0016456382760892396
0.0053074954611879461 0.00019464912288531518 0.011517477296510037 0.0010271957796228837 0.0025192132588158283 -0.0005234700604392795 -0.01096412545522152 -0.00030440016180299637 0.00031462966539891769 -0.0022593061701322022 0.001605052423574135 0.0013343438621712638 -0.0034992105698159717 0.0010816309574613375 -0.016590678179218783 -0.0034633271576679143 0.0029921386560692138 0.00076038754303954059 0.0046998864464735564 0.00042169431156198326 0.0040599083444832268 -0.0014035321869878439 0.0024443006776237296 1.0072591640154479e-05 -0.0044060880258800844 0.0031240615686471407
-0.002219115927213992 -0.0034166097316865392 -0.0079951595388291913 -0.00023332104424374526 -0.0049275163696766485 -0.004560384789457481 0.0022402003501335709 0.0029150659628990223 0.0018251219150449676 -0.00046050312104698962 -0.00022537484028791865 -0.00034556809446155195 0.00020734009306862386 0.00072003124407518724 -0.0018821017178822872 0.0035708979116316764 0.0048174152367545693 0.0017937503451560734 0.0053576522784571697 0.0027873867686615751 -0.0045816315859483715 -0.0026634453236750021 0.0042762115423187683 0.00086409484493762262 0.0031069585640607507 -0.00097139497278982134
-0.0048084250892325413 -0.0068802963882550515 -0.01101110476988776 -0.0035078913254321638 -0.0074943705893824267 -0.0040017705319426982 0.013863826654867534 -0.0042062691030832896 -0.0055784228610695537 -0.0041596617790538373 -0.0053677508545038419 -0.0021407216429473797 -0.0011296781261808547 2.1704734157556031e-05 0.022020601530361072 0.007283623559680044 0.0043593623269186296 0.0029119292583976351 -0.0022572951360786036 0.0048552592444808425 -0.0030261092667370855 -0.0015004577837317878 0.0063322122699520766 0.0037363358164987075 -0.0059028460890272402 0.0075882159412315742
-0.0026984448248067519 0.0010438529950415932 -0.005208267822079754 0.0019497388511023359 -0.0095790458824819499 -0.00084313458245006945 0.017942148673785199 -0.0030363957019256893 -0.0062915143975247802 0.001341138508905405 -0.0062184779843140539 0.0013533790722795752 0.0018979710342822385 -0.00046929494482319937 0.012119813510764424 0.0013506580950992536 0.0058217242765751884 -0.0029452251819667269 0.0071691152737318881 -0.0029482946077758407 -0.0029159613059332543 -0.0011363402777842908 0.005281605739514833 0.0012215053532247011 -0.017320666291512597 0.003118412421073441
-0.0011101521398024384 0.0015918239722972495 0.012938863972830634 0.003457142381638707 0.0067164803673577869 0.0053256212995410977 -0.013427722025190722 -0.00023059172197912106 -0.0026529142328697436 -0.0018013503372134709 0.0015728405837117511 -0.0015829201670420853 0.0045253751978638389 -0.004976374278064106 -0.00541824811012171 2.9884775739056135e-05 -0.0033371125001818193 -0.00061087270739624568 -0.01393507741666718 0.002276240374918216 0.0067264887054370075 0.0025145598911890418 0.0040447294074250906 -0.0029858377182774521 0.0033564481902074741 -0.0030073257653509128
-0.010166614276939821 0.010189294521383016 -0.0026877507638277476 0.0037467564860628735 0.001508731907713356 0.0086044735972952615 -0.00021171094617851178 -0.00096017909060337032 -0.00089841891131987222 0.0082041789267226269 -0.0030904282590045783 0.0045281286489083396 0.00058666884751887478 0.0028575040657867587 -0.0057315036768432774 -0.0021591515041840693 0.0010033602280241942 -0.0019291373746853978 0.010527089534912559 -0.0095658850819796623 -0.0086429128099494573 -0.0024838075472529528 0.0022629462399192217 -0.0092207203260421498 0.015540542885975317 -0.011811455321411049
0.00044997775807041791 -0.0065627147234618953 0.003017137653071694 -0.0020748807786749972 0.0010720439692014291 -0.0044310580428489257 -0.0034064871982439908 -0.0027122310028450504 -0.00035016927630804068 -0.00178904745029836 0.00033313669401175122 -0.001431452092290837 0.0061634940161582955 -0.0021819163076273896 -0.012006567120408838 0.00047739136981942603 -0.011700595381528737 0.0061167989531274811 -0.0010285326789596582 0.0054536165561386383 -0.00058253587186138205 -0.00018667532304236854 0.011237974267440203 0.0042179984202562896 0.0068011231693586851 0.0051041704217482942
0.0077035890934097663 -0.0080433672801231895 -0.0044682108022091908 -0.0048721406205421095 0.0023234560063876003 -0.0066377811478226367 -0.0075920712130845966 0.0024310764400926783 0.0075616701176242449 -0.0055654718867949862 0.006161080737527325 -0.0033631650804926039 0.00014025237772009088 -0.0024805611968536511 0.0071637679013119848 0.0027497427315336643 -0.0070881966971636182 0.0058709289167542221 -0.0014077466960103102 0.0031511896127743989 0.0072791481295384061 0.00046965727340488169 -0.011017242889263586 0.0071102086832417581 -0.0067594960657871737 0.0091796835548275946
-0.00070540511596527654 -0.006342556937197286 -0.0082702187756581377 0.00036297348555395224 -0.0043127799117623463 -0.0035569352819444988 -0.0028004476481710613 0.0019951160888268468 0.00034945435155356308 -0.0098023889005500343 0.00708622668650095 -0.0043327159204297238 0.00027861285603623942 0.0021970820995042928 0.0088645362168080014 0.0057405436043296461 0.0022344819955775704 0.0023827374106619708 -0.00485361994378097 0.0068200520086667254 0.0040888729478158296 -0.0028594666293743735 -0.00098839073781999522 0.003494401470143189 -0.00097132292113368164 0.0039011575018092215
0.0048443850303052909 -0.0037919451975206219 0.010096271947484263 0.0038515455391449922 0.0079254634500045933 0.0012323301823752393 -0.010606476211346883 0.0022555172534902898 0.0010541437718735872 0.0015612920187199945 0.0016900879851762642 -0.0047292991109158678 -0.00026559108187678782 -0.0009409126265675651 -0.023982965483091496 -0.0010856287641754581 0.0045318653975182956 -0.0035057599134835152 0.0073732544563728528 -0.0024873580399021231 0.0051089958530154125 0.0069553091117242876 -0.012425866076883972 -0.00098010906680359917 0.0046564309614478203 0.0016650186139134937
0.0010956574406059891 0.0068821706899075859 9.1229801978798437e-05 -0.00056229905243026981 0.002199380544235352 0.0009725293221948515 0.0034551351923977902 0.00080806367209785538 0.0014634837896729085 0.0030987627731441062 0.003164252442146374 0.00070411054886618469 0.0017724019708664218 0.0027764523832843266 0.0023836419658924517 -4.8115620379045969e-05 0.0031501061796264432 -0.0022567588754202994 -0.01290326753518572 -0.0012053308035071203 -0.0064932221532576486 0.00037203640760290028 -0.001400803319372246 -0.0042163529102850119 0.0020220036803932427 -0.0073252685350761182
0.0053730349059217808 0.0055070168613122151 0.007633406391644974 -0.0063601941781950642 0.0073783536449821474 -0.0017497577350725579 -0.00061614444510465246 -0.0035858219684475143 0.006158859858558176 0.00064049818850545146 0.0026457420150436863 0.0035570098758999453 -0.0045420612198779024 0.00086459536563447984 0.0013111930867174344 -0.0028927915359434381 -0.0018162541312891464 3.8155169748759973e-06 -0.014336374266603709 0.0011380599252209431 0.010369807591406141 0.004505809426032556 -0.0090483551374828924 -0.0005560279405903896 -0.010511208293915787 -0.0010722118013315185
7.8850441693258458e-05 -0.0047228312051391056 -0.0022251471288405127 0.00083822195733488833 -0.00070368619721947277 0.0076982638045223362 -0.0076688804172674856 0.0021178083841703501 -0.0038798107193603769 0.0007679438735111292 0.0036938399424081446 -0.00097418992385123367 0.00031007343026444529 -0.00058899679990969604 -0.002724689263197657 -0.001969189460189908 0.0089822045595633095 -0.0060729383630884516 0.005790402600068593 -0.0019023311511889673 -0.0022917924783397506 0.005782645158733655 0.00041115069243317752 -0.0012736941759189722 0.00022748453779306661 0.00029928790101366176