C:/Users/vmc04/Desktop/Wing saga/Lab reared wings for landmarking/13/13 landmakrs lab reared txt files/APRMA 13_Format - {Aligned specimens} - 1 25 26 0	from C:/Users/vmc04/Dropbox/Homework/APRMA 13.txt - TPS like internal (simplified) format - can be converted to other format by using TET	
-0.69814592859532754 -0.071139430483673882 0.21295931228821943 -0.088073883078950602 0.23549919565964925 -0.05578437414966838 -0.0047646456723921815 -0.089765928450570201 0.25088352681902742 -0.023738828613190755 0.23322630541553035 0.00037451254529620096 0.20017244858648203 0.024321110019855863 0.021572368665522174 -0.00075238633183679531 0.15320589014388958 0.057106394923753835 0.0557520634063772 0.078857321863071789 -0.31328710921024705 -0.023273177213413727 -0.085919809010172349 0.094802344439770148 -0.26115361849655866 0.097066324529556297 
-0.70069272504168545 -0.064715765924549362 0.2245910024344096 -0.079093474694547583 0.24059570103533531 -0.055149469113716973 -0.0097975826360823647 -0.096069610415210061 0.24949253477066322 -0.022465674927492275 0.23737941563189274 0.004208673228327544 0.20477414401063465 0.025893471623968354 0.009675122113349045 -0.0071815897755798559 0.14304686289244734 0.0533840059182712 0.045968263065019346 0.071883927936456149 -0.30246114718924955 -0.023168789714832955 -0.081252242529564103 0.096707386244912624 -0.26131934855717048 0.095766909613992646 
-0.69902190126743702 -0.060929855917074366 0.22299823026750004 -0.072269497712006706 0.24240277984492761 -0.04451131024440453 -0.018307266340859121 -0.091318231038494624 0.25042547751923533 -0.022333429523724118 0.24121522884165017 -0.0011112581756046959 0.20610866214900994 0.026636326070557624 0.006982022145757532 -0.008004722564552938 0.14438190969946996 0.051975163849749539 0.053813818974920637 0.069689533091331649 -0.31912896610208802 -0.025301288245083702 -0.0823312286546828 0.086669431369629263 -0.24953876707740533 0.090809139039677911 
-0.696227684731064 -0.064213909579636005 0.22658900511702856 -0.076504653963857694 0.24340996649538543 -0.050187097740811162 -0.029357838768273626 -0.088373978851285076 0.25104252564085017 -0.02664611236080398 0.24598305960102002 -0.00092397065270860741 0.20642893311207863 0.025345692141675473 0.025751603920439986 -0.0017648043223497101 0.13853167838074565 0.053667849675425192 0.043224801259477308 0.071583853226359795 -0.30982706731470216 -0.023777008003769029 -0.090651827063923857 0.088697988519249052 -0.25489715564906268 0.093096151912512207 
-0.68911504574116433 -0.067261641697782926 0.22172336064696641 -0.078765873579382792 0.2420753326185705 -0.054053493715067805 -0.03177206754461067 -0.089214904077482185 0.25225156159048812 -0.024910683180628949 0.24546805690551773 0.00042509806916190483 0.20715341329644066 0.027041964520263459 0.021496433760183196 -0.0017521900438063045 0.14512981377586509 0.05244776854746689 0.05434391226042283 0.072904531699074099 -0.31537847584862155 -0.023518003188077681 -0.092547406377541275 0.091181576876556966 -0.26082888934251702 0.095475849769705315 
-0.69632787437450172 -0.067725428708655055 0.22170755368100209 -0.076864415825860621 0.23930594963035828 -0.057389248840497592 -0.017852970844569254 -0.085204676366880408 0.25113749293388171 -0.033437218897179322 0.24673450868013605 -0.00048891475054187682 0.20410683453662615 0.025615288499427475 0.020562024741022443 0.003770560380331751 0.14050126228283441 0.056057491974520084 0.05135583238598878 0.075669198497695017 -0.30985940224335512 -0.021722500689766649 -0.093399941912935228 0.092465748466859857 -0.25797126949648891 0.089254116260547439 
-0.7004256605725212 -0.069545111577482999 0.2209080956461664 -0.076249906702928485 0.23935035459848286 -0.052499551467814209 -0.018912745378856798 -0.086503394296900571 0.2492468085578666 -0.024949991566577644 0.23975360790424627 -0.00025997224846774261 0.20532726772265505 0.021545421307760073 0.026945916003227387 0.0038942058115857933 0.14187529277959948 0.049615928830844307 0.052014103448345429 0.071170470599518976 -0.31514864797067849 -0.021747159853547523 -0.089868630071149647 0.092063175697184946 -0.25106576266738329 0.093465885466825299 
-0.70240765036742792 -0.068176969165583259 0.21441308414556956 -0.07737226354181366 0.23737386926901227 -0.050637661954834844 -0.025751572647595374 -0.081939838706236737 0.25023749343809976 -0.025951417250387174 0.24248748275808507 0.00015982332348968734 0.20915317687842871 0.022833031850097933 0.021570889559001855 0.00089869292587390368 0.14723996060197123 0.053375100285537401 0.056664305404587924 0.073196646753520195 -0.3093364794797967 -0.021026099523142442 -0.086972456821334684 0.08856159113045628 -0.25467210273860319 0.086079363873022979 
-0.69239523414045245 -0.056758093025688558 0.22257574026900484 -0.077349126743815735 0.24056280825441148 -0.054639884721273853 -0.0014079585694275821 -0.092288873272559885 0.24675095203450861 -0.023657298553049162 0.23691207989275428 0.002298381432374244 0.20206708058278783 0.02478942778730394 0.030456723099347233 -0.0035692064844271803 0.14782347908605811 0.051293625634926579 0.047673822111178842 0.074301088915606953 -0.31383869298677525 -0.029794715736494535 -0.093448031524630645 0.093750871200211736 -0.27373276810876596 0.091623803566885528 
-0.69783003776213992 -0.064794623830108852 0.22097846441683602 -0.074063028413428642 0.23617722293670476 -0.052387616111370078 -0.0060981709082123603 -0.087841282462128314 0.24350572488029973 -0.028622026878833719 0.23690001696823937 0.0017494975264111829 0.20642543106761646 0.025386259889725097 0.024454392895888428 -0.0012426947492723518 0.1478243171959418 0.049229599765091232 0.059729065193623795 0.075240639953116903 -0.31858614140343677 -0.020103772525429699 -0.091534816930936541 0.089846567613914019 -0.26194546855042494 0.087602480222313456 
-0.68661490034694617 -0.062059811483521896 0.2249951421403816 -0.073658025204518154 0.24186341530967456 -0.051103538861196784 -0.0095303638119712576 -0.090717352987982516 0.24856009786892386 -0.027780452505126223 0.24476928908623852 -0.0014986128300498859 0.20639930259279862 0.024267072113237226 0.016793091235678136 -0.0019632645421580573 0.14909711226428932 0.049537754141711965 0.050803234672201637 0.072249502589598086 -0.31771086679171767 -0.02338243538253882 -0.10178120038694774 0.091601989718680984 -0.26764335383260385 0.094507175233864302 
-0.68331086591997081 -0.068696039279460372 0.22648443194774506 -0.077460761454992755 0.23990363569828846 -0.056086876068866448 -0.032231170436344957 -0.085193939495458934 0.25153535117994441 -0.029519862535636276 0.24124245770477526 -0.0015633777689065664 0.21173585953424831 0.023800890168901242 0.016108504372672319 -0.00041845818120974098 0.15225660795227447 0.053816257172374198 0.05022424687111178 0.077003714295167322 -0.32180012863243573 -0.025357107907303347 -0.088532703661658566 0.098497045968112124 -0.26361622661064937 0.091178515087279671 
-0.69632468280646331 -0.064606791754120527 0.22644691501644618 -0.076459288078136498 0.24211858258675975 -0.053868957047287225 -0.016565258602359682 -0.088559073551062462 0.2481751073931272 -0.027119316642567243 0.24072360135198262 -0.00016944576574981607 0.20455904865541386 0.023554419262000588 0.017408365023470471 -0.0014237552767322364 0.14636927390897048 0.051804130189974859 0.052113403684530796 0.073467789765924968 -0.30186138450735683 -0.021704803808556973 -0.096939929383029463 0.093570162052842062 -0.26622304232149263 0.09151493065347005 
-0.69864459422741931 -0.06774442179374468 0.22207757692912272 -0.079483148123898534 0.2358115175012685 -0.053226770994103889 0.00085418184148103478 -0.091999411409652829 0.2424748436405999 -0.026461806946712404 0.23364897620296685 -0.00095177605546569648 0.20133915847555151 0.027431980299906258 0.019080640185732786 -0.0032859401233288994 0.14983531098223218 0.052458225480327046 0.058095119397097945 0.078009591716192025 -0.31856186665347569 -0.020458076881827322 -0.085419747278001459 0.091886166257069954 -0.2605911169971582 0.093825388575238505 
-0.70214374352420861 -0.061400853127014862 0.22129308829184099 -0.070748677921390626 0.23678062958335711 -0.047695304678755074 -0.023438425617360106 -0.090772768743813223 0.24274530901018834 -0.022008390740029474 0.23301880085992382 0.0046008547710528376 0.20766898722775673 0.024140530249494026 0.021357473807114519 -0.0029274230146284583 0.15287274110283761 0.048406540527977694 0.064758177162287628 0.071635542295844803 -0.31909661049800858 -0.02723300190049615 -0.08105539181063727 0.088040794820903087 -0.25476103559509272 0.085962157460855559 
-0.69586181532062275 -0.067743319268250252 0.22181833538117002 -0.079090902440608998 0.23937284659692842 -0.056715020183805177 -0.020636722728215536 -0.087467104464189774 0.25218242454487039 -0.029519702302802264 0.24611289617462254 -7.7701229234599829e-05 0.20795411194278951 0.027864575632443607 0.015144756327593781 -0.0013113466628225166 0.14005338179501106 0.056155175296191025 0.04246101910782444 0.076278568109891462 -0.31551148926957417 -0.026847294557247808 -0.083025242481349057 0.094402973780021673 -0.2500645020710483 0.094071098290413574 
-0.69848458452483042 -0.065356583025478837 0.22047390962106839 -0.077753851085764852 0.23989139815789748 -0.050460273779228758 -0.019847077160963091 -0.090751507374111973 0.25180860165065921 -0.024939990405409951 0.24254284907076382 0.00085169917720662668 0.20788468982455952 0.029087371817646632 0.0035397613482763715 -0.0065546691041899821 0.15322577046084318 0.052594260637506517 0.042845786088885944 0.075070309400398952 -0.31638498298749612 -0.026757725037138538 -0.085562023009712024 0.091172157117503538 -0.24193409853995185 0.093798801661061026 
-0.68855662812557428 -0.068991104928229935 0.22220973259984297 -0.075836640294033669 0.24239740709880342 -0.054516186221641609 -0.020136073846815355 -0.087916053666628718 0.25042052075165705 -0.028062046161117783 0.24636850352472875 0.00024882236874696509 0.21622006610257063 0.023474974476302004 -0.0038620170426378777 -0.0033007075418272185 0.1476615976952044 0.052211692014330693 0.048637432400887116 0.075744453174951543 -0.31812202897005021 -0.023901495211122656 -0.09071311232552827 0.094897287232124108 -0.2525253998630882 0.095947004758146701 
-0.69022893650528228 -0.061730326710472377 0.21263334313060192 -0.085205302535068986 0.241179111493705 -0.056378628769600175 -0.018216092812783184 -0.091479440810599555 0.25324322652539344 -0.023201019231017028 0.24301604336783103 0.0048422932060053752 0.20589091232658979 0.031171182636992371 0.01731712409051276 -0.0027915124986233391 0.15271273370544314 0.055126520870173862 0.052463146287858663 0.07608161884279302 -0.31950872203717584 -0.030674353559168841 -0.093069576745556451 0.092462506249997148 -0.25743231282713858 0.09177646230858881 
-0.69689357127026963 -0.073983325028515498 0.21723611974028287 -0.081975271909313321 0.23745170366098758 -0.058472909584684776 -0.043624766022643029 -0.095036672909283151 0.24729190106360882 -0.029229593033145911 0.24062927533851144 -0.0010499421094815207 0.20573742977883716 0.030938251127468737 0.029468421999341708 0.00066070004981798618 0.14893872033634631 0.058387793593545873 0.05556359797511936 0.083323522421149071 -0.30623321326164327 -0.025197475887934341 -0.079887759580241594 0.09647992932945669 -0.25567785975823737 0.095154993940919766 
-0.67604032382948975 -0.068738468802985883 0.22676549057275155 -0.085556868401566705 0.239373070683395 -0.065175668547574395 -0.018173425955404922 -0.092946769294814241 0.25454628912056793 -0.031990277773249975 0.24912729646667078 -0.0032024244646742745 0.21164507370267335 0.027748245266127167 0.012489527774558525 -0.0010683113815770709 0.14691438062601814 0.060962436895230614 0.036491422140471089 0.084153887310072645 -0.31061730646181979 -0.023693735048368195 -0.098724674092206671 0.10059317316971456 -0.27379682074818557 0.098914781073666025 
-0.69487751962240607 -0.071946078390831864 0.22112381085034155 -0.075704653650528739 0.24013288185696763 -0.056951827177003519 -0.042786960619124632 -0.087881181322893048 0.24976553962683135 -0.02869446520016513 0.23740563310757279 -0.0014518138626903976 0.21031359858030022 0.027442736949220375 0.016125901864639438 -0.0015021850052452893 0.15348199145792726 0.05718573204200094 0.058337853697257441 0.082274262331877915 -0.31704386687741321 -0.023813592020634801 -0.086973077150126074 0.090114671310143377 -0.24500578677276763 0.090928393996749998 
-0.69839637171691793 -0.065917817370833187 0.22952274087910118 -0.073888441780617028 0.23912016925330171 -0.053699641733814127 -0.017633562591894289 -0.089874360268434636 0.24644801798337321 -0.027128078453939053 0.24093934429741454 -0.0015260295717645159 0.20330386659643743 0.023437055761437411 0.020235895731114773 -0.00091607642792902559 0.14273746645602869 0.052229340884039084 0.048365933780151547 0.074992697146888845 -0.31039330141901961 -0.021419016055521333 -0.084136902869794611 0.093783716344458187 -0.26011329637929564 0.089926651526030299 
-0.69591587832113733 -0.063763592804632008 0.22371317560153178 -0.074579420308787683 0.24165340802332419 -0.050280180278014251 -0.027917256101802734 -0.086901119157900428 0.25208071538653576 -0.024690763462631309 0.24314135420833557 0.0025228588727719695 0.20381626406039913 0.0230434448637836 0.025342054347134529 0.0043463889292850357 0.1462628509122928 0.047313096213928839 0.0498546356866695 0.07052070642854015 -0.31513850693425371 -0.022727086230881849 -0.088823418240193644 0.086291695990277056 -0.25806939862883538 0.088903970944260793 
-0.68923969612629254 -0.067929803344934828 0.21445918375465658 -0.078272003758376188 0.24198633630012942 -0.052469380825946599 -0.029668228823781586 -0.089082378903851192 0.25268587161665618 -0.029863550690438067 0.24771574791834625 -0.0018657702344490391 0.21747400865045238 0.025166768528403296 0.010693237109448125 -0.00051675458764015335 0.14629099479813765 0.056626015918599608 0.04545762849310394 0.078965512828548884 -0.3189353440569232 -0.029313534720307059 -0.088102124156910253 0.093693086478217114 -0.2508176154770228 0.094861793312173856 
