consensus aligned to its principal axes - from coord_Aug10_Format.txt
-0.67440569939666994 -0.036779933297482109
0.22264600607466162 -0.08954021878265131
0.24099274671151016 -0.065670846260700355
-0.041355691336118917 -0.091429025704959407
0.25021027150386116 -0.038057408140845447
0.24543164187671968 -0.011097705457286921
0.215620362277852 0.014420617216629301
-0.0013579403442885718 -0.0018772227217665649
0.15622573217422941 0.045811434426996825
0.060988941648858125 0.077092005688153886
-0.34045105650072888 -0.014236857776836212
-0.092007182009523333 0.10320313486638281
-0.24253813268036253 0.10816202594436544