C:/Users/vmc04/Desktop/Wing saga/Wing field landmark repeat/13 landmarks field repeat/TLC field collected/coord_Aug10_Format - {translated and scaled (first one is consensus)} - 1 54 26 0	from C:/Users/vmc04/Desktop/Wing saga/Wing field landmark repeat/13 landmarks field repeat/TLC field collected/coord_Aug10.txt - TPS like internal (simplified) format - can be converted to other format by using TET	
-0.67472311407579255 -0.037503962723732721 0.22276783152975782 -0.089430079004395646 0.24111696008746378 -0.065558241238616963 -0.041363441635016408 -0.091121728707286437 0.25024584480460704 -0.037893493931282628 0.24552328088626973 -0.010899382826637275 0.21575827768668152 0.014552666590387696 -0.0013913152726446585 -0.0017885691448961006 0.15632063435733687 0.045879810405820287 0.060945725292277902 0.077076441187795469 -0.34061376421036782 -0.014524633317520817 -0.092043660419366194 0.10312383082666869 -0.24254325903120691 0.10808734188369651
-0.65934585522277733 0.077109506238781086 0.20366782387351304 -0.12315392442330694 0.22690280754149009 -0.10545107972389581 -0.088429113666769796 -0.076683957087352858 0.2401799410660484 -0.081109668262205573 0.24460565224090131 -0.051236117831949403 0.22026424077921095 -0.018043284020553649 -0.015404879281699096 0.00076598847257062597 0.17268784564954379 0.017362405378268549 0.087492905533627902 0.063832372714222638 -0.34512036180823047 0.038384533458819238 -0.062981274411366348 0.11472805122502955 -0.22451973229349259 0.14349517386157265
-0.6768021836064414 0.074447548947414663 0.20115354450972761 -0.12414837317507596 0.22990951513379893 -0.10078414704301823 -0.057650191106911691 -0.085507537648980489 0.23979438003582337 -0.079217169074964955 0.2370985077898165 -0.04506945395888063 0.21643015390376563 -0.019907979662818438 -0.00013824985876959738 0.00076037422323269933 0.15891821265562342 0.020530104027281518 0.076244797111419002 0.064562684045390326 -0.3362236565276 0.031313593011308129 -0.069332304172940576 0.11758150488352129 -0.21940252586731132 0.14543885142559004
-0.62636954529489886 -0.25778821262106733 0.23644413299211406 -0.0038464595797758697 0.24526836379277669 0.027528583267024544 -0.010634329426439632 -0.10091299838706493 0.24428789370381418 0.053020805580049922 0.23350272272522651 0.075571617626187707 0.20408862005635109 0.082434908248925229 0.0050531919969604919 -0.0028659894908134665 0.1325143035620874 0.09027866896062535 0.041330585288573592 0.089298198871662834 -0.32242381771651935 -0.12934663096697788 -0.1224079195681663 0.059884096202787514 -0.26065420211188078 0.016743412288436805
-0.66390236179481066 -0.11938879000968321 0.22525643994598044 -0.071705194963647009 0.24956572369494023 -0.038046186695856882 -0.028121094514328954 -0.091339616453191344 0.2579804757618876 -0.0015822610724175023 0.25143566859870625 0.023661995128425199 0.21590671542714993 0.044231389069852516 0.0027329963978120616 0.0012226562832317342 0.14391383663215424 0.068540672818812112 0.038261949569368223 0.082565259597057988 -0.33385708628009009 -0.060485525541050321 -0.10665878047250613 0.090980011664005531 -0.25251448296626378 0.071345590174461126
-0.6642263350844102 0.12702619014968958 0.19783284362853554 -0.13948437639652445 0.22243381900203221 -0.1189835635852772 -0.059452357152617062 -0.079006978603345115 0.23268422540765604 -0.098482750774029973 0.2337092660482184 -0.066706490916596736 0.21423349387753354 -0.038005352980850636 8.0116869911151242e-17 0.0019712320010814828 0.15990633992772826 0.0081214758444556525 0.082003251244988862 0.05834846723201137 -0.32493788305826865 0.063473670434823201 -0.07175284483936531 0.12190098694687782 -0.22243381900203243 0.15982749064768512
-0.67253005130983123 -0.0068174484425971528 0.22250353708256657 -0.099339963020701375 0.24003411879210218 -0.080835460105080581 -0.044350873384807789 -0.088626829753762987 0.25172117326512572 -0.052591745128606669 0.2449037248225287 -0.02337410894604738 0.21276432502171339 0.0048696060304265374 0.0043451869194575865 0.0029217636182558948 0.15530297386268041 0.037982927037326968 0.056936932048064361 0.074018011662483313 -0.34431860485908244 0.0058435272365118173 -0.092073012482987729 0.10518349025721314 -0.23523942977752793 0.12076622955457814
-0.6745265504041611 -0.04818603723844319 0.21948817933044887 -0.094812655796030557 0.24178786646668632 -0.067444857947011883 -0.039999089163950362 -0.097853522223699307 0.24685597717946756 -0.041090682240549459 0.24381511075179893 -0.012709262248974529 0.21644731290278013 0.016685779885156699 0.001559418680855745 0.00046782560425668462 0.15968447291963017 0.050135310589512802 0.05224052580866799 0.082571219151312714 -0.33597675479037475 -0.016763750819199577 -0.094734684861987814 0.10892539485777515 -0.23664178481986245 0.12007523842589389
-0.67137575502199742 -0.095176470143489636 0.22065052366326196 -0.078976219906299897 0.24292586773939806 -0.049613266351393528 -0.052728699089314664 -0.096188985783314043 0.25203850849781706 -0.012150187677892289 0.24697593029869538 0.011137672038067946 0.20951285162519412 0.039488109953149921 0.0039721767408494443 -0.0040500625592974539 0.16496216347292239 0.062775969669110185 0.053585443092242876 0.088088860664719229 -0.34230817207908115 -0.046575719431920438 -0.093229324682288978 0.094163954503665312 -0.234981514257699 0.087076345024894794
-0.68236717206852437 -0.042956334098741604 0.22225549213588819 -0.083518142816979071 0.23640496029341276 -0.062765589519276174 -0.052244190120091245 -0.087291334325652323 0.24866783269660075 -0.032580057449890211 0.24300804543359075 -0.0089976105206823666 0.2184823006272146 0.016471432162862096 -0.0079091898931804207 -0.0023945253805041744 0.16282772587428423 0.044770368477911548 0.070384533911789504 0.074012602670129268 -0.33523355327058518 -0.020317185046702126 -0.089976105206823684 0.100424943230842 -0.2343006804135756 0.10514143261668363
-0.67635997539991843 0.019519898212765285 0.21705766998803083 -0.10911353240591849 0.23693738199273667 -0.088064425577406638 -0.048394955015980262 -0.090403215225019068 0.24746193540699238 -0.062337739453669876 0.24863133023079859 -0.034272263682320621 0.21822706481183693 -0.0038679982633590048 0.0030584172314932034 -0.0085455775585839364 0.13636942714540198 0.041738399865083403 0.062697553245610313 0.072142665284045018 -0.33255789720089085 0.01835050338895907 -0.075291035963523309 0.11073269446965012 -0.23783691647258745 0.13412059094577441
-0.65263231887199336 0.049320489153871154 0.21321626849596573 -0.12275321744963465 0.24061654024811632 -0.094256934827398053 -0.05859442728536824 -0.093160923957312083 0.25486468155923464 -0.064664641335075448 0.25048063807889065 -0.037264369582924776 0.21979233371648199 -0.0065760652205161607 -0.011465959871669136 -0.0065760652205161607 0.1649917902121808 0.028496282622236628 0.061966768424094362 0.070144695685505548 -0.32273304697610011 0.023016228271806445 -0.10462688382898121 0.1172731630992046 -0.25587638390085271 0.13700135876075289
-0.66992112533643422 -0.067074210710767912 0.22552369256117449 -0.079881526342199805 0.24366738970570279 -0.054266895079336075 -0.024218962251746107 -0.094823394578870207 0.25220560012665749 -0.027584987513853014 0.24473466600832211 0.0033660252621071211 0.21164910062712336 0.024711551314493495 -0.0039407125019790407 -0.0062394614614666912 0.15615073289091877 0.055662564090453816 0.052624931536844825 0.083411747958556118 -0.34440185303754201 -0.033988645329568988 -0.093591921922001942 0.1004881688004652 -0.2504815384070419 0.09621906358998801
-0.67773644461698224 -0.045495845465449714 0.22126146178030376 -0.085911321520590861 0.23703335487499297 -0.064224968515393166 -0.061646870605684363 -0.091825781431099318 0.25083376133284607 -0.035638412281268891 0.24590504474075567 -0.013952059276071254 0.21830423182504952 0.011677267002798742 -0.0064452447742720416 0.00083409050019992565 0.16211686267521894 0.044206796510595302 0.073399964017592079 0.075750582699973756 -0.32878330989698318 -0.010994829320816996 -0.095162143431899035 0.10630862557093416 -0.23908066792093816 0.10926585552618842
-0.67004849106834852 -0.13505855722188218 0.23024610420007047 -0.060345312801266565 0.2461226686394514 -0.033261761698793385 -0.028448504606311327 -0.095834103901058912 0.25079224641573988 -0.010847788372608629 0.24518875308419369 0.016235762729864611 0.21343562420543194 0.038649736056049266 0.00050287760667724901 0.0050287760667722314 0.14899545089265101 0.064799371603264808 0.050000402035335165 0.08814726048470721 -0.32076407340197016 -0.049138326138174156 -0.11156698902424614 0.092816838260995724 -0.25445606897867368 0.078808104932130224
-0.67005701995580458 -0.033957153045335572 0.22384000884986482 -0.091014410203144214 0.23685306749989138 -0.06999331546079364 -0.049434222800692679 -0.094017423737765712 0.24686311261529639 -0.041965189137659543 0.24185809005759401 -0.012936058302984941 0.21783398178062191 0.011088049973987138 -0.010395046850612929 -0.0019250086760394048 0.17078676973821816 0.042119189831742766 0.067683305049546366 0.080157361270281891 -0.33772352212435747 -0.0049280222106609433 -0.087472394239231532 0.10518247405879444 -0.25063612962033371 0.11218950563957797
-0.66331519299174313 -0.085619745240956405 0.23640562991530761 -0.067068800438749174 0.25186475058381336 -0.044395423458273672 -0.037736109939532671 -0.090772785463791736 0.25289535862838042 -0.024813870611499374 0.2477423184055452 -7.9277541889675337e-05 0.21579346902396601 0.024655315527719848 0.00039638770944885269 -0.0031711016755909972 0.14262029785970423 0.056604164909298961 0.050896181893235082 0.080308149934341586 -0.3489797393987874 -0.032028126923468882 -0.10163380870269099 0.095767270602847551 -0.24694954298664754 0.09061423038001222
-0.6767351076844339 -0.068883316547544038 0.22464581060675481 -0.084610791675852656 0.23939031853954404 -0.059053644592351164 -0.028959725837222214 -0.096406398022084158 0.25020295769025624 -0.029564628726772488 0.2423392201261019 -0.0010585800567130912 0.21285020426052312 0.026464501417827049 0.0024952244193950511 -0.002041547252232353 0.15190623813832715 0.055953517283405738 0.059507321759513912 0.084459565953465127 -0.33171362205716326 -0.027598694335733882 -0.093835560741495266 0.10313594266833161 -0.25209327922010083 0.099204073886254435
-0.67250843448112685 0.008969696100756732 0.21483516026690527 -0.10668833654802518 0.23569152681012825 -0.085831970004802222 -0.058193638117104735 -0.088676019987968965 0.2489637600649065 -0.056443453512078953 0.24706772674279523 -0.028950970341466827 0.21862722691112743 0.0023335794733675571 -0.0060527217590473506 -0.0014584871708548022 0.15985019392568095 0.03835821259347999 0.062204477836955221 0.077226895696759112 -0.34639070307800401 0.0070736627786455331 -0.07999802132138327 0.10851144551159357 -0.22409655380183285 0.12557574541059427
-0.66623713981228339 -0.013272871802992614 0.22525741628871909 -0.095579933156032915 0.24211548909596831 -0.070788649615960569 -0.060338170092914672 -0.08963002510641549 0.25203200251199748 -0.047980668759093938 0.24509044312077699 -0.022197733877418722 0.22029915958070462 0.0035852010042565397 -0.01174725435437283 -0.0013730557037578775 0.15584182237651642 0.042259603326769438 0.064609898949050171 0.078950702966076577 -0.34494210513294543 -0.0073229637533752173 -0.079179545583369593 0.10870024321416347 -0.24280201694784731 0.11465015126378085
-0.67500914736557704 0.019205775696547345 0.20941682346043039 -0.11331407660962951 0.23438433186594176 -0.0873862794192906 -0.059464036291233195 -0.08354512427998112 0.24398721971421558 -0.061458482228951693 0.24398721971421558 -0.031689529899303147 0.21517855616939438 -0.0038411551393094639 -0.0085687306953825537 -0.0019205775696547523 0.16332296178871644 0.029768952329648463 0.073055816014943764 0.072021658862052682 -0.35139182687875353 0.018245486911720031 -0.071947790493989056 0.1152346541792843 -0.21695139700292193 0.1286786971668675
-0.67451333731560936 -0.057067843386751554 0.22571497476551752 -0.071729542280580996 0.24233156684519108 -0.050225717236297818 -0.035263265544646205 -0.091278474139020169 0.25015113958856655 -0.024812105820326752 0.24233156684519097 0.0006015055956442336 0.22278263498675174 0.023082777232849353 0.0096992777297641025 -0.0013533875901997183 0.15338392688929253 0.047518942055898461 0.058571607375862256 0.070000213693103538 -0.34218149572214229 -0.029699338784936604 -0.10172963386333966 0.091504038737386759 -0.25127896258039978 0.093458931923230654
-0.66940459344703873 0.10341437926014377 0.20072339064851519 -0.1288157246031966 0.22522023704760172 -0.10725849977200051 -0.06678217202950984 -0.07786228409309659 0.23599884946319968 -0.087661022652731263 0.23501897560723622 -0.062184302397681267 0.21542149848796699 -0.034747834430704297 0.0057284933117863427 -0.0053516187518005123 0.15760894098612288 0.0083666152316880064 0.074319663229228644 0.058340181885824488 -0.34604622097909649 0.060299929597751434 -0.062862676605656045 0.1161527393876688 -0.20494438572035789 0.15730744133813418
-0.67665380808062459 -0.018944001652672345 0.22228589011462729 -0.090110061093129731 0.24007740497474167 -0.070445755195108664 -0.038968459673367838 -0.085428083498362853 0.24756856912636865 -0.048908658259180789 0.24288659153160161 -0.016134815095812237 0.21198553940613993 0.011020654953836015 0.0050421297174412507 -0.00021609127360465696 0.15673820378788997 0.034430542927670719 0.057480278778831009 0.075631945761619759 -0.35640654059856614 -0.0067708599062783134 -0.082042653545223679 0.10372381133022132 -0.22999314553985878 0.11215137100080189
-0.65464199070211138 -0.060077634919497032 0.22703559485158364 -0.089946260778906953 0.24473552128678933 -0.065608861930498821 -0.020763375241299176 -0.098796223996509988 0.25469172990659289 -0.02910276365788662 0.2480542574933908 -0.00034038320067700424 0.21265440462297872 0.027315751854332219 -0.011913412023696217 -0.0069778556138792545 0.14849217129535738 0.06050311392034325 0.058886293717127405 0.084840512768751458 -0.35927446831461252 -0.031315254462287424 -0.098200553395325157 0.10475293000835818 -0.24975617349677587 0.10475293000835814
-0.67645282308003385 -0.066036696120453972 0.22204646655886884 -0.08404670415330498 0.24505925460084518 -0.055030580100378208 -0.038098093915646558 -0.093051708169730518 0.25306370261544564 -0.024013344043801458 0.2490614786081454 0.0030016680054752113 0.208038682533318 0.027015012049276556 0.0029247021591809019 0.0010005560018250658 0.14900587842563953 0.056031136102203373 0.062958062268684514 0.07804336814235463 -0.33626378245951399 -0.030016680054751697 -0.091127562012374583 0.097053932177030747 -0.25021596630255893 0.090050040164255329
-0.67543900979217575 -0.0035699736246944018 0.21768905835914146 -0.096389287866748039 0.23728424692135278 -0.074731447876935558 -0.048392975801412656 -0.088138682156343323 0.24656617834555827 -0.04688565360431942 0.24347220120415639 -0.019039859331703299 0.21665773264534086 0.0067432835133116268 -0.0019833186803856796 -0.00047599648329255221 0.15993481838630802 0.036651729213528945 0.072272132713257206 0.068622826341347448 -0.34644610708978524 -0.0025386479108937317 -0.081395398643031747 0.10265657489676713 -0.24021955856832378 0.11709513488997549
-0.67440547679385521 0.017695770528118705 0.21234924633742402 -0.10420842644336543 0.23594360704158202 -0.080614065739207166 -0.047188721408316446 -0.088478852640593242 0.24872388575633436 -0.054070409947029198 0.24577459066831459 -0.032442245968217515 0.21628163978811696 -0.00098309836267324448 0.0049154918133662495 -0.0049154918133662495 0.16024503311574106 0.034408442693564044 0.061935196848415343 0.070783082112474596 -0.34310132857296716 0.0058985901760395783 -0.089461951003266413 0.10715772153138517 -0.23201121359088886 0.12976898387287006
-0.6711746533700681 -0.1052638826652518 0.23140714905751644 -0.064877808259022743 0.24361689248265544 -0.037640688310635689 -0.021240618739590902 -0.094932561305518789 0.24831294764617057 -0.0094643573295456473 0.24267768144995247 0.010259074357217386 0.2116837173707535 0.03561777224019845 -0.0015171870528279769 -0.0019506690679216617 0.15157421127776138 0.059098048057773404 0.053896263876649225 0.083517534908051486 -0.34339000295672051 -0.053607275866586722 -0.10013434548664311 0.092909645235081606 -0.24571205555560835 0.086335168006160617
-0.68029809982550504 -0.042955566248401987 0.21741886063160426 -0.088396807216422069 0.23660516237365697 -0.066181089409834498 -0.023924619176325143 -0.093445833990646585 0.2477130212769508 -0.036896734119332635 0.24468360521241611 -0.0096319895385204891 0.21035022314768978 0.017632755042291563 0.0063695414690217332 0.001475869364773295 0.15784034469575547 0.0459073049779486 0.055850003856421387 0.078221076332985098 -0.34403291666215585 -0.020739848441814344 -0.089561967241243046 0.10750543162348702 -0.23901315975828707 0.10750543162348702
-0.66750000636382345 -0.0088265710606427409 0.22006075028970085 -0.10395739249201499 0.2465404634716292 -0.076496949192237498 -0.048659302000979322 -0.090227170842126281 0.25438630441442289 -0.049036505892459906 0.24752119358947838 -0.016672412003436381 0.21417636958260577 0.0098073011784920224 -0.0064879069334638608 -0.00098073011784918416 0.15533256251165392 0.041190664949666327 0.062163201315979973 0.076496949192237443 -0.33895541688434205 -0.00098073011784915618 -0.093772887422042414 0.10591885272771347 -0.24480532557081897 0.11376469367050702
-0.67487207681069639 -0.071715807106576226 0.22622232457700775 -0.080777091589804478 0.24031765599536267 -0.060640903849297129 -0.023466403405283571 -0.091851994847083548 0.25139255925264181 -0.0264093846904347 0.24635851231751488 -0.00023234062777514479 0.20910656499757641 0.021917465886782991 0.0027106406573760406 -0.00023234062777511617 0.15272523932415571 0.053128556884569383 0.055064728782695152 0.082326029108305041 -0.33759093215719826 -0.030436622238536142 -0.10300434498028764 0.10548264500988846 -0.24496446855086437 0.099441788687736246
-0.681873714135243 -0.021595781192886118 0.22641943603614115 -0.085710591793219035 0.24001954737560549 -0.068224734356764641 -0.042668481180408072 -0.091539210938703916 0.24584816652109032 -0.042967384726330424 0.24001954737560549 -0.016738598571648715 0.20893357859968645 0.0085187510587854919 0.0029890354592229311 -0.00022417765944173331 0.15841887933881804 0.038633283310457053 0.072932465205040778 0.06971925208637611 -0.33507087497889643 -0.0050813602806790538 -0.094154616965523866 0.10371953043503752 -0.24181296865113933 0.11149102262901733
-0.68213261010002668 -0.042204110137395626 0.22159086711992712 -0.080318973771533519 0.23463016257371114 -0.063267587408892823 -0.01512249650261349 -0.085334087407604259 0.24566341257306684 -0.035182951046896525 0.24666643530028098 -0.0060952919576860295 0.21557273075664229 0.017977253495453736 0.0099530716777403872 -0.0030862237760435787 0.15338532166936455 0.047064912584664213 0.054086071675163383 0.07314350349223224 -0.34611999648328451 -0.021140632865898342 -0.097370360134174105 0.098219071672586061 -0.24080261012579834 0.1002251171270144
-0.67122659864156387 -0.010055829193131948 0.21960633431452875 -0.099666242567413493 0.23963689730407392 -0.075418718948490324 -0.049224905808315692 -0.094395041780691177 0.2522877791922078 -0.046954234700189119 0.24701657840548547 -0.019543990609232481 0.21960633431452875 0.0068120133243798073 -0.007055299514536156 -0.0047846284064095657 0.16162312566058201 0.041601938516747941 0.057253350083477594 0.079554584181149468 -0.33176126797663863 -0.0026761480917206338 -0.094557232574128694 0.10591058811476171 -0.24320509475970153 0.11961571016024003
-0.66545531690696735 -0.015698525030588613 0.22655993400952687 -0.097139230001482155 0.24284807500370581 -0.077976711184801359 -0.07141723358986049 -0.084683592770639637 0.2553037122345484 -0.053065436723116213 0.25051308253037796 -0.017614776912256644 0.21985305242368866 0.0072964975494284818 -0.0053065436723115922 -0.00036850997724381044 0.15470048844697357 0.042747157360288134 0.061762272186071443 0.07723969123031367 -0.3358599932600565 -0.0013266359180778811 -0.092496004288209491 0.105983469455335 -0.24100552511748619 0.11460660292284136
-0.67413742760124207 -0.049099700259697121 0.22174998158830592 -0.081298613486382829 0.2378494382016485 -0.059516995715389591 -0.04152348538282994 -0.088874828363249961 0.24826673365734103 -0.033000243646354295 0.25016078737655773 -0.0083775452965359053 0.21890890100948049 0.018139206772499378 -0.00080133041966862759 0.0010927232995481615 0.15829918199454296 0.046550012560751419 0.06170244231448594 0.075907845208611865 -0.34646613417673511 -0.01595376017340306 -0.088874828363249947 0.096742436119996777 -0.24513426019863627 0.097689462979605124
-0.67412538904441832 -0.034005459113953078 0.22898955085747805 -0.081437966461741867 0.24132200276790322 -0.057721712787847469 -0.048964942200563424 -0.08997581778434377 0.25080850423746121 -0.03115950867308576 0.24037335262094756 -0.0093405552931029832 0.21665709894705321 0.01152974793992404 -0.013864886763199849 -0.0027000042644125671 0.16258404057057421 0.039989252348597279 0.071513626462819863 0.068448756757270482 -0.35158433907945513 -0.010289205440058784 -0.087859598225750138 0.095010960872032146 -0.23584902115085085 0.10165151190072255
-0.68415939699644956 -0.0402829667554708 0.22460805706080653 -0.08365836328206859 0.23624535856794263 -0.066731379271688956 -0.033528449097482621 -0.0921218552872584 0.24788266007507861 -0.039225030254822019 0.24047710457053753 -0.012776617738603854 0.21297075555367065 0.012613858276965626 0.006673137927168866 -0.004313125733414057 0.14949456551474707 0.048583699299022252 0.061685835960902734 0.077147984816537868 -0.3403300342856132 -0.015950427240550003 -0.088541147131216441 0.10359639733275602 -0.23347844772009194 0.11311782583859464
-0.6796752056496419 -0.0096685255663049863 0.22414742095319418 -0.095061533812220517 0.23949897299740369 -0.07203420574590623 -0.053139987845340624 -0.091223645801168193 0.24909369302503451 -0.045168989668539619 0.24141791700292967 -0.019263245593936048 0.21551217292832608 0.002804610469615226 -0.0013284996961334711 -0.0019927495442003053 0.15986279676806664 0.037345602569086547 0.063915596491757071 0.074765010676847266 -0.33330581265216447 -7.380553867416921e-05 -0.089599923950338237 0.10546811476526632 -0.23639914037309176 0.11410336279013425
-0.67357068895450189 -0.018633615370667479 0.2196159441217774 -0.098382421895335401 0.2405500058345027 -0.071467199693259945 -0.032589656512484418 -0.09539184165066035 0.24952174656852785 -0.046545697654301298 0.24553430624229455 -0.014646175044434202 0.21363478363242744 0.014262767320757919 0.0032973064236159733 0.0013035862604993344 0.15681375898360156 0.046162289930624961 0.057127750827766902 0.07806181254049209 -0.34161628179557224 -0.0096618746366425191 -0.095391841650660308 0.10298331457945077 -0.24292713372129576 0.11195505531347588
-0.69115615832171295 -0.10613369548347684 0.22006376776615574 -0.079361231757915165 0.23918695614155697 -0.054501086869893578 0.01066485505551224 -0.087010507108075605 0.25161702858556778 -0.014342391281550931 0.24205543439786725 0.0095615941877006238 0.20763369532214504 0.038246376750802537 -0.018019927507589625 -0.010517753606470686 0.13687789833316036 0.066931159313904268 0.039349637618614194 0.085098188270535446 -0.31347318790753859 -0.051632608613583361 -0.07634565205256337 0.10326521722716664 -0.24845434743117445 0.10039673897085653
-0.67363431477735836 -0.066112241853865938 0.22297434840199876 -0.090209227202471334 0.24405921058202842 -0.065108200797673987 -0.037072285151700593 -0.089205186146279439 0.24907941586298799 -0.029966763830957862 0.24907941586298799 -0.011894024819503898 0.21293393784007986 0.018227206866252722 0.0030893570959750331 0.0061787141919500514 0.15269147446856662 0.051360561720585084 0.049275245680802021 0.083489875518725554 -0.33728056095307529 -0.020930394325230944 -0.092294543242254307 0.10959494297971467 -0.24290070167103769 0.10457473769875515
-0.67597925588819663 0.0059750145309377858 0.21438708854290547 -0.11111743441117328 0.2340957185628651 -0.086771479680635241 -0.038347108183631046 -0.091408804391213974 0.24105170562873296 -0.057788200239518694 0.23873304327344363 -0.031123583153691341 0.20974976383232707 0.00017835864271453016 0.023097444231536035 0.0013376898203591946 0.15410186730538306 0.039595618682633116 0.070630022514967278 0.076694216367262424 -0.34093254554888852 0.01177167041916124 -0.088198348822351752 0.11495214522953631 -0.24238939544909202 0.12770478818362768
-0.68055222865188303 -0.052762183825941854 0.22671750504601687 -0.083939837904907472 0.24230633208549968 -0.063154735185597069 -0.041410320033087561 -0.09329313412859716 0.25581664885305133 -0.027820060562769353 0.245424097493396 -0.0018386821636312736 0.21216793314249946 0.024142696235506744 -0.0071149005462254368 -0.0049564475715278356 0.15396964552843029 0.050124074634644765 0.055240407611705775 0.076105453033782716 -0.33032324783150241 -0.025741550290838251 -0.096490842239260147 0.098969066025024227 -0.23575103045864002 0.10416534170485187
-0.67204334743900962 -0.074799608448656629 0.23239385029834433 -0.07280085221056308 0.24438638772690593 -0.051813911710580168 -0.025445704415730037 -0.090789658353405425 0.25238141267928021 -0.022831946258223032 0.24538576584595273 0.005150641075087367 0.20940815356026793 0.028136337813163766 -0.0014606295586069948 -0.0038437619963338893 0.14944546641745979 0.053120790789333822 0.058502057584201003 0.080104000003597353 -0.33925043379642533 -0.03482448368678466 -0.099399685225193365 0.097093428027392875 -0.25430329367744736 0.08809902495597173
-0.66985979083346969 -0.073954136712682722 0.22691179972452341 -0.076983770464567836 0.24407972431853903 -0.052746700449486934 -0.023537923764645946 -0.093141817141288427 0.25013899182230925 -0.024470118765225948 0.24306984640124399 0.0038064629190352091 0.21580314263427799 0.025013899182230868 -0.0013206095841550116 -0.0022528045847350713 0.1542005896792806 0.053290480866491907 0.056242431701661995 0.080557184633458026 -0.33962971187799251 -0.026489874599816037 -0.094229377975298484 0.096715231310178534 -0.26186911224627463 0.09065596380640828
-0.67472651921430327 -0.058159257842443156 0.21609922879960863 -0.086961937916795989 0.23872990600088584 -0.059187924987955817 -0.046210893306104575 -0.09210527364435904 0.24798791031049935 -0.031413912059115548 0.24695924316498677 -0.0046685662757879566 0.21507056165409591 0.018990778071001784 -0.0071215417766257198 -0.00055389769373761415 0.16466587152397852 0.047793458145354649 0.075171829864382408 0.079682139656245196 -0.33115169261309479 -0.023184574895014791 -0.0935295819996841 0.10437015114854767 -0.25194432240862452 0.10539881829406027
-0.66513901385959151 -0.052830676299109577 0.22946576649734296 -0.079845454800015855 0.24401218569013841 -0.055947766126137229 -0.055228437704515521 -0.091274784165783884 0.25336345517122161 -0.034128137336943733 0.2481683054595086 -0.0029572390666672325 0.21388031736220472 0.018862389722526293 0.0029572390666672103 -0.0019182091243247429 0.1598507603603922 0.04691619816577508 0.062181945780192489 0.079126126378394029 -0.34303973173340152 -0.025815897798203393 -0.10094575516758759 0.097828665340559937 -0.249527036922572 0.1019847851099302
-0.67795798411052677 -0.023792078317550473 0.22373853453670436 -0.093308346235605133 0.2388507666928032 -0.068121292642107062 -0.035184376404455771 -0.093308346235605133 0.24489565955524295 -0.042934239048609012 0.24086573098028305 -0.015732221167631091 0.20963378452434553 0.0084473502821270918 0.0061223914888810741 -0.0046499175864919071 0.15623723090612951 0.04270174316928442 0.064556355825796496 0.07695613605644179 -0.34548887667635231 -0.0076723640177117913 -0.086565965735191958 0.1061731182248995 -0.23970325158366038 0.11524045751855887
-0.67027834127257668 -0.055628640520045229 0.22222670365575675 -0.083694836901439459 0.24655074051963158 -0.053757560761285725 -0.050950941123146257 -0.089308076177718188 0.25309951967529021 -0.030369063776790616 0.24842182027839119 -0.0060450269129157033 0.22503332329389608 0.017343470071579457 -0.0069805667922955084 -0.00043178763663685119 0.15673891209917035 0.047280746211733157 0.052893985488012038 0.078153562231266696 -0.34283938348964516 -0.021949204862372364 -0.095856855333376761 0.098735439577622333 -0.23805891699910711 0.099670979457002137
-0.67679015588599734 -0.082643818448952841 0.23038651406230698 -0.070259154012798572 0.24277117849846105 -0.045489825140489937 -0.025563217618215912 -0.095028482885107221 0.24896351071653822 -0.020720496268181208 0.2417391231287814 0.0071449987131659591 0.21284157277775478 0.028818161476436021 0.0012702219934517867 0.00095266649508879799 0.15711058281506038 0.056683656457783248 0.050808879738069114 0.077324763851373796 -0.34137216074015109 -0.036201326813374082 -0.098839148865462315 0.09177353902688723 -0.24332690062059609 0.087645317548169024
-0.66438742986019028 -0.098898548821932275 0.23236508571171835 -0.063633000456744845 0.24747889215394153 -0.038443323053039435 -0.035653081863705839 -0.093860613341191154 0.25553958892312723 -0.010230884360889552 0.24747889215394153 0.0089132704659265361 0.21523610507719884 0.033095360773483531 -0.0044178818831114939 -0.0041853617840002218 0.15478087930830611 0.056269863984892469 0.053014582597336581 0.075414018811708505 -0.34095197199661431 -0.042473671437632324 -0.11222970117097009 0.092542999446228139 -0.2482539591509787 0.08548988977319058
-0.67352805127662041 -0.026343698016279712 0.22118198875776679 -0.093666481835661036 0.23972014662107483 -0.069274168857624288 -0.03542514377117955 -0.088788019240053737 0.24752568677404646 -0.0390277007648588 0.24264722417843923 -0.013659695267700563 0.22313337379600984 0.0058541551147287671 -0.0042029831592924538 -0.0039027700764859255 0.16166474509135728 0.041954778322223184 0.058241338064481521 0.077079709010596076 -0.33691413217971361 -0.0019513850382429593 -0.092991002399346212 0.10244771450775418 -0.25105319049702429 0.10927756214160445
-0.66164182185765574 -0.022020403026030051 0.22907555953697364 -0.093071847322249018 0.24555125676508241 -0.068358301480085884 -0.036595058266279915 -0.093071847322249018 0.25378910537913679 -0.043644755637922729 0.24967018107210948 -0.015842016565489208 0.21568905553913528 0.0078417981999171806 -0.010851781347360107 -0.0065744368746780361 0.14978626662670017 0.04388238588640507 0.062259125102372359 0.076833780342622574 -0.34448465021656238 -0.0034852436444075862 -0.10043838502520155 0.10566625049181286 -0.25180885330845071 0.11184463695235367
