C:/Users/vmc04/Desktop/Wing saga/Wing field landmark repeat/13 landmarks field repeat/TLC field collected/coord_Aug10_Format - {Aligned specimens} - 1 54 26 0	from C:/Users/vmc04/Desktop/Wing saga/Wing field landmark repeat/13 landmarks field repeat/TLC field collected/coord_Aug10.txt - TPS like internal (simplified) format - can be converted to other format by using TET	
-0.66286375823403909 -0.035978754448837517 0.22162332444652111 -0.086778877864984907 0.24151458519413832 -0.065387456164384128 -0.074122474069487687 -0.090586954117486462 0.25046528481020508 -0.039144903640683293 0.24975367136740509 -0.0089536873514990626 0.22012908970810396 0.019623448437268265 -0.015311210296919701 -0.0018611510597835133 0.16723121816558564 0.046435598698135537 0.075382284332632707 0.077763047354369355 -0.34662604196776281 -0.020780365089618946 -0.081549307874305518 0.10236638632673603 -0.24562666558207727 0.10328366892076869 
-0.68003140966125397 -0.034072204989596414 0.21832899930774349 -0.090598096514906204 0.24300582113564753 -0.062960307642489832 -0.043326449943705131 -0.093583664518605322 0.24933709399890011 -0.040096360548061642 0.2412479329810078 -0.0068112340071777135 0.21684306759864727 0.014745277463356967 -0.00025734897098019443 0.00072873416959957341 0.15363486393695314 0.045528145889140351 0.065013724885560079 0.075860561784177757 -0.33692656451748054 -0.022525062453087052 -0.087139752640080004 0.10506684635235027 -0.23972997811095995 0.1087173650152992 
-0.67659887578397493 -0.031741630820809781 0.22133168612040857 -0.083264085876134722 0.240208442742329 -0.056694772330265542 -0.044003820722378531 -0.091434052560578211 0.24787191178906134 -0.032361955760418268 0.24531285993025811 -0.0074961098958280592 0.21992938611846391 0.0088737847658140537 0.0037925417101142885 -0.0044005991065583557 0.15517962464892238 0.040367843782728889 0.068994054698657312 0.070158435118364684 -0.34715101656343933 -0.013184872861486185 -0.095083907737116946 0.097615850354698136 -0.23978288695130592 0.10356216519047409 
-0.67372125838349828 -0.033461846614607542 0.21423039063594176 -0.099937172512951991 0.24264650733311452 -0.06966516521559446 -0.039576774516189774 -0.086990806464790266 0.25565761996739012 -0.034577605137439876 0.25239658407950338 -0.0087034362256674606 0.21979148619435146 0.016242787386012338 0.0028669708797328087 0.00086292274981242278 0.15150068418599702 0.049563685252578107 0.048511608946929997 0.076991055808831449 -0.33885209383097004 -0.01727169261468094 -0.094141321533069158 0.10387911028821976 -0.24131040395923428 0.10306816330027846 
-0.67550163259416429 -0.032090833056042212 0.22500100697999489 -0.089265178736549808 0.24411564776067182 -0.063572342710239441 -0.039292448559894728 -0.090734717309306684 0.24927894285520719 -0.041240872960825285 0.24283244221966127 -0.010108509921733089 0.21717574052039074 0.013232327217619763 -0.00046172613693622536 0.0019163936382063209 0.15355554024711601 0.045350766017682419 0.066054881696066881 0.075933058987456031 -0.33076590893127261 -0.014403061262337069 -0.09830987273884946 0.1017029512021954 -0.25368261331799219 0.10328001889387357 
-0.67146467635444351 -0.038449134272360332 0.22693063094887408 -0.088762272415442711 0.24357125628137727 -0.069453530566938565 -0.040132309773358021 -0.09061518986600961 0.25391664245155182 -0.040691269478531834 0.24573219629620616 -0.011826711479246412 0.21229965429149222 0.014873730283615504 0.0042029211631578137 0.0031229482388072422 0.15334410719400471 0.045247112900039126 0.053391705844918154 0.076614659357613454 -0.3442122731609914 -0.010361441406090169 -0.096919432581201295 0.10073544479734838 -0.24066042260158629 0.10956565390719569 
-0.67471865568791689 -0.045416924726053569 0.21909715598364937 -0.095712782870253421 0.24150899094835232 -0.068436748352865423 -0.040400408286248642 -0.097688514963807691 0.24668523407056192 -0.042103597563340027 0.2437608895256532 -0.013709934919155611 0.216513979074754 0.015797195270898269 0.0015613258121532864 0.00046142076947606537 0.1598889164425378 0.049479436722321059 0.052579013048317191 0.082356093616472059 -0.33604273406958229 -0.015384537043401442 -0.094286784372705837 0.10931333154504647 -0.2361469224895261 0.1210455625146627 
-0.67692583247110016 -0.039691085065034819 0.21341536864327812 -0.096838924665723594 0.23802800024682966 -0.06940550780369753 -0.060453774925712266 -0.091531294052391785 0.25018798156261307 -0.032817841306792571 0.24705596754449929 -0.009192757256935637 0.21204897407795642 0.022139973267346676 0.0036259725184397272 -0.004362742038017859 0.16956236957923992 0.049009596695315467 0.060642075517355169 0.083388163198068535 -0.34497763256481206 -0.01829249416291711 -0.085177113801073442 0.10150574660088459 -0.22703235592751331 0.10608916658989573 
-0.68266105519015008 -0.038001156333309478 0.22164328558058979 -0.08512953612703579 0.23594304619334558 -0.064480256141218398 -0.052876555997204644 -0.086909736367863477 0.24842474502778697 -0.034384549136811549 0.24293631756524567 -0.010761633164818219 0.21859612661864286 0.014884797351076407 -0.0079263659129572266 -0.002337040859329534 0.16314847139568259 0.043587044959381739 0.0709200169447953 0.073499654179704971 -0.33537222281182694 -0.01788282452238733 -0.089244639989013261 0.10107553098717148 -0.23353116942493618 0.10683970517543967 
-0.67555287484278703 -0.038368685680652173 0.22559049104277165 -0.090159444351723073 0.24359810002911567 -0.067488011528385822 -0.040489893841955164 -0.094209243127662781 0.25188494109755794 -0.040955826006172043 0.25065094050011394 -0.012893116638549596 0.21775892412883829 0.014800817180340509 0.0037777221138199368 -0.0082528557119595711 0.13230235234317236 0.053242861002445845 0.056301102182740273 0.077238159159061626 -0.33290927025699629 -0.010144641061206374 -0.084481183330111384 0.10389128637240728 -0.24843135116627976 0.11329870039205585 
-0.65402151889078231 -0.024845665907889156 0.22573711105697683 -0.097838061291253747 0.24973686622742877 -0.066424294131989775 -0.047676353510726577 -0.099192892776653233 0.26054494388106608 -0.035409800384867254 0.25308854809678116 -0.0086815963442409983 0.21912477687567711 0.018337032298237591 -0.010648194038893458 -0.0078312727747974088 0.16070755266683517 0.046983097775083617 0.053631463288896862 0.076706094068393488 -0.32326462994747163 -0.013650838775027492 -0.11722507082084342 0.10468076410737558 -0.26973549488494475 0.10716743413762871 
-0.67242300835820534 -0.033772203733365036 0.2212851544593073 -0.090966337582136486 0.24067668827771704 -0.066282912030274546 -0.028891191795644464 -0.093505793021817107 0.25052747525663727 -0.040057214243153269 0.24460050499472016 -0.0087738149398086211 0.21261410570260061 0.014186071370270899 -0.0042452618677938248 -0.0060363768956417617 0.1587187851897075 0.047851015155359479 0.056696344793721938 0.080699613405459988 -0.34566357045861029 -0.016868919492289008 -0.088493861265741061 0.10500550669467131 -0.24540216492841824 0.10852136531272531 
-0.67777628819724023 -0.044898368280547898 0.22118564056036252 -0.086106341488146346 0.23697664516132008 -0.064433900643864617 -0.061727795797295849 -0.091771400866028849 0.25080224677526253 -0.035859521285053438 0.24589264973300398 -0.014168831789469441 0.2183144411103283 0.01148481606577258 -0.0064445069762235916 0.00083977199060834146 0.16215577024507383 0.044063864987218419 0.073466713528513305 0.075685847425319461 -0.3287928746499037 -0.010704985663807691 -0.09506838993813313 0.10639247458305251 -0.23898425155506825 0.1094765749649471 
-0.68193766063346173 -0.046549127506201597 0.22041349562658577 -0.089848295599090092 0.2396855349490917 -0.06506579090182682 -0.04069994039267559 -0.091307216236653069 0.24723744997165525 -0.043451912574055403 0.24521276539312184 -0.015868973459551832 0.21665284423566214 0.010493467575713806 0.0011542056070705674 0.004920293084120648 0.15617189704048901 0.044821217315656268 0.061065728645742841 0.080876180174501752 -0.32443267344325322 -0.0068997306867333366 -0.098513882780065551 0.10657003990005634 -0.24200976421996193 0.11130984891406348 
-0.66961235045777345 -0.041818636388742801 0.22489274260523209 -0.088381144765332126 0.23765820045234207 -0.067208775848520572 -0.048327425191630607 -0.094591111234314518 0.24733861671633539 -0.039065101437494948 0.24199325155391696 -0.010096709022654792 0.21768884970232164 0.013643796608934619 -0.01037173894988749 -0.002046872879455759 0.17028069481628275 0.044120650976402345 0.066737913001110996 0.080946175428494291 -0.33764242766533281 -0.0088912225959447838 -0.088700796694592507 0.10414864986555068 -0.25193552988832485 0.10924030129307856 
-0.66767201589926473 -0.039139049730566366 0.23115107465673265 -0.083396801695171482 0.24815420416883702 -0.061857070444833573 -0.043976386954033678 -0.087919224090600087 0.25054828845642857 -0.042395114601279517 0.24713325881090625 -0.01736130765192509 0.21698769773391119 0.0095417445630033189 0.00017420960513132982 -0.0031910280579490555 0.14622150048768986 0.046517240264211626 0.056374398322579879 0.076562049939595159 -0.35036382972968771 -0.0076056717137795446 -0.094705600634125267 0.10262382958486682 -0.24002679902510629 0.1076204036344281 
-0.67908359307282395 -0.039506846122599193 0.22077018947991203 -0.094261602618373977 0.23660783180246295 -0.069367077780756417 -0.033108254840705426 -0.095061573527700921 0.24868759864091072 -0.040374070774710939 0.24206594021905634 -0.011554167599960821 0.21379672241720063 0.017220359250115717 0.0024044559813149627 -0.0021477084346255065 0.1541872256763015 0.049321402250623585 0.063109722489737077 0.081802827281863638 -0.33259771597531462 -0.013205086721554385 -0.089280310859349676 0.10710350705095571 -0.24755981195870175 0.1100300377467236 
-0.67146457665288184 -0.038514571226516699 0.22182894109688781 -0.091260441233455836 0.24116137637730306 -0.068984153461497638 -0.051790273367268935 -0.092561890769121441 0.25232643763856205 -0.038732236427288999 0.24849486563039166 -0.011442116801476573 0.21791739236238872 0.017757253334478695 -0.0059346974886647034 -0.0018820178633663835 0.15674450090952996 0.049543903823445257 0.056599127578899608 0.081424377426135772 -0.34602620313016413 -0.017390302795015748 -0.087456681286485552 0.10259505894879205 -0.23240020966849795 0.10944713704488732 
-0.66541072252475197 -0.035730462356902963 0.22835222212449385 -0.087930028238291991 0.24436476037618396 -0.062584397903322264 -0.057281584493088802 -0.09161362479838521 0.25350656247714526 -0.039455007867172556 0.24569956455041758 -0.013920800198505494 0.22005299293030547 0.011011524899876939 -0.01169427548083816 -0.0017683856508750842 0.15432823124635514 0.047490469731737893 0.061910984863470776 0.081084415853351369 -0.34449902356725665 -0.01895005152731722 -0.082799829728157803 0.10596854019281036 -0.24652988277427867 0.10639780786299573 
-0.6738572033330944 -0.043848379256366261 0.21907445560005934 -0.093283807864429052 0.24151432630538758 -0.065139903624775661 -0.05141094640945832 -0.088728090209845012 0.24865657932747987 -0.038429337476932883 0.24587948677459673 -0.0087902032156625468 0.2145985283271219 0.016249219913058183 -0.0083521964464822185 -0.0027115638385296968 0.15983364157036378 0.044875242535276597 0.066018457928871552 0.078522829874788758 -0.3515615472491927 -0.01461479680280693 -0.082384072339888037 0.10802025136742785 -0.22800951005576456 0.10787853859879672 
-0.67632141180895589 -0.02853644852108194 0.22248498515886028 -0.081196111040132884 0.23999473091441118 -0.060413078839479939 -0.039085938923028772 -0.089708121798002596 0.24888038864993003 -0.035352303717825578 0.24214084822226722 -0.0096311848091386511 0.22355859471214931 0.013655467284226194 0.009633482571557132 -0.0017617207474255054 0.1552535650302681 0.041000114969155468 0.061475045359837215 0.067464671537614956 -0.3431303492140329 -0.015224657209957724 -0.097775263105607718 0.095717842829075028 -0.24710867756765573 0.10398553006297261 
-0.6762322117913715 -0.038820604084761921 0.22321869260294525 -0.084004676840726461 0.24266731567194205 -0.057802377578194931 -0.049028039648656929 -0.090103524422648684 0.24911057291684682 -0.036384533822999901 0.24282603884499826 -0.011675667818517818 0.2179256052261683 0.011057332193303675 0.0067207435773924545 -0.0040357235602481315 0.15237685362334399 0.041132383945648818 0.060480370197856397 0.072588662928223718 -0.35100579608064203 -0.013379076246220716 -0.085757087997601317 0.10044350071288174 -0.23330305714322289 0.11098430459425997 
-0.67592994085994851 -0.036578220810938485 0.22455954537689232 -0.084284343945854892 0.241832356074099 -0.064162889274607102 -0.036728067460134566 -0.086414971851884265 0.2487594925905085 -0.04243781471875805 0.24322467806351517 -0.0097971722917658596 0.21162617406902393 0.016543464021504237 0.0050460495335081183 -8.4567318834052549e-05 0.15578731062506618 0.038505073187275411 0.055488984112203203 0.077104774887009286 -0.35610888178776623 -0.01606023154174752 -0.084718892662731526 0.10154966894879333 -0.23283880767423529 0.10611723070980809 
-0.6564542433508157 -0.035118151925343601 0.22344770081303983 -0.098522160751202528 0.24206109435094658 -0.074876062563103946 -0.024508557302370549 -0.09793437724484691 0.25339952675082072 -0.038775352710191675 0.24786157204401776 -0.0097811873097754971 0.21353997279371975 0.019202242686166555 -0.012170360193747787 -0.0065193701972610166 0.15068735402823313 0.054807600440429149 0.062072693100958934 0.082537803252804354 -0.36020602415045916 -0.017618425312839837 -0.094142460000265396 0.10841458507775838 -0.24558826888407811 0.11418285655740672 
-0.67880772802938227 -0.034195547298460222 0.21785437725042991 -0.094381947972795227 0.24220445921080982 -0.066478590163338944 -0.04242604926889406 -0.091159834887649394 0.25165673925222809 -0.035871490943934749 0.24892763847051519 -0.0086983298847125804 0.20907784563075088 0.017215073994182092 0.0029684642814951133 0.00086209909070436846 0.15147286230050053 0.048971542805937011 0.066553750435334319 0.075000554788760693 -0.33730243296966234 -0.014191588643811637 -0.086469065975804615 0.10122647350676016 -0.24571086058832048 0.1017015856083585 
-0.67462303374646382 -0.033382076020420343 0.22173173097593177 -0.086685987467211248 0.24035178729837012 -0.064184277524138869 -0.044455140611769764 -0.090188956487813957 0.24839548747842513 -0.035955898239279145 0.24407534258719538 -0.0082738227870454428 0.21614887861477472 0.016300529474107671 -0.0019603737422201565 -0.00056308119386763971 0.15816102110920779 0.043675929163509465 0.069172500286658431 0.071746210116560336 -0.34599634425420217 -0.017829178713838718 -0.085847578221512677 0.098963511474153304 -0.24515427777439466 0.1063770982052849 
-0.67385010869482109 -0.032587090022102756 0.21952141328759653 -0.08810191638148708 0.24129278309474383 -0.062815651912485795 -0.040467206785173182 -0.091747958929632584 0.2520604307972415 -0.035393781994566761 0.24750833526829918 -0.014045380534364436 0.21575405073780388 0.015129566486076213 0.0052679717643752087 -0.0045357020431557003 0.15723693903848682 0.046248854782236531 0.056490802994664815 0.075199750657906059 -0.34258757771556336 -0.019674008986042386 -0.097195171609824646 0.10019639003899025 -0.2410326621778289 0.11212692883862856 
-0.67842838896325908 -0.035928002573367056 0.22354016746527702 -0.088250734665599642 0.23847687578602111 -0.062408264154219281 -0.030857435550402667 -0.092256022847939254 0.24603570450345441 -0.034861528048553019 0.24245135579031382 -0.014664438483290061 0.21421931947017323 0.013736996214296004 -0.001709102922973543 -0.0017849183635389324 0.15683253137547992 0.043253646217093114 0.062171345562633692 0.077554559426964653 -0.34707574237628241 -0.018134586027955705 -0.090085810521935747 0.10268220910339347 -0.23557081961849963 0.1110610842027156 
-0.68062111084119681 -0.037491182632835247 0.21670199733233353 -0.090139895920616192 0.23606607934626506 -0.06807896620410693 -0.024674245949482112 -0.09325069908458665 0.2474087422851986 -0.038884754592049812 0.24459836800782878 -0.01159656199579889 0.21048503707618063 0.015943010873206365 0.0063811877688168617 0.0014246724418496778 0.15820390487020181 0.044638319276529725 0.056476341858783641 0.077770061872823287 -0.34418837110328498 -0.017976491808096622 -0.088695778473674158 0.10822117484865265 -0.23814215217797038 0.10942131292502864 
-0.66673566795507044 -0.033131796342770109 0.22370098909435623 -0.095873566482173017 0.24916299440290715 -0.067466922152284087 -0.045340845702281973 -0.091939533066024523 0.25600349045383253 -0.03973894386144592 0.24796419865951358 -0.0076463573757465011 0.21367707772195349 0.017601332341525257 -0.0064478831483729742 -0.0012163761121761259 0.15372929515841857 0.046820718336313009 0.059335855322615094 0.078710247787086157 -0.33869481148179825 -0.013325207019452006 -0.097568352737068847 0.10243326765654315 -0.24878633978900314 0.10477313629060482 
-0.67749507680576648 -0.039948691488941812 0.22217999582731809 -0.091310065802767029 0.23720525750354998 -0.071857921034773467 -0.027753349581450516 -0.090648842426023113 0.24987525612330047 -0.038184169817286909 0.24607588126080948 -0.011799628603580865 0.20990504547624025 0.012074879693042941 0.0026967416028176833 -0.00035936008176655487 0.15505139466354884 0.04589888120799894 0.058869540284653861 0.079649712186088795 -0.33864770988501586 -0.014551770946917496 -0.09793789256783797 0.11020277983095925 -0.24002508390216745 0.11083419728396693 
-0.68128821426824215 -0.035559933817596992 0.22812776537236509 -0.081054236327777349 0.24136681201285476 -0.063293440096054698 -0.040784278929360894 -0.092394096227710623 0.2466767926094498 -0.037921987288600183 0.24031208064956458 -0.011818108918541275 0.20871522002454615 0.012797121402025935 0.002993000640334355 -0.00016289802467480435 0.15759420316619349 0.041870503206022647 0.071488909821920618 0.07119869637037915 -0.33489646337774509 -0.011944467275854973 -0.096259629050672854 0.10176893781805943 -0.244046198671208 0.10651390918032362 
-0.68271647964997462 -0.031373445598310047 0.22028831032081808 -0.083825475093627991 0.23359656681050719 -0.066983167887554054 -0.016474832155957634 -0.085083349014911394 0.24507412661758685 -0.039077164483111576 0.24653864013198887 -0.010009086355248149 0.21583087929476735 0.014553880306060947 0.0099028403040473511 -0.0032437889775060679 0.15411291882934283 0.044624781793493322 0.055240037612612619 0.072275953794649045 -0.34641190705008895 -0.015645094358298046 -0.095799374878888358 0.09975195660084854 -0.23918172618676195 0.10403399927351545 
-0.67041691797084235 -0.034458997709760554 0.22308553482513208 -0.091614115344502742 0.24222106315876737 -0.06665419926449534 -0.045759576247834395 -0.096122715557950239 0.25382843781527836 -0.037748481324048171 0.24756392305021557 -0.010548060488736157 0.21921334759086325 0.014793709291568905 -0.0068766349554579822 -0.0050380365140209951 0.1600033225045781 0.047452005480733098 0.054322397956015907 0.081584036675841631 -0.33144449992950376 -0.01473920501780962 -0.09834623004844982 0.10240186493492172 -0.24739416774876269 0.11069219483825864 
-0.66451491406893259 -0.038693041594680233 0.22978249795363903 -0.089249298808830521 0.24539848132253161 -0.069535173723796501 -0.068447150911566501 -0.087101777652706242 0.25698552473453912 -0.04420821340282597 0.25097227643212178 -0.0089443472103443254 0.21946942165293426 0.014892162228118327 -0.005290633188638435 -0.00055172983674616903 0.15313031588284409 0.048069397185089083 0.059055285742484157 0.079328566057972588 -0.33561339819041114 -0.012936073229110705 -0.096104428374352097 0.10272266280579676 -0.24482327898719203 0.10620686718206428 
-0.67488912906972032 -0.037372654734795237 0.22030312405851846 -0.085141367262214537 0.23677881288249047 -0.063642924208304988 -0.043062265620051179 -0.088139527084069344 0.24765551778676825 -0.037311280216196556 0.24997734160999832 -0.012725230357561096 0.21919116190438886 0.014330816673099406 -0.0007822127362420735 0.0011064889905111608 0.15908451363447504 0.043791006054098254 0.063012746906898218 0.074823699982253175 -0.34669112494766835 -0.0099281658709991678 -0.087179566414099879 0.098272871449237395 -0.24339891999575522 0.10193626658494148 
-0.6741354065407783 -0.033806287165833462 0.2289654800017214 -0.081505617910145697 0.24130493834518202 -0.057793008896427717 -0.048991523434548524 -0.089961347156587393 0.25079928720854289 -0.031233608729500238 0.24037058246106274 -0.0094115732344467583 0.21666049595700931 0.011465736058977752 -0.013865683874792778 -0.0026959077633539282 0.16259584830611909 0.039941215120066299 0.071533846538718124 0.068427625056367666 -0.3515873636819592 -0.01018532933659262 -0.087831523386098023 0.095036914858881993 -0.23581897790017936 0.10172118909859432 
-0.68420670745913348 -0.039471247473316158 0.22450864618752875 -0.083924780790348971 0.23616602178288174 -0.067011615259186322 -0.033637719438595712 -0.092082012094759205 0.2478359488021831 -0.03951909216708243 0.24046177706939548 -0.013061912267965456 0.21298557082842459 0.012361179580559547 0.0066680161117531368 -0.0043210397499512439 0.1495521003042021 0.048406303831450455 0.06177732139305081 0.077074746064764055 -0.34034871845346198 -0.015546646361476631 -0.088418177412443358 0.10370137018718542 -0.23334407971578444 0.11339474650012665 
-0.67882323279825085 -0.035367840969461606 0.22758240267951874 -0.08651596107839167 0.24205204633823993 -0.062924492272287885 -0.049651765745260666 -0.093168202836792474 0.25062382279543505 -0.035715612551503843 0.2419737484775579 -0.01011871180364806 0.21525190344395825 0.010953564895863098 -0.0012521807012354437 -0.0020415694159128571 0.15833595656346502 0.043365109026599451 0.061042152405954495 0.077128891642849515 -0.33306454652664802 -0.012679828152448362 -0.093524763075526499 0.10200386412147547 -0.24054554385720656 0.10508078939365884 
-0.67307489189287462 -0.031857095658887814 0.22150555556323848 -0.094050798535219735 0.24190703973266356 -0.066729679054788757 -0.030710139199601291 -0.096013418413508703 0.250387660783007 -0.041636802330968135 0.24577457057566982 -0.0098217332310641912 0.21331350711253433 0.018455215866278542 0.0032710717620658713 0.0013680849086211999 0.15587702044616564 0.049232778867659095 0.055583815897941473 0.079168591638162283 -0.34136067555380406 -0.016368414546820826 -0.097395756001962097 0.10109022330611911 -0.24507877922504429 0.10716304718441767 
-0.69799908068068872 -0.041934232697420352 0.21180605977063299 -0.099319988089050237 0.23314064908355972 -0.076329589302964421 0.0025941985718345266 -0.087623270963422997 0.24922167562674 -0.037488527040996596 0.24190556234922311 -0.012804542532109065 0.21027621553077311 0.018932774486311692 -0.018913196342433821 -0.0088108985022958969 0.1424676848103924 0.054021272883678757 0.047030729236789304 0.081106141167605547 -0.31689921278957084 -0.022500105388836716 -0.066495818287779299 0.10986660014100562 -0.23813546687947193 0.12288436583849446 
-0.67522260696750447 -0.047206457275586089 0.22035848193717344 -0.096423047847013221 0.24213856282817528 -0.07192282302954274 -0.039557857986064211 -0.088131126359055095 0.2481416980387991 -0.036935890886360699 0.24864821907064433 -0.018870251351032086 0.21336114171972892 0.012252189938206105 0.003261313093849414 0.0060897022288567285 0.15407096516034985 0.047060932525792784 0.051595842987027372 0.082076050937491499 -0.33773467970260801 -0.011469277641050896 -0.089186691882603933 0.11213861168242062 -0.23987438829696645 0.11134138707687292 
-0.67475103619403132 -0.041166665457451332 0.22161220334240819 -0.0959006741047638 0.23957555555047022 -0.070239933927322071 -0.031881069244450659 -0.093859829800127262 0.24449399462088059 -0.040842226528053159 0.24032200098332923 -0.014404139068105105 0.20922697040653787 0.014801016655085909 0.022947984488671552 0.0029447159442125446 0.15096642815086006 0.050242771591917285 0.065111288118435362 0.081431707977982007 -0.34092367920517574 -0.012025713954217731 -0.095997847419144522 0.10852353532184755 -0.25070279359879016 0.11049543534899499 
-0.68170931980622962 -0.034750356177388253 0.22441893100144758 -0.089904765668791645 0.240551853823297 -0.06953908805316969 -0.043862456913737427 -0.092165657130352407 0.2549916747276374 -0.034573970262559171 0.2452896881015007 -0.0083269018017093355 0.21273208118403 0.018524666544674044 -0.0072434587371742239 -0.0047666012875882159 0.15524107031237616 0.046035689311639559 0.05723327801517502 0.074618325512050943 -0.3308883636606133 -0.016999007716030655 -0.093840429487237462 0.10148562686192661 -0.23291454856047106 0.11036203986729826 
-0.67540760812970524 -0.032585351641682955 0.22738102701316673 -0.087205127679001904 0.24066375530397446 -0.067010035337597515 -0.031078919041963145 -0.089018799858927994 0.25045727124169515 -0.038585366631554159 0.24522695578471887 -0.01021975243578003 0.21075872304369664 0.014972940394177512 -0.0016983712288009237 -0.0037447937407978004 0.15247756736968252 0.043661851722530023 0.063401560983849026 0.076284884629740132 -0.34076502619139409 -0.013520296590400046 -0.093127044257140551 0.10312509305162645 -0.24828989189178025 0.10384475411766836 
-0.6729486542308597 -0.03635192541328356 0.22224809036518461 -0.089561443144872563 0.2407454530257932 -0.066323096121392977 -0.028713388631536513 -0.091678641290247331 0.24837762353159185 -0.038429911150878286 0.24290195424626898 -0.0098020412579115212 0.21686477801636189 0.012898045551300188 -0.0014446102911252366 -0.002175371066632193 0.15694115882945714 0.044577683583682463 0.060662392150027257 0.077283538340460756 -0.34057990014993778 -0.0074421946024421474 -0.088669390166732656 0.10183688373302056 -0.25638550669449317 0.10516847283919648 
-0.67590550399251537 -0.042309865001641946 0.21399904051205956 -0.092009053869432894 0.2372752409019481 -0.064773748837736608 -0.048359543848742213 -0.090995508746267384 0.24718245087334254 -0.037224635811163288 0.24678168298475076 -0.010462515897645786 0.2154569815162003 0.013938624676704436 -0.0071325786605244187 -0.00038662848160085194 0.16574206562007235 0.043916188020305266 0.077020979576394394 0.077896187907044973 -0.33160456002306177 -0.015407264698572598 -0.091054638635606575 0.10653620953809756 -0.24940161682431727 0.11128201120190874 
-0.66632143413168909 -0.034881722047809323 0.2272300346032165 -0.086002011724468003 0.24241536353006674 -0.062505126384714546 -0.057668808225329347 -0.089752855740985613 0.2523514135878509 -0.040945503228099624 0.24799840707458062 -0.0096458895915311395 0.21431105761899946 0.013090091032066568 0.0029044564153606358 -0.0019972285981669428 0.16105736421217884 0.042590147583113414 0.064292305336467376 0.077421171078606354 -0.34361097833919346 -0.016559398891075092 -0.098271963453834293 0.1005142499728176 -0.24668721822867509 0.10867407654024619 
-0.67736664044792949 -0.036980070553787325 0.22551187283700649 -0.08893691316546451 0.24013112446333554 -0.063460557237905918 -0.033362011697184127 -0.093975337167317152 0.24568475367407047 -0.038160644174225454 0.24112625956439407 -0.011042195978055266 0.20942971249589468 0.012525049487949219 0.0062117157492703459 -0.0045299005016177585 0.15537670745163351 0.045733903970689618 0.063046629985974545 0.078197777472611363 -0.34527416141192446 -0.014393836806089261 -0.088615615057536484 0.10446851308044645 -0.2419003476070061 0.11055421157276601 
-0.67150089152751713 -0.038133359450417216 0.21996895335590946 -0.089460567297373006 0.24506528449023948 -0.060167676766682533 -0.053262175906214126 -0.087949255196590082 0.25222165261249724 -0.036957879375880971 0.24817975141993398 -0.012520148798913496 0.22540902106737418 0.011470212215429069 -0.0069894517639388478 -0.00024963442155154035 0.15791839129523774 0.043177971456449277 0.054913724697491152 0.076747871827762423 -0.34329511788271744 -0.013002788298726692 -0.093249908358073744 0.10120117753366843 -0.23537923350022119 0.10584407657282595 
-0.68095169649973264 -0.034346802851968651 0.22481207700179026 -0.086451284655098409 0.23892538064044974 -0.062624530231053938 -0.032250689084747756 -0.09297195118959431 0.2468620030304346 -0.038357790521681916 0.24163580869095427 -0.010049408736429651 0.21435124469578462 0.013622240298794049 0.0013347015820863164 0.00086000526178023416 0.16074104724168467 0.04537717348577848 0.056174636757191171 0.073519191712816873 -0.34308157255655441 -0.011854229775480282 -0.092068527753353904 0.098564425688472956 -0.23648441374598578 0.10471296151366472 
-0.67073103874642992 -0.036213996982504756 0.22538084214741502 -0.085124425389334096 0.2427882988175733 -0.061461639307549568 -0.0442904735274244 -0.090107219121895135 0.25345688885467593 -0.034128551008140148 0.24722535458201794 -0.014313368015128055 0.21739013451795813 0.012783319122751519 -0.0047905932486875585 -0.003753018774496538 0.1593721771783185 0.041520203922589316 0.059847255029166782 0.07011509300269396 -0.34343167262565955 -0.010341480131677572 -0.10306522462958989 0.10265121549929158 -0.23915194834933493 0.1083738671833995 
-0.67303889633568337 -0.036778666382837458 0.22260704012368349 -0.090227421872088667 0.2407649469983677 -0.065550739613046569 -0.034044879715334576 -0.089326364176257014 0.2481007992033015 -0.035186936135983594 0.24282977688798987 -0.0098975821712798551 0.22301585035351226 0.0093115049694980686 -0.004141994456426764 -0.0039674379176163422 0.16099512737581245 0.044455170574032608 0.057039785682055373 0.077973058488458577 -0.33684342800766603 -0.0071725430651431209 -0.094567537915464905 0.10099426472678845 -0.25271659019414772 0.10537369257547455 
-0.66119012645090613 -0.032900080005696691 0.23057541261737149 -0.089291432049679181 0.2466423937419841 -0.064310237827097411 -0.03505926611895889 -0.093661170784314213 0.25447264064221431 -0.039464539379232999 0.24989697529035193 -0.011733309259301286 0.21553089626246247 0.011388381565088868 -0.010742177302296546 -0.0067520371323078459 0.14904422845301515 0.046340127599022674 0.060986944220083258 0.077847421890180041 -0.34438072430530037 -0.0091508406742177237 -0.10216279192297871 0.10399995012485021 -0.25361440512704225 0.1076877659327054 
