C:/Users/vmc04/Desktop/Wing saga/Wing field landmark repeat/13 landmarks field repeat/TLC field collected/coord_Aug10_Format - {Procrustes residues OP} - 1 54 26 0	from C:/Users/vmc04/Desktop/Wing saga/Wing field landmark repeat/13 landmarks field repeat/TLC field collected/coord_Aug10.txt - TPS like internal (simplified) format - can be converted to other format by using TET - Orthogonal projection of the preshape data to the Kendall tangent space
0.010605637139804469 0.00075011581709470265 -0.00071357339945792801 0.0026370287015538294 0.00085641821470906288 0.00019221667119346728 -0.032824198470215907 0.00071513706623855893 0.00060239009152105935 -0.0011403321000808396 0.0046627719159402104 0.0021286107237430498 0.0048080816806455352 0.0052228519320944699 -0.013955155234751748 1.3465439663602994e-05 0.01122238033497547 0.00068776609179920737 0.01447801603612738 0.00077807153728291648 -0.0066476470920207153 -0.0065632729037627376 0.010330136936790349 -0.00069346755843599658 -0.0034252581540673553 -0.0047281914183840701
-0.0059660738946769095 0.0026891659623674035 -0.004204640274581139 -0.0011030674955256345 0.0021347002736374241 0.0026773954113180464 -0.0019916302776221487 -0.0022007818327702154 -0.00074689969270090324 -0.0020581594773793604 -0.0040598427945748757 0.0042808705850534649 0.001331526063698994 0.00033193814136649202 0.0010999060387902307 0.0026050094819052676 -0.0025120231780421838 -0.0002601681132585105 0.0040555635483062336 -0.0011925365890903933 0.0033526708412216595 -0.0082953898299326298 0.0048209945624845419 0.0019157967421440947 0.0026857487840586305 0.00060992701380192804
-0.0026282599324986373 0.005014574409449031 -0.0011706829509880311 0.0062183672680289114 -0.00062883081897053541 0.0089337072887641766 -0.0026748094407380244 -6.4011031868948989e-05 -0.0021769400054658158 0.0056709001679093752 3.9554895807068086e-05 0.0035944360296841578 0.0044481283465787943 -0.0055375291883011466 0.0051496059978990627 -0.0025245874491668916 -0.00094532064662901198 -0.0054140360285244082 0.0080444592252154543 -0.0068838357244714616 -0.006919597371173045 0.0010428002027067225 -0.0031360828934179968 -0.0055207044311293852 0.0025987755943800207 -0.0045300815130792788
0.00022931421781971321 0.0032932655207907986 -0.0082653614249513924 -0.010457380492509404 0.0018163960450771925 -0.0040386373256217399 0.0017510076796531777 0.0043765178051005027 0.00561620438976973 0.0034541197296401832 0.0071305732417047737 0.0023867798774739458 0.0043166366317448183 0.0018319020107756478 0.0042239948097061875 0.0027388786163873966 -0.0046196181010004457 0.0037831669512307024 -0.012436173943054378 -4.8923869566747471e-05 0.0013692071999310425 -0.0030444426680597599 -0.0021962311309192779 0.00074562268621213078 0.0010640503845183447 -0.0050208688418535707
-0.0014813500989401011 0.0046680808343684812 0.002482241131590767 0.00022386860180787166 0.0032606262756708256 0.0020609732417702178 0.0020396083638427724 0.00064205751488326745 -0.00078833568812708031 -0.0032052142926427048 -0.0024589376411627783 0.0009828532948901892 0.0016786033754106933 -0.0011800487436204724 0.00089543815643772337 0.0037925435437653797 -0.0025809103008244214 -0.00043448757910577234 0.0051007946887602585 -0.0011148893002560177 0.0094905827972310858 -0.00017433972399288509 -0.0063552720213178801 -0.0014412039840107911 -0.011283089038572513 -0.0048201934078567765
0.0025995221423442925 -0.0016878253434592281 0.0043973668209334191 0.00073260560968345725 0.0027005418123892413 -0.0038159382557735053 0.0012024401534294279 0.00076753864042147595 0.0038330706967508866 -0.0026531325851549483 0.00042483439908251727 -0.00073462560139614451 -0.0032115236366179424 0.0004604152795279116 0.0055601738829942566 0.0049992203854981 -0.0028025164730309184 -0.00054112384921608441 -0.0075663526449236988 -0.00043830901318119399 -0.0039336119147285716 0.0038682072090402081 -0.0049588405330023878 -0.0024154307784337511 0.0017548952943813711 0.0014583983024435421
-0.00077264866038864212 -0.0086620615824706936 -0.0033970888142259566 -0.0062335970168055253 0.00068051112661023224 -0.0028106650396433099 0.00092709394093361893 -0.0063218096477065458 -0.0033544876402086541 -0.0040721303362906899 -0.0015034597955355814 -0.0026197939449658213 0.0010405892131484223 0.001386407519972963 0.0029183405491781931 0.0023373639276785207 0.0037696717683522434 0.0036992285540055621 -0.0083683569603500325 0.0053166358334862081 0.0041762621847998551 -0.0011573834770818722 -0.0023423168383327549 0.0061805426048798951 0.0062258899260183888 0.012957262604940803
-0.0031865290062758058 -0.0029474948737051587 -0.0090106357427522099 -0.007387182652451159 -0.0027266159355991159 -0.0037995524311200523 -0.019138948108516754 -0.00019261149079088978 0.0002249486381193694 0.0052019614253436524 0.0018668423722487033 0.0018939822998908155 -0.0033583287130412977 0.0077336053974480755 0.0049825710503415815 -0.0024873742436133735 0.01349100767866571 0.0032434296104562827 -0.00028660154204480969 0.0063723339108767933 -0.0048629836585735425 -0.0040697041558420905 0.0067391537754215407 -0.0015954108514725294 0.015266119192006825 -0.0019659819450202065
-0.0087218652268974024 -0.0012466649706435878 -0.00084870865484889483 0.0043487446311152346 -0.0048829976124408403 0.001145163354393041 -0.011549471803865001 0.0044560447604002195 -0.0016124474939438744 0.0036465333962802863 -0.0023255508705065995 0.00032839563094323959 0.0031249163024802285 0.00047415536741633334 -0.0065693649023385713 -0.0004611166765716292 0.0070308058909178675 -0.0021927001353070964 0.0099732634278565657 -0.0035390243376869318 0.004843332076717213 -0.0036558148658458575 0.0026988975133714144 -0.0020562147494686545 0.0088391913534983935 -0.0012475014050240263
-0.0017290554204655653 -0.0016204862588814152 0.003136584845705098 -0.00069648123321431666 0.0028132828374777511 -0.0018738263403481185 0.0008301156358470808 -0.0028591027571237505 0.0018905520313668984 -0.0029312539515171068 0.0054310580400292394 -0.0018049863265685207 0.0023245999746016478 0.00039264213076822948 0.005134490821668591 -0.0063772526655755911 -0.02378858763533355 0.0074709528669870242 -0.00463521795975464 0.00021266876627434146 0.0072480436905470883 0.0040799330969632074 0.0074466145093856611 0.00077719558961163887 -0.0061024813710749831 0.0052299970826240744
0.019159843246693394 0.011867495945094383 0.0034953035249607953 -0.0084603966301795269 0.0091816253069557062 -0.00087266878533525608 -0.0063957405937666986 -0.0079298501925994525 0.010788911951854656 0.0025785171435814057 0.0081024705206059738 0.0023959619904829399 0.0038958585663649678 0.0039425947224012003 -0.0092927189420972528 -0.0059574580220384038 0.0047654375867627946 0.0012548308630059085 -0.0072467571223941221 -0.00024595637466909249 0.016568361027152041 0.00056017296366636291 -0.025384921535314728 0.001664987448961061 -0.027637673537777699 -0.00079823107237148028
0.0016248852732952488 0.0029882159802488472 -0.0012427268358088483 -0.0014736243388417105 -0.00018819979586268609 -0.00064690741966204194 0.012442558289390922 -0.002125274962226531 0.00044995274604347308 -0.0020199974501157948 -0.00070092318941501362 0.0023180026327876435 -0.002891859249161223 -0.00022689499171404842 -0.0028880419783952073 -0.0041601501338929666 0.0025759385363000008 0.0020638859727627533 -0.0042602391882999588 0.0036485088605027974 -0.0053931401757247007 -0.0026396150765750468 0.0034645063577391898 0.0018571262241540299 -0.0029927107901025858 0.00041672470257328453
-0.0039456742069364781 -0.0081497983047361493 -0.001270508772290826 0.0033575237388472927 -0.0038106000074274891 0.0011809461711874665 -0.020407369665161511 -0.00042033935746968541 0.0008053368663486272 0.0021654341940699887 0.00067029457439783235 -0.0030805896692485432 0.0028779446031427197 -0.0029235042700333615 -0.0050877245872657881 0.0027153939498179582 0.0060632563084017689 -0.0017085046937253307 0.012529778928710909 -0.0013404196614874649 0.011367869306980073 0.0035197319292381186 -0.0031396651357506909 0.0032773440392992138 0.0033470617868507691 0.0014067819342406668
-0.008010264462790042 -0.0097952793393225115 -0.002074605046243674 -0.00037158069183401178 -0.0011362944521148572 0.00055848016289191033 0.00062642058547460438 5.6966009860370207e-05 -0.0027953669523509942 -0.0054214955768245171 -4.4811012062377642e-05 -0.0047791387369371559 0.0011854046198824099 -0.0039169222247744826 0.00251118287045996 0.0067961844386040761 5.6963561688345727e-05 -0.00095772664322375713 0.00012004168403661748 0.0038388498176096038 0.015776927745392001 0.0073270300001630493 -0.0065719542700448681 0.0034400989470462825 0.00035635512867403371 0.0032245338367414
0.0043345884612143448 -0.0050637224227754827 0.0023981901558767535 0.001098164814479941 -0.0031706123723426729 -0.0015826017915505685 -0.0069998658192972924 -0.0032242795819023241 -0.0027014507341217046 -0.0010335816228508635 -0.0032714369038644811 0.00099344728630595827 0.0022151618972463278 -0.00076701106834961032 -0.0090147223364653202 -0.00017092712731344882 0.014161234269921568 -0.001659620493994557 0.0057904587181354661 0.0039066111200420249 0.0025770390231401883 0.0053359506428155516 0.0032437979749859788 0.0010157183196498423 -0.0095623823344286509 0.0011518519254438697
0.0062768589449823352 -0.0023840301854173118 0.0086558830875901518 0.0060827649156404958 0.0073246995588573298 0.00376929212455588 -0.002648708867508686 0.0034478700147546767 0.00050750276117433445 -0.0043634855403793665 0.0018678658256936452 -0.0062711194862817348 0.0015133909766144611 -0.0048691045095970364 0.0015312301166092487 -0.0013150769171172841 -0.0098984085147584191 0.00073683728912376557 -0.0045732310331045526 -0.00047773566645475799 -0.010143385754397168 0.0066215423928035408 -0.0027607418519690484 -0.00050939821231988681 0.002347044750215398 -0.00046835621931062832
-0.0050523360864558834 -0.0027473337184858219 -0.0017521994497087506 -0.0047710982070127026 -0.0042511113171964064 -0.0037326931780497872 0.0082244750572799639 -0.0036833108942682627 -0.0013837515323211341 -0.0023377928046912268 -0.0032294335098246121 -0.0004626237922328581 -0.0017039234818696904 0.0028077486245835313 0.0037616423722250021 -0.00027152798133508381 -0.0019517671068479993 0.0035354031720254732 0.0021546430195841263 0.0047536244888375864 0.0076643158562869828 0.0010238664907951188 0.0026757870756654459 0.0039576724573977609 -0.0051563408968163318 0.001928065342436433
0.002554570758312261 -0.0017557192399643819 -0.00068945001873142774 -0.0017715445991513584 0.00030676050426290671 -0.0033509480392905975 -0.010458286048792521 -0.0011852698280126397 0.0022595802210925238 -0.00069664181306716732 0.0032038988525789507 -0.00035077226326637052 0.0024206181254179011 0.0033449016444039004 -0.0045775354808236315 -5.8711173380546933e-06 0.0006083133032192792 0.0037587273313251651 -0.0043548567786611085 0.0043765588910408323 -0.0057702844106927572 -0.0031616052185537277 0.0044977645748770457 -0.00054892253747313227 0.0099989063979405955 0.0013471067893473104
0.0085015417751077987 0.0010225605660619209 0.0058691170360785413 0.0015446776245204752 0.0035483382114718572 0.0030383996822093643 -0.015956151426697349 -0.00025149397612082868 0.003479359606382649 -0.0014254447769948633 0.00044749497873338958 -0.0028312144788951478 0.0045903912621725173 -0.003398541340301966 -0.010337328686019656 0.00010746358372155031 -0.0017831969423821822 0.0017125536596448313 0.00096666633146022789 0.0040488152360977601 -0.0042970611951418797 -0.0047236102776569639 0.0091400343853235335 0.0028409148437544066 -0.0041692053364895615 -0.0016850803460409791
4.9707957099617839e-05 -0.0070956482694550325 -0.0034068822639336011 -0.0038098127157416839 0.00069981699002371386 0.00048237270674652568 -0.010085841598619361 0.0026333149061289795 -0.0013686375310010377 -0.00040007646260332351 0.0006293652854278786 0.0022992944173188846 -0.0008623618817448892 0.0018392681346986539 -0.0069952604301428923 -0.00083572950415022104 0.0037234534035526451 -0.00090230991436857121 0.0050746234888466493 0.0014878411655483543 -0.011362287164140183 -0.00038846855639880891 0.0095550614782606361 0.0048934451801597766 0.014349242266371407 -0.00020349108788338122
-0.0023799233046170173 0.0082181681966749763 -7.7679091225026434e-06 0.0082824748931848661 -0.00083213425413992091 0.0052125644785850087 0.0022412862207147177 0.0016579709429480158 -0.001157656650165143 0.0026789085243068642 -0.003121856705100149 0.0014588818103422386 0.0080866495085707649 -0.00075522384845677496 0.010990488210371657 0.00011420983337078742 -0.00086463293035281795 -0.0047797862622094896 0.00052808397753151433 -0.0095742697283608454 -0.002913633984255187 -0.0009975990306908837 -0.0058314120200367112 -0.0074142546493222491 -0.0047374901593995582 -0.0041020451603729635
-0.002268293360220967 -0.0020647641104211199 0.00071853459513819377 0.0054768870931564961 0.0018324353729201291 0.007825449873658635 -0.0076994390640908773 0.0012656091383259301 -0.00093579407756734598 0.0016479441630015477 -0.002444828845183095 -0.0005852321026289239 0.002446488747273805 -0.0033538385518574196 0.0080777943796784112 -0.002159730545269719 -0.003746540218245822 -0.0046490409192237649 -0.00046861960369120248 -0.0044528423256408227 -0.01077775785598572 0.00084845543390510479 0.0061898231367807548 -0.0026920291783256393 0.0090761967931926625 0.0028931320313190789
-0.0019968245067948382 0.00017593931642717641 0.0020695562624545756 0.0051931304247203021 0.0010084826176757454 0.0014619387978959443 0.0045986442892225077 0.00494998587845389 -0.0012754465700285794 -0.0044070749257388957 -0.0020349800467608296 0.0012927565595022446 -0.0038430943981729725 0.0021329519080490571 0.0064030383146924767 0.0017913399578999385 -0.00032894793105395876 -0.0072742593355875559 -0.0054572201462517126 6.6790650203568235e-05 -0.015896392957200051 -0.0018333501004972987 0.0072238162349270336 -0.0015811473538240579 0.0095293688372908979 -0.001969001777504073
0.017154624964276312 0.0016183247494319978 0.0010647578441440719 -0.0090877364917012014 0.001353087983692654 -0.0092828084275900623 0.0167982710121484 -0.0066133777465243711 0.0034848863803303076 -0.00076291056788101727 0.0027199152027523339 0.0013034058670985003 -0.0018256273926525821 0.0047986638724214943 -0.010814024297752318 -0.0046443654718919996 -0.0053537926372289974 0.0090502936325727902 0.0011558117629520137 0.005536884141066508 -0.020157221046785641 -0.0033983888214564866 -0.0022439873068394421 0.0053333878902109911 -0.0033367024690370184 0.0061486273742430569
-0.0047665533263359138 0.0025645059862510035 -0.0046712858804761927 -0.0048901267953953683 0.0013419720852419566 -0.00084323981427545801 -0.0010927111998477316 0.00021977228835449807 0.0015817095214466161 0.0021653466930506983 0.0036286554579490686 0.0023933771243326344 -0.0064259711514615368 0.0028022513010532006 0.0043256706420875153 0.0027383071501717758 -0.0046684279165985221 0.0031848700307380664 0.0055977740702643757 -0.0020497817086086939 0.0029646054879572279 3.757393379374483e-05 0.0054883850040681661 -0.0019208787777853294 -0.0033038227942948184 -0.0064019774116806372
-0.00055809444742811049 0.0033792733094697965 -0.00080177771794593669 0.0028089889135418282 -0.0005191918895677888 0.0014533869232945841 -0.0031203452577429841 0.0011938724490076771 -0.0016883591203335894 0.002082280458331494 -0.0012322889047910826 0.002818275281100902 0.00063746383805960045 0.0018871986296651424 -0.00060311953075151072 0.0013131930148621543 0.0020142258357137696 -0.0021123579074047044 0.0082143748033953971 -0.0053068429360974148 -0.0057173090388163003 -0.0035995144602043133 0.0061131148921536637 -0.0041874774653123869 -0.0027386934619449839 -0.0017302762102543723
0.00022975514382498306 0.004175073244519904 -0.0030170225430768689 0.0013950415165383744 0.00041647075823185182 0.0028234658250772221 0.00086850376671449394 -0.00036310667640528896 0.0019710470668847795 0.0026452389101838483 0.0021952723953737679 -0.0029530368749592574 0.0002378643011806238 0.00071591651462593663 0.006625256026945847 -0.0026593862916499574 0.0010866865030952743 0.00045955390825350108 -0.0044686721685849974 -0.0018550084341484091 -0.0023010083478376565 -0.0054440296719806937 -0.0052324423852038084 -0.0029568827768952409 0.0013882894824522713 0.0040171608068402254
-0.004382447266292288 0.00083231068797038157 0.0010129305751954889 0.0012417194211587137 -0.0023873147814949731 0.0032275503850566489 0.010476194838725405 -0.0008757694116649237 -0.0040410938227647963 0.0031755785948085528 -0.0028493620402495019 -0.0035726530308175519 -0.001286021410896948 -0.00067592841005124189 -0.00035188696386592722 9.1302964958244007e-05 0.00069013688669964908 -0.002533350373325069 0.0012149381010971667 0.0005036780096416342 -0.006806297461958738 -0.0039053228180239204 0.0018722908048686784 -0.00046587266596645883 0.0068379325409369312 0.0029567566462549294
-0.006669252735107439 -0.0007360003901116215 -0.0057941791207369048 -0.00065993322489824209 -0.0047644913052178137 -0.0024523131369800287 0.016653615075674685 -0.0018832005391094281 -0.0026331502256655604 -0.0008529571826116529 -0.00066811065452557434 -0.00050632473899088438 -0.0049902234868145871 0.0015320980104020958 0.0077382142872007365 0.0033006318866547397 0.0020833047966875269 -0.0011422863473559974 -0.004471557284037208 0.00072993524705907927 -0.0039664211284946944 -0.0037492147241771994 0.0032494873061031304 0.0050874905280787041 0.0042327644749340174 0.0013320746120404903
0.0072882081459779277 0.0036273135314269533 0.001181036865135834 -0.0063840420241053535 0.0083066887755286738 -0.00183325626975661 -0.0040085684125935554 -0.00056227105751869406 0.0059348786520608396 -0.0017030824023858587 0.002671511003428482 0.0034450649755771554 -0.0018212083673347125 0.0031888795392766077 -0.0050907116191433177 0.00065978379626178225 -0.0024079878464562791 0.0010352206309152453 -0.0016185566674372545 0.0016618887106146266 0.001563494357856258 0.00090359038072886652 -0.0056132617544854685 -0.00071143745293162025 -0.0063855231325365691 -0.0033276523581029505
-0.0034845331927340923 -0.0031903087260671363 -0.00033555485961042327 -0.0018223114867591363 -0.003646283880420733 -0.006225553414955746 0.013578110137657419 0.0007266121001458601 -0.00018840921160522819 -0.00014906072425580221 0.0007880456017151892 -0.00070842564545798908 -0.0055889779623931888 -0.0023372880245654112 0.0040538862865989959 0.0015167627154051475 -0.0010827998773585421 0.00011428915983545526 -0.0020836660003838805 0.0026028771599669138 0.0016038654960514364 -0.00032325499859248879 -0.0059846204973020949 0.0070601149690092072 0.0023709379597856538 0.002735546916290868
-0.0072980631535052602 0.0011973368035390331 0.0056189469955333412 0.0084308104951584268 0.00052255770279357279 0.0023369417863624694 0.00054593028746654452 -0.0010214063078498622 -0.0033793069345087715 0.00011197103475129103 -0.0049683337135010813 -0.0007272415298535676 -0.0067722835435195892 -0.0016146102688344879 0.0043501042630804763 0.0017131680095407303 0.0014647325369907763 -0.0039127036082982113 0.010537547704109999 -0.0058458075683928091 0.0053448175357700793 0.0022836181821906652 -0.0043091390685801355 -0.0013706064152338158 -0.0016575106121301912 -0.0015814706130798661
-0.0089529454409047957 0.0053714660604358647 -0.0021456935207851868 0.005629484013068984 -0.0071667080081338295 -0.0013748530250115108 0.0248414805312131 0.006258618503119197 -0.004897896119866324 -0.0010559943851240225 0.0013406968383176455 0.0010780519313975888 0.00041582947278049308 0.00014699431733869485 0.01125948762543188 -0.0013683537363055323 -0.0019640561106292424 -0.0011430312518791123 -0.0056908307204498066 -0.004742645333715231 -0.006285026066800278 -0.0014217928346982429 -0.00387980157336706 -0.003352908840288194 0.0031254630931930542 -0.0040250354183384157
0.0036130321441983602 0.0023004434217637833 0.0005635773415707656 -0.0021237844452347146 0.0013625870376981291 -0.0010199419195300202 -0.0044269264893959893 -0.0047446300967631545 0.0037575725024650381 0.00028772289787667033 0.0022690249216682197 0.00054346181372713241 0.0037131195234768829 0.00038112661047903828 -0.0055194511959807757 -0.0031618596984349283 0.003864632457497089 0.0016660951760735438 -0.0066325633290457865 0.0045349832726144634 0.0088168721720207344 -0.00051027939381121724 -0.006390310406038391 -0.00074376967038288205 -0.0049911666801346136 0.002590432031622486
0.0092484957987555138 -0.0019481367171162226 0.0073485351616769876 0.00020564378917659987 0.004635250936153139 -0.0039268709691049966 -0.027130845849218332 0.0042401730083918183 0.0070135481287999842 -0.006187050321550632 0.0057743783891201234 0.0021427890301976668 0.0040544115852581639 0.00048527889815098535 -0.0039339861176197937 0.0013237050583474659 -0.0029466302535110915 0.0023015925860525306 -0.0018755713459383309 0.0023099811431988981 0.0045134200233090489 0.0012872256696142329 -0.0041848720323590296 -0.00038218360759390978 -0.002516134424425086 -0.0018521475677639732
-0.00082699102692332556 -0.00061145817647523693 -0.0022294598381427835 0.0043532371983476129 -0.0040911653019923624 0.0019944674643462227 -0.0017276420437665888 0.0032429220870876583 -0.0024272895220131497 0.00072674040363970751 0.0046707295591562597 -0.0016331783855801259 0.0036806427427101447 -8.2454272911095883e-05 0.00057503583479550139 0.0029827554018841624 0.0029383672705428502 -0.001997090731403711 0.0020548747513479152 -0.0022290328559371004 -0.0064135038523690574 0.0043014392474786068 0.0047807445324334506 -0.0048776888188430271 -0.00098434310577829795 -0.0061706585616336518
-0.00033334704504907678 0.0029407255390258981 0.0065187575528832357 0.0079544561631051461 0.00052789686552637922 0.007819057399680163 -0.0076728483120289265 0.0013858432257034506 0.00081297126087002264 0.0067897353900880503 -0.0048413810645951162 0.0016761990063372482 0.0012331288662422893 -0.0029419737045325483 -0.012508958981345802 -0.00082036528619209453 0.0065099490033769993 -0.0058292148940612401 0.010599494224926913 -0.0085953779369416505 -0.011441034502196176 0.0040387854645750829 0.0040933058107433546 -0.0080738460400754993 0.0065020663206454068 -0.0063440243267117308
-0.010225642472329325 -0.0027144723805832866 0.0020028274740995001 0.0055590596758141398 -0.0046749856819504748 -0.0013821181464428289 0.0076919326015907766 -0.00071055397917450217 -0.0022167797107491768 -0.001485646583287381 -0.0048153306441283891 -0.001971194396358691 -0.0024990277312784835 -0.002050357804319872 0.0080251014392510034 -0.0024449990071675923 -0.0065752655281547476 0.0026237142250718644 0.00082678096658534946 3.1280770574881964e-05 -0.00011202436632888092 -0.0013187527136592236 0.0035310729759934463 0.00056321638829578903 0.009041340677400202 0.0053008239512364747
-0.0047514525848322475 0.0013938814420542047 0.0050466355494110417 0.0029799235642148625 0.0011786226117273791 0.0027138383151813295 -0.0083165508948625996 -0.0017844464787798333 0.00053743815904318953 0.0023229521859504027 -0.0033363725794639935 0.00097349883539284566 -0.00026169850353384644 -0.0034599122258244445 0.00010508728466251144 -0.00016527616535122683 0.0021875765956851328 -0.0024236427380457193 8.340827411167746e-05 7.5056598267647223e-05 0.0072179420945011185 0.0015499805144453278 -0.0015631366760719366 -0.0011481716712571999 0.0018725006696240958 -0.0030276821762484918
0.00096558006490987842 0.0049029193003408758 -0.0010198755657347112 -0.0045590706606560638 0.001044803726727472 -0.0010943971361612643 0.010623155775924081 -0.0046339065085184922 0.00031289177671659169 -0.0036000043506215283 0.00047584330815981417 0.0012699622139329518 -0.0021900849886172941 0.0040424081997433286 0.0046282767076551937 0.0032442910119821048 -0.00026410698035621012 0.0034461538289613505 -0.0053720969153379034 0.0021183354723229536 -0.0010939918535168595 -0.0021392668043278391 -0.0054384008955543142 -0.0020570214385373696 -0.0026719941609758048 -0.00094040312846119245
-0.025650596658019366 -0.0052664933572283273 -0.010160784210549251 -0.010052903882271921 -0.0071169704129801364 -0.01085906619296105 0.043823738002512533 0.0035268585259818699 -0.00022535141205936486 0.00045279031770983805 -0.0027774118525544442 -0.0017406896509544144 -0.0046864157631586112 0.0045561460963888783 -0.017559398275939969 -0.0069394020836241839 -0.013281494484270779 0.0083495822152126684 -0.013772171000324664 0.0042492978742180512 0.022513327654495683 -0.008306675896669764 0.02523070389114386 0.0069782773764216419 0.0036628245217053849 0.015052278657776599
-0.0012775430602368319 -0.010451645566770614 -0.0021354515021835699 -0.0069439872107670171 0.0013104200218859814 -0.0062968315534828916 0.0017695864073980327 0.0032354510984489897 -0.0018976737663038753 0.0010955231194410685 0.0033842129724654668 -0.0077801258963891709 -0.002111946608344985 -0.0021585776462581517 0.0046183259318674577 0.0079656427618637199 -0.0020480610405141158 0.0012807884223154562 -0.0093514417318705037 0.0050367009635478178 0.0024838404492005667 0.0027578560157853617 0.0027576469846514328 0.0090059670663123325 0.002498084941985806 0.0032532384259529867
-0.00097114247643700392 -0.0044208616033505248 -0.00082720137175237244 -0.0064435429613035108 -0.0011935651898433881 -0.0046300260432938171 0.0094362466352873459 -0.0025156444272849974 -0.0054840976338873127 -0.0028201332461520313 -0.0048818959092530537 -0.0033167315770217479 -0.0061933098622822848 0.00039378085584085363 0.024304664750520042 0.0048201967224557642 -0.0051143364608178497 0.0044738472680477892 0.0041789403359677501 0.0044112387774558632 -0.00078853967370740019 0.0021979329223296659 -0.0040760422340887347 0.005416166413486064 -0.0083897209097051947 0.002433776898790499
-0.0076937640194551637 0.0020082999334371694 0.0019017256125104568 -0.00041634589112789417 -0.00030147861540261297 -0.0039062323685394433 -0.0025306898397088658 -0.00078952310494088398 0.0049261498334872674 0.0034614216725978959 2.8397870606693826e-08 0.0027643836344055568 -0.002763544742125501 0.0041123916532398762 -0.0058863039611992329 -0.0028904645389234546 -0.00089428529599156164 0.00025075679353502728 -0.0037203815388255363 -0.0024290824607808847 0.0093657419479527652 -0.0027703859595774203 -0.0018864736206094502 -0.0016578050042808869 0.0094832758414978083 0.0022625856409555223
-0.001341321732725418 0.0041760711546274263 0.0048470735929510098 0.0022900275546949471 -0.00020770525716941541 -0.0013722397153206976 0.010255958918374386 0.0023642117036523978 0.00037292485809968696 -0.00054711191581925385 -8.1165946986041029e-05 0.00087236779958141733 -0.0047531224259188673 0.00055958074513884413 -0.00034111430490169271 -0.0018685157823920011 -0.0036695399583549443 -0.0021265268548604135 0.0024433136776565645 -0.00076832241106223936 -0.00048531093887533606 0.00070939610077849302 -0.0011661673628717698 -2.6102031902021676e-05 -0.0058738231192790504 -0.0042628363471167441
0.0010592172424004273 0.00040631161962074677 -0.00026657815059904491 -7.4043606382180561e-05 -0.00010513349331819043 -0.00069098870352835733 0.012617907227468044 -0.0003035490254532766 -0.0016850504166477823 -0.0003949528494463736 -0.0023849089601129334 0.0012891177287263004 0.0013716089117683456 -0.00151406502873528 -8.7470987794304578e-05 -0.0002992557074188305 0.00080758328834877233 -0.0012067269497695375 -0.00029057248376585746 0.00023700876937090111 -0.00032967370884737788 0.0067862649364042226 0.0032835173516492459 -0.0013053722160132201 -0.013990445820549556 -0.0029297489673751481
-0.0019938465763789815 -0.005556875176177401 -0.0084838642218253608 -0.0025344285820090955 -0.0035409643983816755 0.00084898965196036468 -0.0070341479974810111 0.00036653980091007972 -0.0028445268383781 0.00080489303194090272 0.0015298342719187504 0.00062705983536922986 -5.4261196336569291e-06 -0.00047142858665965171 -0.0057756330876883102 0.0014892190637219287 0.0096307780156363442 -0.0018616868270265993 0.016076715927069489 0.00086065666329088913 0.0085970959841972922 -0.0011808362603658435 0.00088514268251697458 0.0034086770594055232 -0.007041157641571285 0.0031992203256393792
0.0076492209280545516 0.0018744853207431904 0.0047276525877357461 0.0034804466253409092 0.0015780759580492341 0.0031233570522545846 -0.016339794539371968 0.0016171911031794459 0.0023025472467218242 -0.0029126450872090704 0.0027250877713453346 0.0014446569791740282 -0.0011702126885163862 -0.0013212237604273958 0.0042615207820926775 -0.0001212168316384262 0.0049324098340525358 -0.0031917348915025713 0.0033427063172803825 0.00037889575383303253 -0.0033795393539508755 -0.0023317249991867349 -0.0063241332610669415 -0.0026223108129831028 -0.0043055415824262578 0.00058182354842203909
-0.0033071508013543006 -0.00021901843054026969 0.0029801632728750876 0.00055733966998927826 -0.00073790734082983473 0.0021765765448412242 0.0079724494749915109 -0.0025932470386274102 -0.0043970710571047851 -0.00012277300611538859 -0.00417938867455603 4.9812413153433249e-05 -0.0060799599230098953 -0.0018881648281896966 0.007568958987666039 -0.0026536414621124143 -0.00076882541268079372 -5.4012912966976416e-05 0.0020889973344539116 0.0011453473753035846 -0.0049978772704685056 -0.00016428759585837918 0.003344334576105462 0.0013183580918479439 0.00051327683391115932 0.0024477111792751555
0.0024901011892374493 -0.0013760429309945998 -0.0025401428645527285 2.459126428155543e-05 0.0042207294413469949 0.0054627870674689707 -0.011931915080936018 0.0034235488190628247 0.0021652408270058186 0.0010761264399390519 0.0028990307786664572 -0.0014292675612157463 0.0099212484230950092 -0.0029415374511578916 -0.0056323464465965287 0.0016264339552812526 0.0017887257093620419 -0.0026052925267177067 -0.0060377135294276451 -0.00029672831539746878 -0.0030534121147024708 0.001225314925729043 -0.0012993035586980754 -0.0019384954885223917 0.0070097572262006417 -0.0022514381977572634
-0.0069115745815247001 0.0024131930172192903 0.0022867614336935117 0.0030403967450355505 -0.0019367302820253291 0.0030107176021628803 0.0090825844257622721 -0.0015924867393890725 -0.0032126361081848106 -0.00032101229442909192 -0.0036627911891565796 0.0010422809484795781 -0.0011522354910394658 -0.00079055988294862831 0.0026919058228582504 0.0027362103907984749 0.0046000009016500549 -0.00040942777522117726 -0.0047812444007458189 -0.0035310244396402242 -0.0028150655619856618 0.002374910577597597 -0.00011122040181395123 -0.0045827654902340503 0.0059222454325135029 -0.0033904326594308976
0.0033008612043823726 0.00054555048683624786 0.0028582409516973379 0.0043661643878196779 0.0019291259404139471 0.0041728079043835331 -0.0029577042017782957 0.0012711306780794933 0.0033853001361466534 0.0039077632450252951 0.0019297468636862605 -0.0032218136270772578 0.0018892830508943624 -0.0016293052510988396 -0.0034334055631452822 -0.0018768365315008011 0.0032330354527873644 -0.0042658388316828008 -0.0011078825865816159 -0.006934183288255737 -0.0031693162150626831 0.0038874866537976565 -0.01110903897683054 -0.00049471748600047011 0.0032517539433894599 0.00027179165967407271
0.00098235488638087447 -1.9699661158297898e-05 8.7954463092005178e-05 -0.00073824591676753472 -9.0420652364418038e-05 8.2670669588452575e-05 0.0072872366123614305 0.0020505419780080438 -0.0019668387459599295 0.002848777198452208 -0.0024619555146633389 0.0011937969862602163 0.0075184034880889164 -0.005100891705741112 -0.0027848282124861771 -0.0020912853155853565 0.0048584524227995897 -0.0013301488270127874 -0.003914388930715983 0.00092499946459005113 0.0034135527500324357 0.0070561989232450903 -0.0026128050373855002 -0.002150038702006472 -0.010316717529180492 -0.002726675091872785
0.012692132161178803 0.0038513065028726919 0.0081022135047635335 0.00017928998581619063 0.0058366938370634953 0.0013096379282797968 0.0062643269482109461 -0.0023031078262468483 0.0044565701377580315 -0.0014366695409172207 0.0046558254739764281 -0.00064421729928589 7.7887984886817942e-05 -0.0030210430723602417 -0.0093852909250190329 -0.0048762714191863763 -0.0070602489336364206 0.00056424977126703641 4.5339210723055142e-05 0.0008152512538039179 -0.0041939092964315217 0.0050749671485457405 -0.010227021397049892 0.00087691649416927163 -0.011264518706424469 -0.00039030992675821718