C:/Users/vmc04/Desktop/Wing saga/Wing field landmark repeat/13 landmarks field repeat/ARS field collected/coord_Aug10_Format - {Aligned specimens} - 1 17 26 0	from C:/Users/vmc04/Desktop/Wing saga/Wing field landmark repeat/13 landmarks field repeat/ARS field collected/coord_Aug10.txt - TPS like internal (simplified) format - can be converted to other format by using TET	
-0.6729823869361653 -0.071486260353470818 0.22566657883803745 -0.081267584404208087 0.23758859334795726 -0.060424910387510668 -0.018752756372819937 -0.10615208839922431 0.24695762288421913 -0.029873085110998988 0.24538537237691008 -0.00067169182643613847 0.21343875140537744 0.023290640401595245 -0.0016608873127251784 -0.0097603401479742693 0.14362147195991234 0.057750615642477354 0.050733867346620456 0.087060257232972102 -0.33745472823366129 -0.029667232306127434 -0.077367895459778083 0.10863700439737392 -0.25517360384388477 0.11256467526153233 
-0.67905487496490202 -0.068793267833950233 0.22327873460751813 -0.08924612730145437 0.24278614302580623 -0.06214352714297635 -0.040022133133808348 -0.10255241001619585 0.2497829329040413 -0.025798213515854249 0.24128544005524258 0.0021393675417624731 0.21208651677184406 0.024742640496147578 0.019357513090018104 0.0036494671436789819 0.15171950747579205 0.055417044972688324 0.050926738651893268 0.083725845486428849 -0.31848346426241653 -0.026786441687599596 -0.097535420346143445 0.10754279881935094 -0.25612763387488413 0.098102823037973394 
-0.67517686371952124 -0.071765845006877702 0.22501241230794791 -0.081536893207693403 0.24122841870846271 -0.059003048093182624 -0.053528841424390523 -0.096201906792486067 0.25331617212398122 -0.027304812802639584 0.25113170718014566 0.0012601070567221651 0.21733606029354274 0.024563575177863128 -0.0090910077704547555 -0.0031073175988138423 0.14982669908294977 0.054841847746037169 0.058855125411153848 0.082961259296191997 -0.32737192978647123 -0.030218539560555906 -0.088215504929407343 0.10467577878457519 -0.24332244747794002 0.10083579500085874 
-0.66626598433961104 -0.072884859376094457 0.22473010235900809 -0.087379874938527197 0.24781253357390226 -0.058413617982011286 -0.050945632590617795 -0.10152450758697441 0.25502819437701796 -0.028981850683492811 0.24948837080511102 -0.0012932444996096026 0.21741082781183965 0.023997858171921967 -0.0015169419289865137 -0.0045160280371565826 0.15167037874357595 0.056628757737770097 0.047756578618643991 0.087203528042068421 -0.32930343309562249 -0.026660055815462873 -0.098778949499031612 0.10844181231718779 -0.24708604483522936 0.10538208265038072 
-0.67772446350331439 -0.061335560588889927 0.22511962152746398 -0.080796414399808794 0.24353233643396102 -0.057817362605245226 -0.041359829124283508 -0.10192853548924803 0.25168848122111415 -0.022438692769969501 0.24538358180875944 0.004947075803298286 0.21405770402974272 0.030251918631072926 -0.014153180247075271 -0.0067569455476549278 0.16316777732886392 0.054304306094212156 0.047350864711375631 0.080309060281419972 -0.32964387455274874 -0.033182752556748463 -0.081997500375492943 0.095026531269886028 -0.24542151925836661 0.099417371877675798 
-0.67651141701364703 -0.077539901896031771 0.22334716972907878 -0.087244094624512616 0.24352813785435559 -0.060676318464741995 -0.0286301716295881 -0.098787751490723497 0.25006139452133797 -0.030281763860899414 0.2440934168488107 -0.00020133202853195824 0.21328003188300118 0.02300023709113027 -0.0049680311059623278 -0.0033323019755341545 0.14675853708139511 0.056771256502830457 0.056381050719553426 0.085773129156033218 -0.32874893922394194 -0.019807473362604373 -0.090094928784344719 0.1071108321678431 -0.24849625088004851 0.10521548278574312 
-0.66627672654213266 -0.067186941392822233 0.22732159565022658 -0.079677772031293781 0.24496747949823208 -0.052173370119855934 -0.056459277314233586 -0.093731701121132688 0.2545583224279247 -0.024810585458254594 0.25104202170912965 0.0033289512871515349 0.21740782832780936 0.025903022771725161 -0.0086445371253101484 -0.0062726055940214758 0.15657016969095397 0.049006016152889742 0.064448418870717866 0.075587763150094148 -0.3366573265155724 -0.02513295001711769 -0.097059549088817948 0.095913660793513295 -0.25121841958892754 0.099246511579124647 
-0.67842317397461926 -0.065770070624738067 0.22058458816224188 -0.080618738739889284 0.24584183675964663 -0.051552286632813603 -0.050129326297675109 -0.097688909381213704 0.25354979948866624 -0.021143328990529741 0.24598432706403509 0.0009622359466955789 0.2150086955627532 0.025181560455968102 -0.0038286153288470634 -0.0017769999992464736 0.15774246901530489 0.050443386692743862 0.052751335252069084 0.077956885166584375 -0.33633627928801152 -0.031664353379316036 -0.086100443621334788 0.10041867586478088 -0.23664521279422934 0.095251943620973986 
-0.66236048442004036 -0.071994954775457448 0.2277339096391153 -0.0871392759299318 0.24517684155747613 -0.05851474157344036 -0.054940009552769384 -0.097041927225716265 0.25611521718403346 -0.027881575639882916 0.25293106639114527 -0.001625318369456592 0.22541994587049258 0.024211785366167412 -0.016416364079516001 -0.00058699668450334995 0.15406818674666514 0.055655630298187174 0.052780119344497001 0.086799337747010957 -0.33216847297124708 -0.026623403330980001 -0.10776305099353944 0.1023646980859718 -0.2405769047163118 0.10237674203203161 
-0.67550256285639432 -0.064793118755089474 0.22819302260343616 -0.084877037957379095 0.24390475110924559 -0.055293575442783349 -0.029460932474806925 -0.096440277489099085 0.25243526537155297 -0.025632047897562193 0.24245519156164128 0.00012666730155191529 0.20991673941938474 0.027156617488846214 0.00025646560286656954 -0.0054485279442211985 0.15480875679755132 0.054431914915249034 0.049398818029508629 0.079176004308814787 -0.33548763202437887 -0.027448969526082067 -0.090947064943132191 0.099169827962917234 -0.24997081819647532 0.099872523034837415 
-0.6696095078913572 -0.063680275965070518 0.2315056184679537 -0.084543672758726346 0.24892787711156292 -0.058463566561522351 -0.023520901970879173 -0.10067415747294865 0.25267812666191775 -0.028944358945659627 0.24157542796483222 -0.002304186111402021 0.21035812472155044 0.022617147886656572 0.0070161466214519628 0.0012443263361971405 0.15388901988599452 0.053318718402965433 0.042462216963283637 0.084042455874314539 -0.33279842765209439 -0.026960940395238234 -0.11252918042657981 0.10293890608754717 -0.24995454045763624 0.10140960362288706 
-0.6748310252305284 -0.070533633308183144 0.22056752114984193 -0.080401175133483341 0.23990466612679834 -0.054252058527075209 -0.050960088213031766 -0.098903571518961689 0.24964991919967927 -0.027355547119767773 0.24541597497172626 0.0043961192465657058 0.21714309197659681 0.02366337791386381 0.0032716635026611637 -0.0025090368600930407 0.15450557205880611 0.053493170764600424 0.065390858591656553 0.080325618355889944 -0.33912257464374629 -0.031847690174002116 -0.089455783461368565 0.1018059407646974 -0.24147979602909153 0.10211848559594915 
-0.67473266687457567 -0.073246389415310101 0.22226690311662292 -0.089480910365828628 0.24524454437842247 -0.055614490589389852 -0.042230654063254984 -0.10495205572801009 0.25486704739690336 -0.027304037752799031 0.24900195329718078 -0.0025295028574894881 0.21188064027025594 0.025554465838885564 -0.0023933878610941746 -0.0031015385645578797 0.14347500584704959 0.057985995304688828 0.053324910026383336 0.08775111898309651 -0.33204002182611297 -0.029686282194014646 -0.093669246832521105 0.10662746414686498 -0.23499502687525969 0.10799616319386339 
-0.6676736818912653 -0.066235706191619087 0.2282389637664034 -0.087273217470189929 0.24481083983333757 -0.060734470970466345 -0.026361294358329956 -0.10137512302288104 0.25261189352084618 -0.031201637388916213 0.24296827931869547 0.0010666782899493026 0.20861363863607005 0.02500188981689052 0.014033975870960294 -0.00033287473263687379 0.14695927699558042 0.054634344899909773 0.050609533314156137 0.083232380044884216 -0.33023417319180964 -0.027960113887423563 -0.096569750247636116 0.10597418815073865 -0.26800750156700864 0.10520366246175993 
-0.67125173640874358 -0.066062801790024966 0.22934825040411741 -0.084504223405941992 0.24833559173057815 -0.054761699711063747 -0.039051145413478885 -0.098473041876073628 0.25671389776148468 -0.027767719390132103 0.24826910836683797 -0.0011853833694042675 0.2124718519602066 0.024334672923547268 -0.0070648575177770529 -0.0030447364160293734 0.14637442589483682 0.054156714918341696 0.051795915135172406 0.080858401093547208 -0.33052767405039563 -0.028578700100396738 -0.09857631547620993 0.10442640569457458 -0.24683731238662873 0.10060211142905578 
-0.67313533117776958 -0.072616699988898456 0.22639549306366502 -0.088571097608440785 0.24493812237908899 -0.061284652733186916 -0.02261965434718477 -0.10258517089890871 0.25355352963328381 -0.024101650466706162 0.25104105944797422 -0.001803731666443744 0.21135516970555976 0.022914663309121328 -0.022767228071571066 -0.0071832322839651174 0.14563907018054612 0.055026728199979245 0.052667190450280787 0.085857642953805477 -0.32257506070371317 -0.024992842438649489 -0.096047569738765673 0.10916839602857895 -0.2484447908213949 0.11017164759371448 
-0.67206428184015754 -0.066470803534978695 0.22674254502173685 -0.078912482086910887 0.24456264032652147 -0.054715024911922809 -0.053848955897627393 -0.099240874552593408 0.2550509852923924 -0.023882028399508783 0.24606652518630812 0.001038450342684455 0.21879712567545662 0.02430621931770759 -0.0093731300893572476 -0.0017280242854359087 0.15411703204014171 0.052874947352556857 0.060401255973023822 0.079007992030683358 -0.33424223137211662 -0.032664665761684426 -0.096804637765250029 0.098269909875935771 -0.23940487255107243 0.10211638461346681 
