C:/Users/vmc04/Desktop/Wing saga/Wing field landmark repeat/13 landmarks field repeat/ARS field collected/coord_Aug10_Format - {Procrustes residues OP} - 1 17 26 0	from C:/Users/vmc04/Desktop/Wing saga/Wing field landmark repeat/13 landmarks field repeat/ARS field collected/coord_Aug10.txt - TPS like internal (simplified) format - can be converted to other format by using TET - Orthogonal projection of the preshape data to the Kendall tangent space
-0.0010775243289658318 -0.0025892393670683437 0.00023732733318517982 0.0029716685850626309 -0.0064717095550725513 -0.0030788261668664835 0.021373894437767185 -0.0063526073265063087 -0.0056547407380834209 -0.0031520344550857705 -0.0010506882454467039 -0.0011213227729972967 -0.00082084347045562099 -0.0014317311072894136 0.0017441539609888614 -0.0065538755977992474 -0.0076957246172767464 0.0032898005776769556 -0.0026276481112249587 0.0043396220447963155 -0.0064146701389977993 -0.0014664283261036435 0.016628979816974032 0.0052963345206530291 -0.008170806343392345 0.0098486393915278581
-0.007068500150140245 0.00011211140164433836 -0.0021778648701824806 -0.0049966548185370538 -0.0013037680779898753 -0.0047904859762226614 0.00010938564555183381 -0.0027408217591597412 -0.002860076413153897 0.00092607880706951765 -0.0051805169831727216 0.0016896820481767552 -0.0021990710287937572 1.7269790218798315e-05 0.022762967446664728 0.0068563206864309285 0.00038395383732608437 0.00094962298850302489 -0.0024412503636920798 0.00099517503588128628 0.012596753990966639 0.0014177834758615595 -0.0035271418287926219 0.0041895921586278043 -0.0090948712045904687 -0.0046256738384945623
-0.0029797584246774493 -0.0028388575003556746 -0.00051488886732609877 0.0027389993522498666 -0.0029380373761215238 -0.0016320213922690098 -0.013384737666322791 0.0036409817180960268 0.00059393563100069774 -0.00057213991849890534 0.0045884600486612494 0.00081028054474157967 0.0029832739506661177 -0.00016954924069189205 -0.0056844854858584459 0.00010054159198685207 -0.0015563123836314025 0.00035734513877119616 0.0054704005473909549 0.00020464505488476258 0.0038121130323391563 -0.0020054697387329283 0.0058222539619601716 0.0012901612422122892 0.0037877830319178788 -0.0019249168523947785
0.0059470979798548164 -0.0039562335879317441 -0.0008025592309648848 -0.0031019792786005033 0.0036402740524242652 -0.0010412276657250741 -0.01080057467293063 -0.001679245974402586 0.0022999510902515048 -0.0022485424074863906 0.0029392637443011469 -0.0017430817032298893 0.003052946654185886 -0.00073585411250558946 0.0018896613230670893 -0.001308092600795067 0.00028376915066768093 0.0021429601230831966 -0.0056294151126234822 0.0044449468115359079 0.0018884814256468303 0.0015536845848372572 -0.0047389554841008397 0.0050537374679664789 3.00590802206715e-05 0.0026189283432538901
-0.0056441471602087017 0.0075794513965327902 -0.00036849605584702086 0.0034648358876948051 -0.00059169765232671475 -0.0004563036682743095 -0.0012227000880041486 -0.0021029938940212924 -0.00098984677412298572 0.0042893355228471328 -0.0011168303757074483 0.0044973274451305997 -0.00025784020509453127 0.0055230913980477145 -0.010747249818890657 -0.0035496436971183716 0.011811067467988708 -0.00017073025993348144 -0.0060245849769862397 -0.0024331756500871877 0.0014826276475606742 -0.0049745845335554557 0.012023920196060012 -0.0083411238358604891 0.001645777795578307 -0.0033254861114020567
-0.0043297864807469348 -0.0086145011692128123 -0.0021749395444896099 -0.0029701421939818244 -0.00063269723342165764 -0.0033066125118257584 0.011513007964355438 0.001052838520029744 -0.0026550240107843437 -0.0035497063940905589 -0.0024441545693626452 -0.00065114818498120629 -0.0010678198085440349 -0.0017323179420324559 -0.0015615872434850595 -0.00012451663339620373 -0.0046209893715698129 0.0022880081924081092 0.0029975548344668762 0.0030184200685782702 0.0024274793516490291 0.0084049469614213782 0.0039406652480534314 0.0037275946830664024 -0.0013917091361208339 0.0024571366040174181
0.0057708648907259866 0.0017247149853508044 0.001844457526111527 0.0045793754104845371 0.00085533229050687234 0.005184895794525665 -0.016324102633577121 0.0060889797724641573 0.0018922978366169877 0.0019161413943834019 0.0045536121137408946 0.0028792248281144985 0.0031027195376341077 0.0011753996338535074 -0.0052387725385657008 -0.0030654599133096271 0.0052208296854740601 -0.0054663677047729004 0.011075568137805192 -0.0071504438994793498 -0.0055469475148291706 0.0030738444949869196 -0.0030427066048457339 -0.0074489611381415126 -0.0041631527267981631 -0.0034913436584598917
-0.0063009435155373002 0.0031492392276726185 -0.0049175919294953858 0.0036477664788048176 0.0017025779407956821 0.0058123496118366921 -0.0099896941196722291 0.0021428578082256546 0.0008557132745276347 0.0055863661888932159 -0.00053145805520360715 0.00051245954008727291 0.00067978559415145159 0.00045119101599618125 -0.00042247249068777293 0.0014305018738446289 0.0063763198321691184 -0.0040350469830254592 -0.00062744318247703011 -0.0047905109631738805 -0.0051891264686039556 -0.003454426160983317 0.0079268405719167406 -0.002955425738175802 0.010437492548116354 -0.0074973219000026153
0.0096450173888599777 -0.0030876142608338144 0.0022708929077049252 -0.0028874054234432462 0.0010799828332015062 -0.0011600679460842943 -0.014807348495301735 0.0027725020050881977 0.003465016796394819 -0.0011565226536454612 0.0064580941019863128 -0.0020750166626051026 0.011128258780739024 -0.00051428910703744479 -0.013010812792175605 0.0026199481360947171 0.0027283255889459972 0.0011866579878344395 -0.00058938870369279722 0.0040663125031102981 -0.0010788310604340338 0.0015816246196649435 -0.013752096684149449 -0.00099145035490063628 0.0064628893379216779 -0.00035467884324234811
-0.0032833645097846793 0.0041361341695533155 0.0026583090392954764 -0.00059837550800565106 -0.00026972997590959816 0.0020793368673552677 0.010684490696503492 0.003405892550199731 -0.00029527732419047398 0.0011015036073300725 -0.00409615868822686 -0.00032317399484284954 -0.0044430920404189833 0.0024226801685488129 0.0036630998493749163 -0.0022405633209534462 0.0034207698369038107 -5.4378430071402536e-05 -0.0039876614259962305 -0.0035833298879162563 -0.0042927042045108332 0.00076502757258745612 0.0030937846801929029 -0.0042191875467713635 -0.0028524659332336399 -0.0028915662470134773
0.0023705622777979501 0.0052244567931359022 0.0060511342473664135 -0.00029499071306556197 0.0048402560845352809 -0.0011110634869273305 0.016610240290424932 -0.0008635056585473875 3.7487667542249886e-05 -0.0022203173528079307 -0.0048882167045061625 -0.0027538673859919707 -0.0039254526295599583 -0.0021079908432893022 0.010421569027773914 0.0044511497919177776 0.0025548860933306654 -0.0011481925622385599 -0.010905271348314111 0.0013125616114659394 -0.0017213156275302905 0.0012430201532680212 -0.018521783904612159 -0.00041333090271134312 -0.002924095474248524 -0.0013179294442079575
-0.0026916117773650794 -0.0016125615142094213 -0.0049404239686274415 0.003867484382144864 -0.0042408341809502936 0.0031140442606537146 -0.010819429854029537 0.00093074789771700902 -0.0030506272099283453 -0.00062516858816087152 -0.0011061123929742506 0.0039463313412969143 0.0028087026290598456 -0.0010676237649665449 0.0066778934198212314 0.00069854701368663233 0.0031355531574440306 -0.00098665566766614927 0.012010715513609089 -0.0024238932343508025 -0.0079669559541308277 -0.0036370417609365596 0.0045739045658800496 -0.0015708036262753872 0.0056092260521910416 -0.00063340673893322319
-0.0025409213367325548 -0.0043199514974443087 -0.003258599818935737 -0.0052056897788849065 0.0010800351526718201 0.0017560786642072327 -0.0020868703938033239 -0.0051099633137164716 0.0021468259821872302 -0.00057157802136238549 0.0024606719758499015 -0.00297932578278281 -0.0024704369327892546 0.00082153862965456841 0.0010131072616302375 0.00010629504840914097 -0.007906798568580153 0.0035019271290679444 -5.9389174801473504e-05 0.00499516460083811 -0.00085861970000712618 -0.0014734373288261113 0.00036776224970179873 0.0032426709487055902 0.012113233303608271 0.0052362707021340188
0.0042831209707618369 0.0026666407405028609 0.0027922859063922705 -0.00302745253479375 0.00073167033917028541 -0.00338395372605118 0.013768458362340669 -0.0015679271518827017 -1.9997792457435506e-05 -0.0044785211158932482 -0.0034868315479738479 0.00061701258557161041 -0.0056625191470678982 0.00027760719477008382 0.017439280364545624 0.002873837686834978 -0.0043696168533317575 0.0001693198512708751 -0.0027561071483813444 0.00050535030427956054 0.00083147528913101636 0.00024287009906629028 -0.0025656087313810968 0.0026255297312550194 -0.020985610011748503 0.0024796863350690368
0.0010286987800979504 0.0028727303509759362 0.0037929914082093703 -0.00021788346213130435 0.0041388671953518624 0.0026164390728027251 0.0010979348669279594 0.001382223803720397 0.0039603321880723134 -0.0010317325512299983 0.0016952981423447779 -0.0016352656447841082 -0.0019075069382840744 -0.00040151757282897907 -0.0036579129386801585 0.00016352044171190133 -0.0050273519874269026 -0.00033454193971028143 -0.0015954276438254022 -0.0019084721920760793 0.00069742448103907867 -0.00036213280424803111 -0.0045268990569856567 0.001027971803431164 0.00030355150315893161 -0.0021713393056335684
-0.0011486636013810538 -0.0037112907335718048 0.00093879536218590418 -0.0043215884208914427 0.00084810493361374287 -0.0039315865796622721 0.017511881916114327 -0.0027735391573556062 0.00091041024811527307 0.0026226534990835756 0.0045749950327172804 -0.0022534173559421496 -0.0029305114520263593 -0.0018107181688112014 -0.019361772231283714 -0.003976377344096063 -0.0056965493896775944 0.00055928248618919961 -0.00070082181592373875 0.0031269364603163327 0.008505301790069815 0.0032113950124340825 -0.0020392502652026257 0.0058151443403759821 -0.0014119205273217393 0.0074431059619315537
9.8190493398131115e-05 0.0024526327130341644 0.0012268634714649057 0.005359068407734026 0.00040876419408937244 0.0026530459170729668 -0.013706920445389081 0.00059686984941482828 0.0023417695627626078 0.0028492671629834839 -0.00046401953591794455 0.00058864700668016107 0.004455383223862644 -0.00042563080000059531 -0.0059667833157137241 0.0014796696299384292 0.0027418201340384295 -0.0016067481023802326 0.007019281598804882 -0.0037443584216328577 -0.0030752518284138598 -0.0044530495345694024 -0.0027717238903779036 -0.0051103810292519765 0.0076926263373909304 -0.0006390327990229705