C:/Users/vmc04/Desktop/Wing saga/Wing field landmark repeat/13 landmarks field repeat/ARS field collected/coord_Aug10_Format - {translated and scaled (first one is consensus)} - 1 17 26 0	from C:/Users/vmc04/Desktop/Wing saga/Wing field landmark repeat/13 landmarks field repeat/ARS field collected/coord_Aug10.txt - TPS like internal (simplified) format - can be converted to other format by using TET	
-0.67278514986443472 -0.068913838528473575 0.22570376680912166 -0.08430418326765432 0.2444447925800845 -0.057308834954920874 -0.040715465229905427 -0.099819018045169614 0.25300928521736643 -0.026713825533736024 0.24680377330649045 0.00046720283617444696 0.21465685840742424 0.02479445532731581 -0.0033557937256641726 -0.0031936482911190649 0.15166700901082897 0.054521199481133806 0.053489733778896972 0.082696038157070356 -0.33152313977891595 -0.028203485992450206 -0.09427255672185185 0.10329913950142616 -0.24712311378944091 0.10267879931040347
-0.67380106762104819 -0.063306396346327842 0.22466278821721955 -0.084002718228781165 0.23683709520689811 -0.063306396346327842 -0.020040782275316769 -0.10591647081020225 0.24657654079864072 -0.032870628872131782 0.24535911009967287 -0.0036522920969035101 0.21370591192650895 0.020696321882453329 -0.0017793217907992734 -0.0097394455917427219 0.14431236208534187 0.056001812152520758 0.05178762896378579 0.086437579626716804 -0.3377901947059237 -0.025566044678324639 -0.076042594427837659 0.10956876290710589 -0.25378747647714278 0.11565591640194517
-0.67953343862063642 -0.063893213327283677 0.22262916154363152 -0.090854394481618125 0.24233156315641441 -0.063893213327283621 -0.040760838964097296 -0.10226104804691349 0.24959034269796609 -0.027599315619525774 0.24129459465047845 0.0003988340407445504 0.2122594764842721 0.023212141171335299 0.019383334380187182 0.00350973955855243 0.15211530313998758 0.054321196349413473 0.051529358064201385 0.083356314515619742 -0.31866839855492918 -0.024488410101718042 -0.096757138284638028 0.10824355865808234 -0.25541331969283682 0.099947810610594823
-0.67552846020782265 -0.068377139900175923 0.22460045609001519 -0.082664900476332071 0.24092932531990771 -0.06021270528522954 -0.054010875145029759 -0.095932106725619928 0.25317597724232738 -0.028575521152312378 0.25113486858859091 -6.5263271706432642e-17 0.217456575801937 0.023472749517970834 -0.0091064847628248135 -0.0030616629806048978 0.15009999022862935 0.054089379324019624 0.059270655137351004 0.082664900476331932 -0.32751943474573364 -0.028575521152312364 -0.08768916793168377 0.10511709566743452 -0.24281342561566499 0.10205543268682957
-0.66384199511560738 -0.092392478780651752 0.22719595442889759 -0.080751840484939691 0.24941899117525709 -0.051121124823127181 -0.047946405287932974 -0.10297487723129901 0.25576843024564538 -0.021490409161314547 0.24941899117525709 0.0060238268103685018 0.21661355597825027 0.030363343246857293 -0.001383852105084672 -0.0045585716402788247 0.14994444573917218 0.061052298753734559 0.045178701077763686 0.088566534725417617 -0.32837996423008708 -0.03630576699222085 -0.10191663738623427 0.10549837224645339 -0.2500702156952968 0.098090693331000275
-0.67411980748461586 -0.092924617731327985 0.22864784972242527 -0.070193058017481574 0.24596713331392725 -0.046379043079166335 -0.036553680272448964 -0.10374916997601673 0.25246186466074039 -0.010658020671693485 0.24488467808945838 0.01640335994002837 0.21241102135539203 0.040217374878343606 -0.013822120558602484 -0.0074106549982868629 0.16045317058088623 0.061866479367721085 0.043548006338247819 0.082433128632629721 -0.3277341356545761 -0.048543953528104145 -0.086346620598017246 0.091092770428380682 -0.2497973594928172 0.087845404754973933
-0.67824570582966515 -0.06052186596163537 0.22108517393667607 -0.092826914945130762 0.24192714102280241 -0.066774456087473191 -0.031102627805449777 -0.098037406716662348 0.2492218295029463 -0.036553603812590339 0.2440113377314149 -0.0063327515377074976 0.21379048545653204 0.017635510611337456 -0.0050501689477921528 -0.0032064564747886415 0.14813828913523483 0.053066854657751912 0.058517830664892453 0.084329805286940993 -0.32914275713705299 -0.011543243309239067 -0.087375938937990144 0.10934016579029232 -0.24577488879254863 0.1114243624989049
-0.6673548221017519 -0.05546442862737716 0.22588585737071504 -0.083661428655820311 0.24401250024614266 -0.056471464342678711 -0.058098214344319658 -0.09272475009353412 0.25408285739915798 -0.029281500029537104 0.25106175025325345 -0.0010845000010939346 0.21782957164830249 0.022077321450841444 -0.0087534642945441051 -0.0061196785776016383 0.15740742873021019 0.046246178618078455 0.065767178637769694 0.074443178646521543 -0.33704710748284661 -0.019211142876521724 -0.095358535810476791 0.097605000098457059 -0.24943500025161244 0.10364721439026636
-0.6802798927314857 -0.042461426271591614 0.21768956567407549 -0.088137361926420021 0.24392893296514698 -0.059954337798972732 -0.053450563000331047 -0.095911989271922668 0.25267538872883766 -0.029827656835149763 0.24587258980152266 -0.0074756032168295143 0.21574590883769981 0.01779193565605424 -0.0038873136727513814 -0.0016446327077024939 0.15937986058280523 0.045003131365313663 0.055394219836706601 0.076101640747324423 -0.33722446111117937 -0.02010937265327142 -0.082605415545966093 0.10331283645658386 -0.23323882036508081 0.10331283645658389
-0.66068423539010912 -0.086029215626191716 0.22953112630700476 -0.082288814946792063 0.24636292936430312 -0.053300709681444861 -0.05286912498766793 -0.098185517834240482 0.2566490312326522 -0.022442404076397839 0.25290863055325258 0.003740400679399685 0.22485562545775531 0.028988105265347251 -0.016400218363521506 -0.00093510016984986314 0.15285291237931228 0.05891131070054436 0.050926993865672017 0.087899415965891584 -0.33152897560294103 -0.03366360611459681 -0.10991023534851238 0.10005571817394036 -0.24269445946719953 0.097250417664390604
-0.67475834660798095 -0.072132061847917497 0.22910216142724754 -0.082391545480553455 0.24449138687620173 -0.052639042945909112 -0.028410877751915035 -0.096754822566243751 0.25269897378231049 -0.022886540411264807 0.24243949014967453 0.0027621686703251051 0.20960914252523943 0.029436826115178602 0.00031567641946578652 -0.005445418235783755 0.15420793090900531 0.056111483560032115 0.048535249492854766 0.079708295915094762 -0.33516943836773044 -0.031094127317373595 -0.092019676274257958 0.098175366453839535 -0.2510416725801155 0.097149418090575992
-0.66823040184513438 -0.07681276362287455 0.23312064134434338 -0.07998281418508843 0.25002757767615058 -0.05356572616663962 -0.021540087153504424 -0.10111648459984757 0.25319762823836434 -0.0239785875859767 0.24157410951024669 0.0024385004324722305 0.20987360388810808 0.026742221409445245 0.0069903679064202999 0.001381816911734213 0.15281269376825851 0.05632935999010806 0.040804240570034962 0.084859815050032913 -0.33220504225046388 -0.033488739272618362 -0.11452823697844471 0.10071006786110222 -0.25189709467437926 0.096483333778150479
-0.67678572824455085 -0.048300973963594916 0.2178038842859229 -0.087611918932273783 0.23799058575632567 -0.062112927601238807 -0.054185356578449029 -0.097174040681411805 0.24861516547759008 -0.03555147829807747 0.24542779156121072 -0.0036777391342838078 0.2178038842859229 0.016508962336118756 0.0031873739163793152 -0.0026152811621574148 0.1561813219025886 0.048382701499912327 0.067997310216093079 0.078131524719453074 -0.3399865510804651 -0.020677066688307138 -0.086059095742242769 0.10469297402261445 -0.23799058575632559 0.11000526388324666
-0.67646765907199458 -0.054961000170232928 0.21976411550626551 -0.095462783725913269 0.24364978273141033 -0.062230551064842154 -0.045055238511644335 -0.10377084189118103 0.25403485543799503 -0.034190854757063523 0.24884231908470281 -0.0092666802612602819 0.21249456461165622 0.019811523317176918 -0.0024764404146470796 -0.0030356366373094305 0.1449915920188557 0.054082263248906449 0.055679966742227145 0.086275988639319096 -0.33272175248404073 -0.020690260238503396 -0.090749558420617146 0.10912314859380541 -0.23198654723016918 0.11431568494709768
-0.66935103051617639 -0.046308878326661487 0.22553675336390228 -0.094036226800265618 0.24289215280884938 -0.068003127632845217 -0.029370675983756391 -0.10054450159212081 0.25156985253132286 -0.038715891069497188 0.24289215280884938 -0.0061745171102215377 0.20926606638426462 0.018773869591889682 0.014017822628610994 -0.0007509547836756687 0.14852216832695003 0.050230531085856157 0.053067471379741757 0.081687192579822501 -0.33092074133971028 -0.018106354228622633 -0.093368711436998403 0.10880500421255217 -0.26475328095584982 0.11314385407378898
-0.66826151428031599 -0.091486260956935628 0.23238963727631107 -0.075740611454197332 0.25023470671274761 -0.045299022415570024 -0.035286404270238957 -0.099883940691729234 0.25758267648069211 -0.018006563277490426 0.24813528677904917 0.0082361858937399623 0.21139543793932664 0.03237951513127197 -0.006944235165310275 -0.0033106237416013489 0.14421400006097693 0.059671974269351571 0.048690393077698325 0.082765593540034266 -0.32920519498801931 -0.041100182548173138 -0.1024678421485888 0.10061066297647102 -0.25047694747432808 0.091163273274828108
-0.67324685379367222 -0.071575366251280761 0.22625821502069354 -0.088921194024560543 0.2448430304920646 -0.061663464666549532 -0.02277831229568068 -0.10255005870356615 0.25351594437870434 -0.024493833723807076 0.25103796898252151 -0.0021920551581617181 0.21139036264359645 0.022587698803666539 -0.02277831229568068 -0.0071480059505273693 0.14572401464475157 0.054801378954043273 0.052799937287895574 0.085776071406328619 -0.32261333523380259 -0.024493833723807184 -0.095878586483074055 0.10931683767006524 -0.24827407334831783 0.11055582536815675
-0.67002760200554468 -0.084568192593976535 0.2287879005493629 -0.072769898407694933 0.24594905572940876 -0.04810073783637886 -0.051153443325137021 -0.10065677557526963 0.25560220551818474 -0.016996144072545561 0.24594905572940876 0.0076730164987705738 0.21806217856183394 0.03019703267258091 -0.0093231275737749794 -0.0019801332900052813 0.1526352744379087 0.057011337641402732 0.058248920947655887 0.080607926013965936 -0.33323993159714266 -0.041665304643861638 -0.099419192269016243 0.095623936796506132 -0.24207129470314842 0.095623936796506104
