consensus aligned to its principal axes - from coord_Jul18_Format.txt
-0.69605615038757751 -0.022066519515113764
0.21779502440482079 -0.087003543710235998
0.24054383786573932 -0.063338598319994485
-0.024114592745362557 -0.085152114126649428
0.24897048003892966 -0.040081843467478652
0.24479088431875104 -0.012323938799437004
0.2098417387088683 0.013959053572262459
0.0071090881148438527 -0.0028548434711976817
0.14473177878691679 0.04361136571614424
0.057183903897537913 0.068309302447854173
-0.32580094089619183 -0.0058939886179791359
-0.080874814632140982 0.092343960673649028
-0.24412023747513448 0.10049170761817622