C:/Users/vmc04/Desktop/Wing saga/Lab reared wings for landmarking/13/SJU/SJUMB/coord_Jul18_Format - {Aligned specimens} - 1 21 26 0	from C:/Users/vmc04/Dropbox/Homework/SJU/SJUMB/coord_Jul18.txt - TPS like internal (simplified) format - can be converted to other format by using TET	
-0.70034867813493473 -0.023299459201988757 0.21120750406962752 -0.090428085418331361 0.24343088634912927 -0.06160884972173649 -0.03564667833109815 -0.085286968609456518 0.24911326171807338 -0.03686704173474193 0.24089805474285 -0.0084419682938733278 0.21067944210570611 0.016190456035649895 0.01199436634516823 -0.0032461596562628294 0.15255062139546716 0.041482964895717858 0.06157416938048111 0.064981934559510665 -0.31525230497524726 -0.0023465460431953064 -0.083053853652129667 0.089401251301378826 -0.24714679101309309 0.09946847188732949 
-0.69450505022824682 -0.022762018664275081 0.21691623262957496 -0.087465289095862514 0.23534303739236193 -0.06312840650188388 -0.0062253580887505992 -0.086345149937165327 0.2462253366979682 -0.042013222544794948 0.24033249351588815 -0.017768856854807457 0.20445300597149985 0.013226378786910249 0.010956117639309012 -0.00044136394923643176 0.15452756809038271 0.043369931317409779 0.056455340805464521 0.069764809426862945 -0.3283253285014362 -0.0077455389987298989 -0.082711676912006912 0.099196352365223728 -0.25344171901200818 0.10211237465034836 
-0.67791360131474232 -0.026889961231281376 0.22661395520843594 -0.091913711073359841 0.23978425453342678 -0.066572657112587197 -0.03287484405244584 -0.0985538915138124 0.25029681839766305 -0.038255520836529562 0.24421885843404167 -0.011174685207244696 0.20824686263025063 0.013899943378885306 -0.0024254057106490833 -0.005932788449366927 0.14896227197165057 0.04572631240904565 0.062130451433374978 0.074761733291130159 -0.34861281282248507 -0.0081086955721256689 -0.085111299785761388 0.10416742250763265 -0.23331550892275807 0.10884649940961399 
-0.69723180735926737 -0.020731298057273473 0.19637586575856689 -0.095745414952346897 0.24461993018051773 -0.059638426841253638 -0.021030760819327716 -0.085329425225439001 0.25172154058038004 -0.036888897276620036 0.24423996760764424 -0.0080160861718305484 0.20980199399104144 0.015021086617725965 0.013084664904396861 -0.0040802607209641214 0.15338567096157119 0.041160147435851661 0.059262584837479981 0.0708787207939061 -0.32585599311582819 -0.0088002308044605199 -0.082586693938711001 0.094905477449189077 -0.24578696358846433 0.097264607753515392 
-0.701492762248629 -0.025054242696606551 0.21633323884055466 -0.086392793105976737 0.23834949609264208 -0.065112288596712073 -0.022828397090090085 -0.083574542336014093 0.24764924316295983 -0.041539217647236087 0.24157675834802989 -0.011356852212361001 0.20993705075194294 0.012021996772905816 0.0096212461198449343 6.0123766537012196e-05 0.14559345843512031 0.045033738318461143 0.055782114873317787 0.070113045635022908 -0.32672679037412011 -0.0045472597953209 -0.075699714989567207 0.090382988333657224 -0.23809494192200559 0.09996530356364311 
-0.69821116766100877 -0.023184357146613429 0.22518343908152647 -0.085777232070957846 0.24119687449129917 -0.064683511287571008 -0.012655873234271262 -0.088097304970197063 0.24702351758193219 -0.046496556656522511 0.24572465036354926 -0.014920122624379197 0.20499059187294463 0.01201335203559668 0.0046892063587751359 -0.0021786700456313548 0.13697610143576758 0.047686791331521809 0.0558614971341337 0.071359987159584318 -0.31980198781265073 -0.0038872349067034595 -0.08913266676987136 0.094982146630666203 -0.24184418284212469 0.10318271255120789 
-0.6963523077746776 -0.025820364853913369 0.22080183169428072 -0.085226292961700367 0.23937346084160652 -0.06902893688937603 -0.0098140630748488594 -0.07411915260768305 0.24839196982373379 -0.045908629839258919 0.24585032528080272 -0.018279068298078325 0.20974654376158586 0.010721249638174014 0.0022640971798157947 0.00055120815022727796 0.13625674897255491 0.046313238932582365 0.060163067270603117 0.073863953650308303 -0.32841507269062536 -0.0031191499402607593 -0.085252112169972291 0.091694176734906402 -0.2430144891148594 0.098357768284072389 
-0.70114426528372176 -0.022542970543326775 0.21678325558668887 -0.082929561818475883 0.23963440800840732 -0.056915434001117163 -0.028741585020506659 -0.085776568992110419 0.2481422738979665 -0.036736726826358264 0.24368226998295872 -0.017756459063409141 0.20745110581621709 0.013170216408079454 0.0089837858807175312 -0.0011124674260807388 0.14779130743329705 0.039947366773235245 0.059000955684491166 0.06376179398208956 -0.3248757887119384 -0.0075229544740334393 -0.075903842848207767 0.093687208256883495 -0.24080388042637069 0.10072655772462398 
-0.69433522213471077 -0.018377662706609312 0.22140734736062814 -0.085182650212777156 0.24059190760803473 -0.059290629999383372 -0.027885287008624096 -0.081820635955094201 0.24836952838956683 -0.037688691186380616 0.24287075770637781 -0.0094469312230429561 0.21155085646139585 0.012819021141956865 0.017088209810724113 -0.0041800201407132401 0.14131715899079922 0.039233275604146148 0.060153558969476696 0.063778078067488961 -0.3269409779947694 -0.0017623272054817485 -0.076355761347323775 0.085650886512735641 -0.25783207681157505 0.096268287303155259 
-0.71112020036530732 -0.021282184122512527 0.2203521122404607 -0.081887353086637207 0.2415814306941583 -0.061709385893587647 -0.030455877880188668 -0.087837425652560266 0.24767900638348736 -0.042080414088471636 0.23770568450675536 -0.015884289193179742 0.20767352241760445 0.014180651367839218 0.0056833186125501856 -0.0023409061705514911 0.1377783231008104 0.047310769009457 0.059047501676694945 0.07058669175497323 -0.31053903102007924 -0.011855983497204729 -0.071979762314983223 0.092390853546796867 -0.23340602805196239 0.10040897602563888 
-0.70510837702064999 -0.029561871665923192 0.20732819825582238 -0.090578092368337026 0.2334934279171017 -0.065322147834452976 -0.017370773597163158 -0.078536132035582629 0.24649335480973084 -0.043111264270728616 0.2457768200772133 -0.012337099185204597 0.21366610181945309 0.011175766663785005 0.0090010348137823815 0.0011791334862301119 0.14695767736766377 0.045890449492075651 0.058362206926797819 0.069141423172245295 -0.31634947835833194 -0.003657687601303456 -0.079394771054811603 0.09275743730070786 -0.24285542195660831 0.10296008484648883 
-0.69253785569103965 -0.0159049033652311 0.22153430366182469 -0.081387776357317573 0.2403939196866168 -0.061301262009239868 -0.020975085904574874 -0.084950210166962956 0.24774489293294252 -0.039343213193194719 0.24763311854467782 -0.010973856737687636 0.20820090688994969 0.013866872838840706 0.010228860863042812 -0.006388613065447862 0.14867438414138376 0.040085258855718245 0.05810246948802409 0.064264448822231285 -0.32615752145916566 -0.003190132553131031 -0.088833851182756107 0.090521818567908016 -0.2540085419709262 0.094701568363514996 
-0.69646746921437752 -0.017026481891892306 0.21878468952614732 -0.086942774431145675 0.24355546576448819 -0.06451149022861917 -0.016632125322413469 -0.087876605916801243 0.2491504181666738 -0.043487558473461772 0.249675836696474 -0.011561745501423113 0.2118496075539637 0.017549362575877511 0.010223730802937559 -0.0020514684483246173 0.14118202008316061 0.045117403528159843 0.036757528927810722 0.069073891700605627 -0.32073312801942849 -0.0064615610104702551 -0.081095101777365952 0.087842148529510791 -0.24625147318807117 0.10033687956798454 
-0.68719193348849372 -0.034883203398944969 0.2146267594680169 -0.08579916987085702 0.23685481917398521 -0.06743231237467065 -0.038469678828000758 -0.080814476568785765 0.25007011168342774 -0.04134741692264382 0.2497014366042957 -0.015945167676886696 0.21238299055350462 0.013047523847371777 -0.0036931135989995488 0.0040046448461588833 0.15054513822265242 0.04216984895920213 0.067063957244250266 0.068388744462524242 -0.33795203432332954 -0.0018985228836758451 -0.070368559789457691 0.093258206773167027 -0.24356989292185122 0.10725130080804063 
-0.69638261185646033 -0.014403574398995238 0.22803081665299915 -0.081737057496317225 0.24334010672873324 -0.056457277341632826 -0.026275201272182802 -0.08500049016027153 0.24998370686269278 -0.040609303852412099 0.24405739639937243 -0.012852567269507242 0.2083347646753165 0.014330496159879719 0.0026886813417975703 -0.0056906432341058367 0.14072374240264796 0.043101935203688692 0.05595628894658624 0.063645056056112759 -0.32927248597206227 -0.0087404799008763082 -0.081935155597142678 0.08825350895117931 -0.2392500493122981 0.096160397283257745 
-0.69347539969051453 -0.011899203151029606 0.228002771478993 -0.078467002952242279 0.2471221778031602 -0.06081778379612976 -0.032980099736018294 -0.080024999155160911 0.254712360877141 -0.033191106990681271 0.24820167953866262 -0.0093677538192417382 0.21380935250438005 0.013223916880461884 -0.0016426538587145415 -0.0062218031748879441 0.13524258350275492 0.039537332781378817 0.055455108158751959 0.056513457291188521 -0.3263751730365464 -0.0045789680866627474 -0.083318442126719253 0.081714443068528916 -0.24475426541533177 0.093579471104477133 
-0.69112971412314028 -0.018860035707269591 0.21548529717259332 -0.09094196063245287 0.2403334966681076 -0.065384214274912533 -0.031799918581119545 -0.08812681157051537 0.24999662300621334 -0.0398987375637831 0.24883266464494647 -0.0091420661954420331 0.21346725265647876 0.020590802903759826 0.0078041193940322938 -0.0052012851957901046 0.14210791786531632 0.047647556650456065 0.061926393288813046 0.069887527239181318 -0.33189126655683188 -0.0093227934765132518 -0.084619200405201433 0.089306843182579421 -0.24051366503020863 0.099445174640701697 
-0.69973448261426796 -0.017690301541105697 0.2089878718102223 -0.090804193783373274 0.24238992566763054 -0.061112944566969668 -0.020216670547781798 -0.083317623394291829 0.25380196658535864 -0.034811169621596923 0.25030261977308421 -0.0051348908832501219 0.2049241918136743 0.014204814617988518 0.0094296672344509249 -0.0060154752426529257 0.14000796697289664 0.037877935827277331 0.054024016927100516 0.065350080516456632 -0.32570617125957674 -0.0097810826010405975 -0.074483279035234468 0.091701846090844877 -0.24372762332755654 0.099533004581713297 
-0.69022090667653369 -0.021198425222374868 0.21983759827560667 -0.089380348252085684 0.24223260698885427 -0.062127059270225174 -0.034629644132539411 -0.088083234869918703 0.2500996817508131 -0.039533850161886527 0.2472791231017358 -0.011944556120846623 0.21474417530817511 0.014042121557382376 0.0006537398654583497 -0.0078016684995122184 0.14964906413096324 0.04626804204466909 0.054590932233996518 0.072516840174621927 -0.32399207213650855 -0.0058073294088966205 -0.085803149257373118 0.09256509996205968 -0.24444114945264847 0.10048436806701389 
-0.68965673463176891 -0.021501880557162682 0.22082949336523641 -0.089528901247012432 0.24113744918564384 -0.069968230895533015 -0.01735783354674645 -0.0894957937155684 0.24836344224568033 -0.03908384700666457 0.24334508129745147 -0.01129351140550309 0.21504926381926298 0.015825278881091715 0.0074972256398392568 -0.0046571487047961848 0.14138902683803278 0.046010067961292776 0.053227996312936746 0.070927400936955876 -0.32706003911722953 -0.003925563128217258 -0.085938552554203101 0.093477213164147421 -0.25082581885413585 0.10321491571696974 
-0.7026197813226408 -0.030523682950699814 0.21827455382635019 -0.088560929353675363 0.23666123704414518 -0.067986627600924374 -0.021539455287054397 -0.085224959819985457 0.24335124412562778 -0.042826130850160356 0.23870219428899986 -0.015204202797724789 0.20571597796353214 0.012018202810765542 0.015160580503484667 0.0017953485723893516 0.14774807449640143 0.044868233652567681 0.05596276149691265 0.070933975154965023 -0.32098303338167844 -0.0067120193203345875 -0.074794012279557981 0.10136519882053091 -0.24164034147452171 0.10605759368228647 
