consensus aligned to its principal axes - from coord_Jul25_Format.txt
-0.36839416311691187 -0.095549230588903133
-0.087271092562970318 -0.13416663727754558
0.2790676256476522 -0.068063668876763739
0.30108490190598342 -0.037938762072313968
0.30945868848821423 -0.0044635888964315341
0.30040988460110829 0.027294976494734498
0.26388675600169492 0.058089817929940696
0.19470209619527346 0.0950048014204663
0.086133165546794427 0.1310628711606675
-0.078470336844157287 0.15874969886546883
-0.36032192562283916 0.020555038016440475
-0.20920748981894094 0.015847155616770449
-0.21061857879226489 -0.01357388051250942
-0.13448095131484242 -0.0016877738139227331
-0.13637545669805937 -0.035322835905259503
-0.13932192406140836 -0.069586945599051667
-0.032441609408069755 -0.079995807251314277
0.022160409853744078 0.033744771289527187