C:/Users/vmc04/Desktop/Wing saga/Wing field landmark repeat/13 landmarks field repeat/TPN Field fix/coord_Aug10_Format - {translated and scaled (first one is consensus)} - 1 17 26 0	from C:/Users/vmc04/Desktop/Wing saga/Wing field landmark repeat/13 landmarks field repeat/TPN Field fix/coord_Aug10.txt - TPS like internal (simplified) format - can be converted to other format by using TET	
-0.6716175643808352 -0.038440282579849633 0.22282189620158291 -0.091156102873635764 0.24220307028574839 -0.065037441449614555 -0.041174876766598548 -0.093720930284083404 0.25031319648479228 -0.038440282579849633 0.24560222692892278 -0.011128418838794013 0.21560692518175853 0.014275537713936524 -0.0015183871848229995 -0.00093094890927095466 0.15573493228309088 0.04617874664942586 0.059963465764355024 0.078261392127069243 -0.34363493699952102 -0.015481529076130917 -0.092041588287002554 0.10533502091102792 -0.24225835951147073 0.11028523918976935
-0.66315921956143431 -0.066203585555314276 0.22961560329478942 -0.08275448194414288 0.24811366396465642 -0.050626271307005082 -0.044934560331661308 -0.098331796192452123 0.25395515680777253 -0.021418807091425202 0.24811366396465642 0.0038943285620773455 0.2150118711869993 0.027260299934541231 -0.00014978186777212072 -0.00097358214051932075 0.15172903205324309 0.05354701772856308 0.064106639406503588 0.077886571241546299 -0.34090353104953669 -0.031154628496618396 -0.10821739946541734 0.095411049770894138 -0.25328113840279709 0.093463885489855514
-0.66972290919029032 -0.063656830972542405 0.22677746033968274 -0.082925504073299738 0.2450319927509263 -0.057571986835461143 -0.04399810376043374 -0.096109333036975858 0.25213097757752123 -0.027147766150054896 0.2450319927509263 -0.0017942489122162019 0.21359363137600654 0.022545127636108796 -0.0054607575589190544 -0.00078010822270271592 0.15274519000519382 0.052969348321515133 0.060458387259461309 0.077308724869840126 -0.34824031061449673 -0.025119484771027722 -0.086592012720002429 0.10164810141816522 -0.24175553821557461 0.10063396072865169
-0.67569014366606861 -0.0067644174560564383 0.22127161100699744 -0.10447266959909181 0.23983617891417397 -0.078091441520472205 -0.035701092129186013 -0.093724761863357875 0.24667575656418655 -0.049756048398991906 0.24179034395703478 -0.025328985363233063 0.21443203335698485 0.0020293252368168663 0.0043592912494584074 0.0030064077582472211 0.15776124711402428 0.037204296008309636 0.049305087235254785 0.078241761908384555 -0.33761959125116575 0.0020293252368169218 -0.087486465764994803 0.11146256763701665 -0.23893425658669987 0.12416464041561126
-0.66603215298900909 -0.070252394767948714 0.2285099492884036 -0.079128777260227393 0.24527644955159655 -0.056444688668848692 -0.042712849086776659 -0.093922748080691773 0.25316656732251092 -0.028829276470648504 0.24626271427296095 -0.0012138642724482845 0.21766103735339629 0.023442753761658976 0.0026553280959807509 0.00075866517028027063 0.15454009518608172 0.05500322484531639 0.050982299442831093 0.083604901764880779 -0.34549611854561418 -0.030801805913377087 -0.10287499708999842 0.099385137306709392 -0.2419383228023636 0.098398872585345146
-0.66986076325259425 -0.044134770007163343 0.22796431826080119 -0.082860482944177 0.24426988160270152 -0.060440333349063818 -0.054325747095851078 -0.095089655450602231 0.25140356556478299 -0.03496289062734427 0.24426988160270141 -0.011523643323362335 0.21267785262776936 0.012934701689488326 -0.0064281547790185512 -0.0023517639435433153 0.15764657634885518 0.048603121499895673 0.061851391715189864 0.079176052765959015 -0.34884498495892857 -0.027829206665262844 -0.087955971488520843 0.10771078861428497 -0.23266784614788769 0.11076808174089128
-0.67841468403726068 0.0014908165011119879 0.21793873725630455 -0.096623544478318765 0.23489677495645311 -0.072397776335249409 -0.03522053983877018 -0.094200967664011911 0.23974192858506696 -0.050594585006487086 0.24216450539937404 -0.022734951641957345 0.2167274488491511 0.0014908165011119879 -0.015839925324314507 -0.0021430487203483429 0.15616302849147773 0.040252045530022908 0.081063147247962666 0.071745544116013041 -0.35984583295589911 0.0039133933154190245 -0.080038210903448245 0.10445033110915668 -0.21933637772609696 0.11535192677353802
-0.6718639162618425 -0.011573288997893911 0.22387799445594816 -0.093276110665145198 0.23882363256581121 -0.076337720807300377 -0.042154363899613745 -0.089290607169181677 0.24878739130572 -0.052424699831519546 0.24679463955773814 -0.024526175359775144 0.2139142357160396 0.0063614767339416935 -0.01126671180589682 -0.00061315438399444212 0.15512805915057815 0.040238256449631221 0.063461478743418231 0.076107787913302444 -0.34604900546682865 -0.003602282005967019 -0.081013022985257574 0.1089881917550011 -0.23844041107581482 0.11994832636890068
-0.67710104067816979 -0.0010334992989098736 0.2137753549822238 -0.10128293129317702 0.23341184166151321 -0.07544544882042771 -0.04253247114744866 -0.091981437602987215 0.24581383324843273 -0.050641465646588446 0.24271333535170281 -0.023770483874929253 0.2168758528789537 0.0041339971956398545 -0.0022259984899599254 -0.0031004978967299293 0.16210039003672527 0.037205974760758855 0.071152451732647934 0.07544544882042771 -0.34018026923351974 0.0020669985978199602 -0.0818054445060276 0.10645042778772681 -0.24199783583707279 0.12195291727137629
-0.67045365102891585 -0.038869053299717751 0.22113339782677288 -0.094471309081746474 0.23479009222937641 -0.070084354791383002 -0.02858901410654931 -0.09447130908174653 0.24844678663197997 -0.042770965986175906 0.2445448739455218 -0.0096047081512816088 0.21137861611062747 0.017708680653925519 0.0075036782431887415 -0.0008254046067507851 0.15772731667182777 0.047948503973976146 0.063105934025217331 0.08013928363725592 -0.34561941988127454 -0.017408533524198019 -0.095897007947952417 0.11037910695730666 -0.24807160271982051 0.11233006330053569
-0.67566990970837959 -0.032042850011655029 0.22167962356194051 -0.094331754707208698 0.2430914345510371 -0.070000151310508046 -0.031369051763746235 -0.090438698163736536 0.24893101936624526 -0.040802227234467262 0.24211817041516906 -0.014524095566030499 0.21000045393152408 0.010780771966538179 0.002695192991634455 0.0020213947437259174 0.15841745473051866 0.041925224314315016 0.05525145632850792 0.076962733205563988 -0.34573336764911888 -0.010631039022558395 -0.092684692323432086 0.10810718555334073 -0.23672778443189993 0.11297350623268089
-0.6706376224026589 -0.064742523980705638 0.2201839103078066 -0.084988467905943554 0.24235803936878128 -0.056065690869889467 -0.043013360720285443 -0.096557578720365175 0.25007077991172894 -0.030035191537440799 0.24621440964025515 -0.0020765070692551706 0.21439935490059567 0.021061714559588118 0.017724471055428005 0.001779863202218706 0.14980515285340823 0.051912676731379129 0.063036821745246177 0.077943176063827807 -0.3409179641916425 -0.025214728698098404 -0.097002544520919762 0.10590186053201342 -0.25222144794774326 0.10108139769267112
-0.66266044151272863 -0.065247509091510919 0.2333440847439365 -0.078189796692996083 0.25026861468434031 -0.05130966090529613 -0.038443954887251872 -0.095114326633399887 0.25823309936217731 -0.027416206871785052 0.25126417526907002 -0.00053607108408517898 0.21741511538826255 0.025348504118885166 -0.011563819099551868 -0.0045183134230036915 0.14872143504191832 0.053224200491314752 0.050160937153685137 0.080104336279014712 -0.33412544855195142 -0.026420646287055441 -0.10514651406413685 0.096033305634688856 -0.25746728352777004 0.094042184465229481
-0.66534148949048322 -0.054489850567193202 0.22471174686355494 -0.085110948148180737 0.24920862492834508 -0.055510553819892845 -0.047816021607234416 -0.095317980675176578 0.25737425094994143 -0.02999297250240323 0.24920862492834497 -0.0034546879322140248 0.2196082306000568 0.021042190132576067 -0.014132814268148062 -0.002433984679514382 0.15530392567998294 0.048601177955464828 0.049150787399226209 0.079222275536452336 -0.34586137139551315 -0.028972269249703645 -0.094768371231415335 0.10269845034854286 -0.23664612335665755 0.10371915360124245
-0.67306123580655974 -0.0030290784689763982 0.21688201837871143 -0.10442748021796196 0.23952437993431017 -0.074893965145441874 -0.042028463757047822 -0.09458297519378861 0.24641553345123138 -0.051267153087425778 0.24346218194397928 -0.020749187512488432 0.21885091938354612 0.00090872354069294252 -0.002650443660354526 -0.002044627966559175 0.15289273572158443 0.04225564464222091 0.063307740001607049 0.075726961724410347 -0.34327031749675241 -0.0049979794738111523 -0.08239093435615856 0.11116717981143436 -0.23793411373809761 0.12593393734769448
-0.67256485300527158 -0.031499475129071919 0.2117770198203939 -0.10093971456572924 0.23730651961328264 -0.072346674797693883 -0.038412078149915742 -0.086643194681711555 0.24956067951386923 -0.040690095054511863 0.24853949952215368 -0.01107587529476094 0.22096763974583386 0.012411264514696686 0.0044774815021374455 -0.00086407537760545055 0.15969684024290082 0.039983124291016588 0.058600021063061544 0.073682064017629639 -0.34680843564801145 -0.0029064353610365342 -0.095598157685986451 0.10533864376081166 -0.23754217653444784 0.1155504436779671
-0.67636107062150108 -0.032023296963236275 0.22021058113258196 -0.094940605858259697 0.24118301743092282 -0.066627816855499122 -0.037750385337014122 -0.092843362228425527 0.24642612650550799 -0.042509515112406832 0.24118301743092271 -0.017342591554397466 0.21182160661324528 0.0088729538185289333 0.0041944872596681119 -0.0026618861455586225 0.1583418940524754 0.041380230080957738 0.063965930709940416 0.080179237232888834 -0.33555898077345792 -0.0079049952201439618 -0.08913285426794966 0.10744340442073229 -0.24852337013534226 0.1189782443848198
-0.66993698731151752 -0.061809907797224499 0.2235870398051602 -0.08859420117602175 0.24501447450819794 -0.061809907797224499 -0.050684124393724071 -0.092879688116629444 0.25251407665426129 -0.033954242683275369 0.24715721797850182 -0.0050272058341742322 0.21715880939424886 0.021757087544623063 -0.0035437680470408336 -0.00074171889356672597 0.15716199222574292 0.050684124393724141 0.053238933916009375 0.084968019918584686 -0.33352626247382372 -0.024311897066908315 -0.091396250329496054 0.10639545462162249 -0.24674515192652038 0.1053240828864706
