C:/Users/vmc04/Desktop/Wing saga/Lab reared wings for landmarking/13/13 landmakrs lab reared txt files/RPVFB 13_Format - {translated and scaled (first one is consensus)} - 1 24 26 0	from C:/Users/vmc04/Dropbox/Homework/RPVFB 13.txt - TPS like internal (simplified) format - can be converted to other format by using TET	
-0.66950474470523447 -0.074571500867320548 0.22910544837768027 -0.080189848943866091 0.24649407873749152 -0.053743041838256442 -0.047036417709385263 -0.1000976103365504 0.25424444634070487 -0.025697801336153833 0.24702650237065096 0.0021533021643383317 0.21486485993619811 0.027825886257537728 -0.0039275408787335176 -0.0050634793087000335 0.15073338707487199 0.05664534977205074 0.054487934156733975 0.082365596242890887 -0.3339313811910396 -0.027490371734257155 -0.094166371717105291 0.10057843698678484 -0.24839020079283364 0.097285082941501663
-0.66742726735285662 -0.026898371021486015 0.21866362837194322 -0.10064016368583173 0.24720883843556116 -0.070905569869563256 -0.051326483479774157 -0.094693244922578038 0.25791329220941805 -0.043549743558596282 0.25315575719881483 -0.016193917247629322 0.2150954771139913 0.012351292815988462 -0.013266203394950465 -0.0054894634737726773 0.14611121946024835 0.044464654137558332 0.059286205516744461 0.080146166717080414 -0.3367785841159513 -0.001921312215820463 -0.083439844801344087 0.10750199302804743 -0.24519603516184454 0.11582767929660256
-0.67671955000920703 -0.012822769739162999 0.21747757153640107 -0.10555432308463347 0.23734861868185889 -0.080163540620992735 -0.059613141436373876 -0.096722746575541127 0.24507624812731477 -0.049253022839169255 0.23955651280913201 -0.023862240375528594 0.21637362447276451 0.0048403832790217885 -0.0066236823818193111 -0.0017832991027975299 0.1622802183545734 0.040166689315391489 0.071756559136375894 0.07990878360630746 -0.33118411909096601 0.0070482774062949893 -0.077276294454558622 0.11523508964267722 -0.23845256574549548 0.1229627190881331
-0.66468404498089506 -0.049711738332793326 0.23039308318228602 -0.088878562473781855 0.24421666817322318 -0.062383357907818987 -0.074877752034242809 -0.096942320385161859 0.25112846066869177 -0.037040118757767478 0.24421666817322304 -0.0059370525281589063 0.21772146360726005 0.020558152037803975 -0.0103676887432029 -0.0059370525281589393 0.16012319281168888 0.049357287435589717 0.073725786618331526 0.079308388249286849 -0.3363739014461376 -0.015152775855450376 -0.089853302441091479 0.10234769656751541 -0.24536863358913452 0.11041145447889544
-0.67334159807986305 -0.017092517489719617 0.22556943535675406 -0.096771273262503385 0.23791403132155164 -0.073204317329708238 -0.057234035836788294 -0.095649037265703674 0.24913639128954934 -0.046270653406513693 0.24352521130555035 -0.017092517489719617 0.21771378337915584 0.0087189104366751299 -0.001122235996799708 -0.0036256855281224221 0.1660909275263662 0.04126375434386851 0.057234035836788301 0.079419778235060703 -0.33218185505273262 -0.0036256855281223905 -0.094267823731180977 0.10635344215825529 -0.23903626731835151 0.11757580212625295
-0.64467316664744501 -0.17915367528201467 0.24619408332599282 -0.04148453448152177 0.25188289079708759 -0.014178258620266846 -0.02231762930967942 -0.10292365516934499 0.25302065229130649 0.009714732758331018 0.24164303734911677 0.0358832471253668 0.20637243102832944 0.060913999998183761 -0.00070016091951950483 -0.0028006436780774776 0.14493331034050622 0.079118183905686881 0.035708206895486955 0.092771321836314341 -0.32496218677192024 -0.076755140802309232 -0.11788959482407131 0.08480699137678166 -0.26921187355519155 0.054087431032870087
-0.67960364818739016 -0.066966071623316636 0.22962224051548394 -0.079118544011811856 0.24177471290397937 -0.058127909886229095 -0.045465543551363383 -0.094585327051715004 0.24840333420679497 -0.029403884240694792 0.2428794831211154 -0.0006798585951605493 0.21194591704130925 0.02252031596469406 0.0053538864368896169 -0.0028893990294324816 0.1556026359673767 0.049034801175956558 0.058382856859414425 0.079968367255762673 -0.33270580000670641 -0.021670492720743326 -0.096284973539616375 0.10206377159848136 -0.23990510176728791 0.099854231164209592
-0.67608222639382476 0.0060293234616104483 0.2218436367786687 -0.10232116580439 0.24259160280832837 -0.073504546318751557 -0.05940656940116238 -0.10232116580439 0.24950759148488158 -0.046993256391964201 0.24259160280832837 -0.019329301685751307 0.21377498332268993 0.0048766586821849768 0.010905982143795441 -0.0089553186709214038 0.15614174435141312 0.035998607726674549 0.058165238100242524 0.07057855110944064 -0.3302827925661635 0.0083346530204615708 -0.088223188886800682 0.10631115927163223 -0.24152760455039707 0.12129580140416422
-0.6685961595290949 -0.096261953816587614 0.22828350773764877 -0.077479133559692381 0.24354454919637605 -0.050478829440405715 -0.040545607189163169 -0.10213158514686735 0.25058810679271204 -0.01643496772478318 0.24354454919637605 0.0070435575963356672 0.20950068748075362 0.034043861715622389 0.0099332222512426953 -0.0058696313302797534 0.15080437417795625 0.06221809210096519 0.055716346627424571 0.086870543688140053 -0.33520109996920577 -0.03639171424773438 -0.091024436629568786 0.099783732614755496 -0.25654804014345739 0.095088027550531598
-0.67327159538365355 0.0045709333552404708 0.21456498926364045 -0.10844763450668536 0.23553750701121429 -0.083979697134515779 -0.055747461705089561 -0.099126515507763566 0.24718890575986643 -0.056016340137750621 0.24485862601013586 -0.029218123015850823 0.22039068863796651 -8.9626144220388397e-05 -0.012637286335076485 -0.0059153255185465286 0.15863827527011001 0.037194849851466476 0.066592225155758009 0.075644465722018536 -0.33421589179787575 0.016222332103892543 -0.081380538952124118 0.11642436134230101 -0.23051844293487167 0.13273631959041418
-0.66547398725458007 0.1082241383265956 0.19931627019994635 -0.14273886352264506 0.224303928392728 -0.12209688501556465 -0.063597350784972348 -0.091677127215656656 0.23734096744983144 -0.093849967058507261 0.23408170768555545 -0.063430209258599268 0.20800762957134875 -0.028664771772990164 0.002674264421969867 -0.003677113580208626 0.15694589326436023 0.019137704769722305 0.075464399157464029 0.063680921548158992 -0.33085665145559234 0.062594501626733703 -0.071202290234949381 0.12669327699082547 -0.20700478041310996 0.16580439416213572
-0.66891795408249555 -0.064178981713140945 0.2352318989315689 -0.084297499384919844 0.25298353217137409 -0.058261770633205964 -0.038143252961426913 -0.10204913262472474 0.26718483876321802 -0.023941946369583085 0.25298353217137409 0.0080109934620658536 0.21274649682781599 0.02931295334983175 -0.0050068709137910108 -0.0085571975617521473 0.11452079290089538 0.056532124317532559 0.043514259941675744 0.07783408420529854 -0.34228790247008467 -0.026308830801557045 -0.090214710464854672 0.096769159661090454 -0.23459466081526814 0.099136044093064382
-0.66756956826429159 0.084883962733752524 0.20525512837510318 -0.13535068847671891 0.22727859349615046 -0.10984983412603273 -0.065981231536740612 -0.090144628491411596 0.2388698909282804 -0.087826369004985624 0.2435064099011327 -0.055370736195021364 0.21336903657759437 -0.021755973641844149 -0.0045473551464509359 -0.0055281572368620748 0.15657167916015705 0.021131826857037104 0.067318688932755541 0.070974405815196512 -0.33258107247573204 0.048950940694149327 -0.068299491023166237 0.12429437400299478 -0.21319070892479214 0.15559087706974598
-0.64125488424254784 -0.18661467072931404 0.23473320143116391 -0.049272665202078604 0.25204521893459697 -0.016956899195670172 -0.029563599121247119 -0.1104417937142087 0.25897002593596991 0.0095881943095936888 0.24742868093368148 0.039595691315544225 0.2104963769263577 0.064986650320579417 -0.0064809091166698014 -0.0042614196931528067 0.13432349991125231 0.089223474825385674 0.037376201892027228 0.099610685327445436 -0.32386789667960886 -0.082742565708715798 -0.11381541763795471 0.086915205824927871 -0.26039049916702117 0.060370112319664007
-0.64176544534599278 -0.22189611262631168 0.23959002559407305 -0.015346761247548125 0.25015220833503243 0.012819059395010698 -0.025638118790021404 -0.11040640591618353 0.25132578419513907 0.044505607617889194 0.23841644973396645 0.063282821379594983 0.20790347737119455 0.075018579980661165 -0.011555208468741926 -0.011826033667228088 0.14218322920522419 0.084407186861514022 0.031867098355202517 0.08558076272162056 -0.31903208381667447 -0.1033649507555439 -0.10896200485759086 0.071497852400341289 -0.25448541151081083 0.025728393856183397
-0.67829106527307692 0.0080874517891554032 0.21194398112667026 -0.10847734247628005 0.23251423893821757 -0.0867642925640911 -0.060040538826012513 -0.089049876765374084 0.24737053624655739 -0.061622866349977545 0.24851332834719903 -0.034195855934580917 0.22108631793180272 -0.0021976771166183112 0.0028130267092714985 -0.0010548850159767225 0.15480437609459408 0.038942838506476549 0.059952631741347726 0.076654977827646839 -0.33088226667805354 0.016086996493646102 -0.081753588738201433 0.11208153294753415 -0.22803097762031638 0.13150899865844012
-0.66763346176129656 -0.10748727984110901 0.23136658329579474 -0.070861352079523807 0.25245423867367711 -0.040894683910954098 -0.046102566413184026 -0.096388513852749796 0.26022337486552855 -0.019807028533071779 0.25245423867367711 0.013489269432005735 0.21027892791791222 0.03679667800755989 -0.00059762586091159317 -0.0042687561493689671 0.14590608518542927 0.063433716379621904 0.038248055098345508 0.085631248356340214 -0.32246183952332685 -0.039784807312118149 -0.10270627295381561 0.095620137745863421 -0.2514297371978283 0.084521371757504335
-0.64874801664214421 -0.21214042904016972 0.2342940618168147 -0.032842545089112073 0.24662079133845002 -0.0081890860458415198 -0.023446646362830604 -0.10344108689484104 0.25446507376130867 0.02767049074436995 0.24550017956375592 0.051203338012946333 0.20179632035068562 0.06913312640805204 0.0034480362298279161 0.00077580815171136418 0.13343900209434476 0.085942303028463687 0.037066389470651356 0.092665973676628349 -0.31704693133268758 -0.095596804471982239 -0.10861314123958302 0.081459855929687339 -0.2587751190485939 0.043359055590087549
-0.65243324343076237 -0.18260469080782699 0.23568957095275972 -0.039129576601677318 0.24991850789882403 -0.010671702709548311 -0.035845975767970051 -0.1043455376044725 0.25228999738983476 0.01897191592808594 0.24161829468028631 0.045058300329204007 0.20486020756961998 0.065215961002795364 -0.0097595913668519184 -0.011857447455053681 0.15031594927637282 0.077073408457849005 0.051899135399427275 0.086559366421892062 -0.32753918316229119 -0.077073408457849116 -0.10343342626177617 0.081816387439870478 -0.25758024317747436 0.050987024056730897
-0.62914224707354693 -0.22491382060366996 0.2464895921891892 -0.019853336038776297 0.25709616897702853 0.0096093772607774072 -0.02103184457075832 -0.10706296740545514 0.25591766044504638 0.03200103936843831 0.23824003246531417 0.057928227072045431 0.19934925090990341 0.07560585505177779 -0.0092467592509367716 -0.008068250718954683 0.13335277311890312 0.08974795743556363 0.035536564964384829 0.089747957435563699 -0.31565897756629535 -0.10470595034149088 -0.11531252712933009 0.077962872115742127 -0.27558968747890233 0.032001039368438372
-0.65994691116781856 -0.13746130385882457 0.23462936665891024 -0.059859506264216711 0.24971860508008398 -0.032914437654977945 -0.044521544132803674 -0.10189381329462929 0.25618542154630142 0.00049744742047819993 0.24217398586949734 0.024209107796608422 0.21199550902714978 0.047920768172738618 -0.011109659057347777 -0.0081249745344781632 0.14732734436497663 0.068399020315760131 0.051402900116086399 0.087799469714412076 -0.33121707413510498 -0.059859506264216697 -0.089789259396325052 0.093188483436259836 -0.25684868477360573 0.078099245015086069
-0.66054995309568543 -0.12107041267375344 0.23137495594622356 -0.066511176216402595 0.25153815202828828 -0.038045487629958637 -0.034304804193919423 -0.099721146233920477 0.25984064453266748 -0.010765869401283157 0.246793870597214 0.01769981918516067 0.21476997093746461 0.044979437413836011 -0.0093973266807811408 -9.1236181366828137e-05 0.14241967911358647 0.068700844569205929 0.045161909776569642 0.086491899935733488 -0.33556667506711746 -0.053464402280949119 -0.10072474422895542 0.091236181366807362 -0.25135567966555433 0.080561548146890899
-0.67499194138262109 -0.053171006991168376 0.22602342094666802 -0.083487809222974815 0.24542617437502434 -0.055596351169712864 -0.035913750336139916 -0.099252546383514204 0.25148953482138564 -0.032555581473539957 0.24542617437502434 -0.0070894675988224789 0.2163220442324901 0.020801990454439503 -0.01044763646142252 -0.0046641234202779236 0.14962507932251579 0.053544136864790509 0.057462000537824166 0.076584906560963451 -0.33665642847566052 -0.019216188491545064 -0.088058650174847125 0.10083834834640865 -0.2457060217802409 0.1032636925249532
-0.66563569328831607 -0.057818321622593032 0.22619832409089699 -0.080202530777421357 0.24504818443180504 -0.056640205351286277 -0.045946534580963261 -0.10023050738963611 0.25093876578833857 -0.028365414839924177 0.24858253324572505 -0.0012687405998687321 0.21795151019174944 0.023471701097573038 6.6968156676623157e-17 -0.0012687405998687321 0.15433323154118486 0.055280840422855394 0.057727697294030947 0.07766504957768372 -0.34400995122157219 -0.026009182297310703 -0.091893069161926813 0.09769302618989853 -0.25329499833095215 0.097693026189898516
-0.65786194095620465 0.027042982472192958 0.21983921125354144 -0.11286305950129517 0.23897166143795007 -0.091339053043835466 -0.079105322877843429 -0.087751718634258846 0.24734210839362913 -0.066227712176799097 0.24853788653015466 -0.035137480627135058 0.22581810193616955 -0.0052430272139965999 -0.0073586346863109883 -0.0052430272139965999 0.16244186070031572 0.037804985700922875 0.066779609778272561 0.07487410793321457 -0.33141450968473235 0.027042982472193007 -0.083888435423945557 0.10835589575592967 -0.2501015964009955 0.12868412407686383
