C:/Users/vmc04/Desktop/Wing saga/Lab reared wings for landmarking/13/13 landmakrs lab reared txt files/RPVMB 13_Format - {Procrustes residues OP} - 1 21 26 0	from C:/Users/vmc04/Dropbox/Homework/RPVMB 13.txt - TPS like internal (simplified) format - can be converted to other format by using TET - Orthogonal projection of the preshape data to the Kendall tangent space
-0.0043388191706486157 -0.0032344654858257414 -0.001361539189961672 -0.0035910398552855965 -0.0026923209216771602 -0.0010143084820806198 -0.0066829246732568468 0.0013285783191403942 -0.0032763097212682403 0.0016963740253438356 -0.0019685210910166278 -0.0015221080912386127 0.0052604771619489893 -0.00081528436428706806 0.00026799353742276071 0.00073454682411379152 0.0030680890130722425 0.0010646750472205885 0.001743725577659571 0.0022035042876429271 0.01136646017517093 -0.0025892519029671436 0.0013383142361639523 0.003089462456851242 -0.0027246249336096446 0.0026493172213719191
-0.0045312153911038601 -0.0049229424449944515 -0.0074692372582602102 -0.0019058165676223583 -0.0066579242014699969 -0.0029335427779647611 0.0096602060927610985 -0.00095188017424474884 -0.0048874665208766604 -8.4552142243964816e-05 -0.00083431292106096342 -0.003243797212923419 -0.00068195498690799741 0.00029516276972224944 0.011433378668381743 0.001024738860711884 0.0016392461030301007 0.0034576863270966403 0.0047765781999659978 0.00058510265824768303 0.002390560919893299 3.0886247135851919e-05 -0.0016270549380665491 0.0027682139870127678 -0.0032108037662848437 0.0058807404700662869
-0.011097724044438689 -0.01338790273811185 -0.0068494941767429443 -0.0031121084561531141 -0.005942373421156999 -0.0042648874533475498 0.0041571124071815993 0.0024971383306362782 -0.0018806434022908816 -0.0034409161200744079 -0.0048089126351056749 -0.0027307172748021673 -0.0077010272559018943 0.0012653579582394079 0.0082005526248009886 0.0033015615825873913 0.0028046229582695875 0.0007191393191977747 0.0051520911639272539 0.0010262339140993651 0.0068140986584307502 0.0058853312082299009 0.0071127944205306957 0.005537953222386296 0.0040389027024952551 0.0067038165071127004
-0.0016000259419788453 -0.0012067855668800563 0.0056908065639352801 0.0036599968021806331 -0.0023468169558647513 0.001103978546096048 -0.0028032411483468094 0.00076445084748546957 -0.00088544405579165123 0.0021669221398485585 -0.0025992209080999509 -0.00064233092633061181 0.00080445437284003361 -0.0010097876757506766 -0.00045980421845101803 -0.0022631586216659734 -0.00040088115929496205 -0.0032994870543838397 8.8377267317213664e-05 -0.00083157305072808151 -0.0078616154933880949 -0.0017608651348165606 0.0025712676303800081 0.00061860881525533512 0.0098021440467425461 0.0027000308796891054
0.0019871816120288184 0.0037917141846409508 0.0051557920561772202 0.0028350246588121453 0.0028402899250826582 0.0023421767435697323 0.0037246156173407962 0.0028615188895092275 -0.00078584269217682468 0.0013236397905800282 -0.00035802632790566226 -0.002373163189860398 -0.0020416240988465287 -0.003244003792470676 -0.0027827806668208723 0.0030482575624517227 0.0040870057746267615 -0.0035920264070950789 0.003092611928431451 -0.0023196480634260388 0.0048886471057964162 0.0035546121683493132 -0.0066196951873973651 -0.0027320888596633636 -0.013188175046336662 -0.0054960136853968167
0.0061770560708292307 -0.0021446918906481848 0.0068436136713097059 0.0012008768640985219 0.00021641044797532285 -0.0036447053565684994 -0.008931563899975372 -0.00020712084970296422 0.0018582435739410187 -0.00069350097796475648 0.0061872245962370648 0.0012588880669813882 -0.00019312116442310673 0.0016102974813115148 -0.01163553868338593 -0.0030633194824130753 0.00046098556705548386 -0.00066127063341308396 0.0035115502841638183 4.0714385038217744e-05 0.0018310025176631038 0.0036331908672910538 -0.0024715004652931323 0.00078057809845553505 -0.0038543625160977267 0.0018900634275345746
0.0077452316022935726 0.006656317708881772 0.0073764107411790434 -0.0012419708202016312 0.0018330020993846921 -0.0022378819740283239 0.011653587962999708 -0.0015685702850732619 0.0028770091350830192 -0.00024571373480766393 -0.0003845218913443812 -2.2452745067436927e-05 -0.0052404297894541978 0.003348301569970328 -0.00059885812089095238 -0.0026535370166633947 0.0026416388149513052 0.00060557768205289587 -0.0064665297632713545 0.00045900522656536723 -0.0036349732829576058 0.0047845318157043086 -0.0024857623083740341 -0.00054599596698228078 -0.015315805199599609 -0.0073376114603505571
0.0045585253191386095 -0.0034486041866929494 -0.0023360957588512495 -0.004982229151378869 -0.00013774922311649701 -0.005711076183113937 0.00010735667425391628 -0.0013793498556955823 0.0016194879028786219 -0.0034697405725546537 0.00012707825646458056 0.00082651477803124965 -0.0014283238736153554 0.0017665699693658688 0.0065159718812542707 0.0049424512912625189 0.0027505744030702343 0.0026873193840686116 -0.0022084191215468833 0.0030391822820325328 0.00073697215668243766 0.0040696314574164031 -0.00085173734386702815 0.0016469811046276516 -0.0094536412727447561 1.2349682631196401e-05
0.0030477673210646573 -0.0014232578985278669 -0.00095702347194898335 0.00062591636055851676 -0.0017874373027243267 -0.00016871652711352022 -0.0060080753470247066 0.0089430395195834109 -0.0012760545336065695 -0.00060841609794247517 0.0005117287450486503 -5.3906507298532292e-05 0.0025857555870131364 0.00073383254039864187 -0.0019309338730037159 -0.0012802861452003141 0.011100514031961233 -0.0013541867921721506 0.0028004674842557853 -0.00012078279837904814 -0.00852494301612014 0.0012204373440018554 -0.00034829226513952074 -0.0018884498721755062 0.0007865266402227347 -0.0046252231257330884
0.0015522757529219579 0.0060687816454661455 0.0025901563317811114 -0.0049712595177539573 0.0056533229478147925 -0.0018832897247627427 0.0059577768963922544 -0.00082210082185289204 0.0042644233090822362 0.0022406590474358793 0.0028040222353221643 0.00036367130663891005 -0.0059048006985323309 0.0053142584665674241 0.0053008511137424231 -0.0037046241616315056 -0.013712291547018517 0.003239518508538887 -0.0014314974201295959 -0.002395560842850278 0.0024150776531578501 7.5963579471519763e-05 -0.0013992544397185076 -0.0022961698806747291 -0.0080900621348152096 -0.0012298476045926182
0.0035901140528243466 0.004908321987984408 0.0044943666445578078 0.0062193672703258363 0.0042282702321030843 0.0039133102393295342 -0.019821552597234206 0.0011415094562387887 0.0031734305671118649 0.0005490713557378831 0.0056957721356513009 0.0030003973403601855 0.0048521953595039198 0.0019931953642020246 -0.010717207842115439 -0.0052715068323050951 0.002603298691049969 -0.0021761391050975866 -0.0021680038919678862 -0.0043415908285595033 -0.0022693778730343518 -0.0027118846823958971 0.0014738478730529504 -0.0040208409215424764 0.0048648466484957189 -0.0032032106442781566
0.002018826388540047 -0.01380117709892841 -0.0047314657508821687 -0.0080497478652734027 0.002040158485197615 -0.00088399392483760355 0.0030727407482659744 -0.0072391634491128466 -0.0006379707507584674 -0.0035327152810092463 -0.0035198941739262089 -0.0027994401999719663 0.0030217310978883295 -0.0034634156423868617 0.0028985559706555955 0.0040208440873001697 -0.001533912595775204 0.0016819102324122739 -0.0031476336520045384 0.0057035590207521929 -0.0032304550106755725 0.0056590043103501679 -0.007898840944038487 0.0096330333101099647 0.011648160187511756 0.013071302500596543
0.0046575029161613941 0.0058697521794036957 5.1358416042579774e-05 0.00090373754210985933 0.0022735693243367949 0.00098305905522999538 -0.011210705346289741 -0.0028213347130577747 0.0032965553518175513 0.0022816362559159795 0.0015389643610021443 0.00022948653186713938 0.0063040219978310018 -0.00015494164226268221 0.0014522107734113525 -0.0022897568330457014 0.0015209346049354301 0.0033506080376154699 -0.0060107157524283963 0.0035058304649117408 -0.0051576109692775089 -0.0055258453543155419 -0.0025764418401287019 -0.0033657240280034768 0.0038603561625866218 -0.0029665074963688282
0.00049424299163882291 0.0011567860726844716 0.0069440265426948689 0.0051534556105748818 0.0014238628338238001 0.0030034779347894343 -0.0047017699577196898 -0.0098795974510660599 0.0039055182324496418 -0.0015660193593509343 0.0035041841890503709 0.0024290401929588459 -0.00159462011421448 -0.0026366798484919337 -0.0098474432985241906 -0.0016786916574928167 0.00037458239079237094 -0.0024229919363741343 -0.005872990374362827 -0.0011500100169602725 0.0080115026332322498 0.0035255741914838826 -0.0036328772565009386 0.0028534405540848839 0.00099178118763979146 0.0012122157131595479
-0.0074122725153454253 -0.00095200779394852535 0.00095773897640296247 0.0016385492784877446 0.00075913335784409675 0.0018460021375839369 -0.0098844565172603663 0.0018986485376874822 -0.00098305094823795828 -0.00044775211681135149 0.00056791800826069307 -0.0016497186381379688 0.0021727792112504196 -0.0010306837157746458 0.0052747929837870565 0.0029252130803318552 -0.0041362870035783084 -0.00070056842800773596 -0.0045609079136457158 -0.0022924189136028449 0.012888241656744267 -0.0017665557516457651 0.0059652625927547418 -0.00074110771711761829 -0.0016088918889765953 0.0012724000409555236
-0.0055054173237237174 0.0024187934913815199 0.0045077001074418262 0.0026998146862689449 0.0059316863503960674 0.0030145469398536258 -0.0059819999388601736 -0.0019948033642056759 0.00034898593818096565 0.0007221702682122938 -0.0015098067533806867 0.0034160154034341811 -0.0011751519221463985 -0.00080529854874024972 -0.015037465887444477 -0.0014699748337365529 -0.0087734635541824972 0.00017612881899896728 0.0090693663333322478 -0.0043657824507572773 0.0068148561428123099 -0.0057615903495537987 0.0070113290416036721 -0.002326414851080736 0.0042993814659715995 0.0042763947899239069
0.00010578945538090075 0.0035842597828372597 0.0043934499461670395 0.000253255020057026 -0.0047391493892498127 -0.0039394525215654301 0.015018738711814196 0.0020525620362711271 -0.0028270990377891663 -0.0054116038120333061 0.0066766648777383236 -0.0019102338498336487 0.00049551759677300125 0.0030446167747439504 -0.00054334630134909205 0.0014744493410763062 -0.0036600570355684748 0.0028616393651472549 -0.0057761140567791514 0.0010294498913633577 0.002285164537501801 -0.00079216615196303684 -0.0073867091860087674 0.0014661904208582454 -0.0040428501186310795 -0.0037129662969587612
0.0047043177155753433 0.0024996817173142476 -0.00094652232797977744 0.0025313804493562629 -0.0017952302515608417 -0.0019671700047624498 0.0071378689831376766 0.0038931382390137602 0.00205702000102059 -0.00027982204449118449 0.0041459439356968967 0.00014716287806710183 0.0043392645521783454 0.00086082651170589551 -0.004449573617929501 0.0025186434009337073 0.00061720480102284885 -0.0029240237367642776 0.0010761111024866063 -0.001222129092297815 -0.0073103407573531596 0.0022243997977752063 -0.0061383464549495861 -0.0039849343701535856 -0.0034377176813450427 -0.0042971537456963915
-0.013507021668053206 -0.0039306599259649952 -0.027761474686721119 -0.0066669653019050586 -0.0020659901244546035 0.0038579904419233516 0.0028813301593408349 -0.004718586610253794 0.0020327020176035865 0.0060538973634759472 -0.0096020919539025144 0.006432813765067576 -0.0034491147312052488 -0.00048807725583378098 0.0095832625885239348 -0.0027000313313207814 0.010730140548520827 -0.00063202974150029193 0.0095847197004899493 0.0047210141020412044 -0.0031009809587001888 -0.0036242594207913717 0.013795502661229581 0.00041643545317954092 0.010879016447328575 0.0012784584618827505
-0.00065809947943069273 0.0082747558930060423 0.0016495683394378282 0.0019180559168872255 0.002062499041835252 0.0054117064168950867 0.0063594201629539882 0.0004770201943103073 -0.0018230504197374285 0.0044694205536133062 -0.0016986697551394378 0.0030644441546541171 0.0021790783347488889 -0.0028231839854563141 0.0091876567713243401 -0.00094527459569822086 -0.0062046526003266163 -0.001557895720793751 -0.0050271081789120941 -0.0034348694633882099 -0.017439510730730759 -0.0039904355827655377 0.0038119299146214532 -0.0053152045062729927 0.007600938599354708 -0.0055485392749915347
-0.00082215130565658698 0.0028189949431337582 0.0045316586201225514 0.0037859973719716706 0.0019528157528709237 0.0023644784586793078 0.0059713836353134627 0.0046114807818777824 -0.0029921936189947857 -0.0022191311746648595 -0.00137059563427508 -0.004352174522263978 6.2089921547577812e-05 -0.0035548025798021869 -0.0019685175337290414 0.0032741852723149581 -0.004102128923387985 6.5018142632506846e-05 0.0024655964335598035 0.0010617739236621522 -0.0059916244656256518 -0.0062435113898830445 -0.00070362240165787384 -0.00038856487255603338 0.0029672895199132606 -0.0012237443551018912