C:/Users/vmc04/Desktop/Wing saga/Wing field landmark repeat/13 landmarks field repeat/APR  field collected/coord_Aug10_Format - {Procrustes residues OP} - 1 50 26 0	from C:/Users/vmc04/Desktop/Wing saga/Wing field landmark repeat/13 landmarks field repeat/APR  field collected/coord_Aug10.txt - TPS like internal (simplified) format - can be converted to other format by using TET - Orthogonal projection of the preshape data to the Kendall tangent space
-0.0016449123479099241 -0.010873229673440744 -0.0057020172615772843 -0.0068450794701796604 -0.000706635778671574 -0.0059341570574110106 -0.0046509903464846576 0.0020945707268935077 0.0012161170937046903 -0.0018193008558336813 0.0013977271430967346 -0.00087481021394713134 0.00086922355037660857 0.0024324232027241521 -0.0041867368425857936 0.00082883084429752254 0.0011843639706544382 0.0026670520298386693 8.1359875578711671e-05 0.0057988754463101566 0.0040390510782741685 0.0048811166935174861 0.0018755431631895538 0.0041995287047666332 0.0062279067023537239 0.0034441796224634613
0.0020777289564025917 -0.0015107144816422402 0.0010589794482067988 -0.0038285361540866323 0.0014250183011841424 -0.0028007879568071486 0.010153911636776503 -0.00204565792461647 0.00068252607864966895 -0.0017642815645220055 0.0021621001929923245 -0.00089608541061939875 0.00092271775012140811 -5.3549567092225133e-05 -0.0090722481000084631 -0.0019143459983431384 -3.949939453000385e-05 0.0028089799507638323 -0.010261400237437525 0.0042897586746164186 -0.0012694001611000929 -0.0026801907927393488 -0.0059014741993902355 0.0021007609628101286 0.008061039728132692 0.0082946502622779222
-0.0089942547838912541 0.00020526409058458544 -0.0081412283993119398 -0.00086354232653587876 -0.0028580735025856971 0.0049349392537370038 0.0021704752451014832 0.00045749704521186557 -0.0025883645133161041 0.0043208873040831708 -0.0037206865777207987 0.0035574673821369574 -0.0011935132749308131 0.0028722042144680702 0.0062943857154913038 0.00040261036263232496 0.006293718532717648 -0.0036733127609801203 0.0074715893559679303 -0.0048332842637639171 -0.0054789236406373783 0.0011772353656678237 0.001971279310584276 -0.0063293914076531952 0.0087735965325318761 -0.0022285742595888336
0.0037004950029435333 0.0019226031101092099 -0.00075360746024719051 0.0036403118647646746 -0.0018466156839506598 -0.0013329292949779649 0.0043152955967777091 0.0070725270973480405 0.0017435181945321121 0.0013086972360838846 0.00073283424980876907 -5.1295183076997304e-05 -0.0018571506624442784 -0.0012060417559286707 0.0088549300082255457 0.0037662180357796431 0.0021849822955351036 -0.0030222618511816339 -0.00053509818473316205 -0.00401780167956187 -0.016157030816019154 -0.0016733821830100526 0.00023699138266068957 -0.0039255758732696863 -0.00061954392308857147 -0.0024810695230787078
0.010492130625359256 -0.0014264790997789761 -0.0033085472778175743 -0.0067264145140015271 0.0026511083035496642 -0.0023122238145382315 -0.013423405015918618 0.00078012729752738883 0.0053895752792840566 0.0012024568669529564 0.0061359581183227496 -0.00072748820104959167 0.0090358360520580473 -0.0017457073947016958 -0.00636978238543171 0.0034931116981621029 0.0027126958784258262 0.00086901552021351528 -0.0077054783646333738 0.0045745896863634648 0.0050727842789473664 -0.0035606708556951126 -0.0023784955707366932 0.0024759652303662756 -0.0083043799214089654 0.0031037175801797712
0.0011801456992432471 0.00054717835784504391 -0.0059067858958579914 -0.0033125609072402378 -0.0025752528990385312 -0.0036709777526289728 -0.0046263934484942343 -0.00076291066727819786 0.0022168779098675003 0.0004283429098847368 0.0044540075521433044 0.0010312358803152011 0.0051014704189041808 0.0011777092471356066 0.0046859000064684922 -0.00035223629997660353 0.0031865217600629712 -0.00016837232663910104 -0.0027538874572794738 0.0033138642583598397 0.01065456284557841 -0.0010917892138606073 -0.0091354471912728462 0.0045828719359001686 -0.0064817193003256952 -0.0017223554218166598
-0.011923351979317456 -8.0796788031274732e-05 -0.0011649733686299878 0.0016379457645537378 -0.0052631189077667314 0.00096729069495710769 0.0074063656805086527 -0.0014632755485017603 -0.0055205767187275706 0.00066555749483805183 -0.005710472969899294 -0.0017996904827024152 -0.0036565263955231791 -0.0014880490925241793 0.01102899509788766 0.0071010551658058163 -0.001917557377534649 0.0011649821675569542 0.0081175577936111153 -0.00057091310200183681 -0.00013163653653808574 -0.0038806427284940096 0.001492962710650157 -0.0013626257622873785 0.0072423329712801767 -0.00089083778316897955
-0.0042099348498502156 -0.001752541438051316 0.0050352514858837804 0.0052605346757788937 -0.0051522657121329789 -0.00023373317327356224 0.0063069232566101323 -0.0040327501916511757 -0.0068272670161602282 -0.0019383942794029888 -0.0013577531869062172 -0.0028175144525218947 -0.0030107505951726919 -0.0020519205878981447 0.01626846269766704 -0.0016221496368651618 -0.00059358967557883576 -0.0032814114480628673 0.00023360142703162301 0.0017804096890796169 0.0067415737496423697 0.0040816502228811806 -0.0052925642187154898 0.0038282640460965862 -0.0081416873623180955 0.0027795565738903544
0.0097685060502770513 -0.0013714354709178035 0.00031868547354903286 -0.0071853970198524587 0.0039948860501182164 -0.0049147565816812511 0.00051090748660777827 -0.003611759799527573 0.005417347359498512 -0.0015453865934984556 0.0025054105588510254 -0.0027216203424942115 0.0032306388482750146 0.00038067427544559993 -0.010033335267434988 -0.00078444692619041869 0.0019075634994557295 0.0044230834746383715 -0.0067292423946481456 0.0081072163808213783 0.010219428906697805 0.0034304022666376216 -0.0074387210726791081 0.0025939049402931408 -0.013672075498568245 0.0031995213963258856
-0.0021985875393755166 -0.0046462372926046325 -0.0040293170006977432 -0.0013037433675017044 0.0041373338581999312 0.0032275279328470487 -0.0040898143345639969 0.0012876028963342569 0.004496496884350872 -0.002596359229874578 0.0019417141395671944 -0.003157058023503659 -0.0087561547896709089 0.0027154972330683648 -0.00019411935695921319 -0.0019466897307734972 -0.0012595012554298928 0.0020323977111149864 -0.0010249798230660542 -0.00091583538037813333 -0.0028360770105770009 0.0020499051275484751 0.0079492427551030899 0.0010665222270414669 0.0058637634731180379 0.0021864698966814894
0.0033767562389367461 0.0022007515558591963 0.0081169017630029865 0.0026021786812938561 0.0050620468026094656 0.001315262742591235 -0.0079988351289318436 -0.0041397952086421113 0.0022798153880890775 -0.0024450004219835745 0.00068228684464105398 -0.0014822262663762979 -0.0067330149834698011 0.00064321002673956061 -0.0065199522499581192 -0.001845668894792855 -0.006254614448677984 0.001690703498084561 0.002871347357762977 0.0025986711984135845 -0.0027325095511885971 -0.003501624702189743 0.0077106890853317466 0.0027783705213810903 0.00013908288185237585 -0.00041483273037824786
0.0010124725465536482 -0.0022254129455431104 -0.00063829231175704807 -0.0063904973755645631 0.0027454782554225837 -0.0013560672005881354 0.014510783316762763 0.00023900324004982464 0.0013493931121714123 -0.00052538116752025277 -0.00050284617189425181 0.0012984055185287237 -0.0015225118188702835 -0.00016625705719923144 7.8170821541685218e-05 -0.0035013522489913311 -0.0065062403407539675 -0.0013171382365329185 -0.0087965384298421094 0.0018633905745501381 -0.0014588501831656795 0.0019279912847339348 0.00341866625733584 0.0046288934658828013 -0.0036896850535040864 0.0055244221481939026
-0.014981624665768649 0.0063966886654230424 -0.012065088454675526 -0.0042499140903759728 -0.0030599116932713841 -0.0011256468742838282 0.024767965889882858 -0.0029400113751692917 -0.00077039105564287013 0.001343103732915482 -0.0041985157960134287 0.0062703808021431036 -0.0033852967473878919 0.0038808761626592842 0.0081547565988711185 -0.00053973916860257539 -0.0070623675563452138 0.0033376908801196377 -0.002311244108403142 -0.0024238901742367463 -0.0028445304538556784 -0.0095036613214413233 0.0075720686084842226 -0.00010049290420891433 0.010184179434126358 -0.00034538433494160636
0.00059976947913168658 0.0011947518232409591 -0.0038989905031235356 -0.002048022244055489 0.00044266363368129129 0.0040473914094143228 -0.0049698818870741812 0.00023100789898429226 -0.0015244186603584043 -0.0016039932639228217 -0.0017841269924884998 -0.00034230810379462029 -0.0016004102302778272 0.00030368651113191761 0.010086352497422674 -0.00029488198420121818 0.0022003788053855783 0.0018851941858294271 0.010361416263767052 0.00057856908718173776 0.0034823984712271244 0.00089426982947114135 0.00078432930692175825 -0.0018737424595986045 -0.014179480184215663 -0.0029719226896806755
-0.0018352501896470872 0.0035430592460702279 0.0019318759754570255 0.0042032307025258713 0.0020330230604467705 0.0026082805629511737 -0.0020325501976146275 0.0034471744246591376 0.00036291824717820439 0.0021979291141657844 0.0029536779125700517 0.00011243574996716266 0.0045974878550471996 -0.0021010350803910131 -0.0030940303823613494 -0.00079561966173723262 -0.0012979459281802122 -0.0017544700197649578 -0.0024886153989853842 -0.0031358723547981722 -0.0023088338372149668 -0.00037144654137137573 -0.0088889572110207732 -0.0053917544594458376 0.010067200094324253 -0.0025619116828305144
-0.0038813682598787076 0.0075960476528774351 0.006893174270804445 0.0099895757456492096 0.00058861262295001283 0.0080643656804223196 -0.0047649188538392935 -0.0011915171068105877 -0.0015651341797796622 0.0019866129407879649 -0.0018572929233718377 -0.0017351747737326991 -0.0056127398498578502 -0.0037510738874753143 0.013402174041192517 -0.00012170605209842998 -0.0030006794902605206 -0.0028937154980445859 0.006748129363409695 -0.0060802089637201039 -0.0022075045388605043 -0.00026895406488868282 -0.00090216059492699758 -0.0048980440326566012 -0.003840291607581421 -0.0066962076403097592
-0.0014501056468877805 0.0014856752464491628 -0.0061468857372715688 -0.0052397177897349264 -0.0019825472913421022 -0.00025504487679544263 0.0056795676682669478 0.00017913137931864021 -0.0010715576443691087 0.0017369934299038563 -0.0023445896123326774 0.0017263004012938513 0.0022099884075591908 0.0020335219338015612 0.0087427374543969996 0.0017771720523403554 -0.00044069052338437933 0.0018059296565813812 0.00047617777697080003 -0.00029703272106437902 -0.0015400825787832209 0.0017962937952103459 0.0093211637557348535 -0.0020897835090190262 -0.011453176028557803 -0.0046594389982854839
0.0024830912164259004 -0.0028577778725604767 -0.0032441579379818299 -0.0031408519840211997 0.00045205556831283628 -0.0006801044550005256 -0.0072738056807544159 0.0060081421848338342 0.0046825213820551378 0.00062451959614166991 0.0016896227089397003 0.0010712189833537251 0.003533894481203816 0.00084992380671895286 -0.014757592903755081 0.001617532098209551 0.0033023189660092251 0.0004472801930266501 0.0033502908506245817 0.00020847388566030782 -0.0025341863957148276 0.0010610836961866697 0.0086383619149895258 -0.001671789687090185 -0.00032241417035488171 -0.0035376504454584651
-0.0064295006427578768 0.0019565505203392136 0.0028241267320694785 0.0038553997966462202 -0.0057534713652280097 -0.0038659701978079148 0.0043211191684494783 -0.0045586752782453936 -0.0064203106473029676 -0.00030207578904482813 -0.004194429848596708 0.0035973790474858533 -0.0042361755372546288 0.0029369129175305236 0.0032062365825205079 0.00079342759073983507 0.0070933073806389128 -0.0017246450059537079 0.005201116666368937 -0.0020041381675988835 0.0079114744071898946 -0.0027896120926472856 0.005572189757092354 0.00064932539905967123 -0.0090956826531902648 0.0014561212594966372
-0.0053830687372176909 -0.0032316651110227308 -0.0077556073628431898 -0.0084404813253610191 -0.004008861591906162 -0.0054838414580498061 0.0051847153905254925 -0.0045585175081531478 0.0012948474057531386 3.3962510429153166e-05 0.0032445415655624047 0.0074021096061337296 -0.0015751793541058413 0.0039419406602335038 -0.0048992521645031782 -0.0034204776465647097 -0.001361128757690028 0.0052408506719220137 -0.00073127679645072503 0.0024199893343087816 0.0048028611185643947 -0.00087658761083471112 0.0051408231127893804 0.0017911623909187306 0.0060465861715224226 0.0051815554860400459
0.0047087962032767595 -0.0020049946292390237 0.0050561040298281517 0.0038785306410550218 -0.00059665330717187078 -0.0015054770816109414 0.0061809243118074435 0.00076796555650035319 -0.0019566104179123112 -0.0056455656898078722 -0.0001250601679139117 -0.0032360789468620678 -0.0025063563427073655 -0.0015674335917141983 0.0094107025877712171 0.00035816086202294548 -0.0027070544436439033 0.00046899269640065004 -0.00080778232205844062 -0.0016897271973324531 -0.0036252367249898802 0.0011275972660370944 -0.0044407686720475308 0.0040530223592191092 -0.0085910047342388305 0.0049950077553313627
-0.0035878447156411199 -0.0056077533075646786 -0.0049404856978397813 -0.0017941047211857326 -0.0030721747642521221 0.0031600089929301892 -0.011080296059112635 0.001153124629041268 0.00038400675745940433 0.0016495862911722621 0.0018047769051926332 0.00080365830221345495 0.0010562210945001252 0.0017170806702835888 -0.0068176547212097085 -0.0012903975003172162 0.0032800918266176482 -0.00035629014780831116 0.0079100778657821037 -7.6827540138746896e-05 -0.0024259657425088361 0.0018989223959449721 0.0089637103897173796 -0.00071244047160239662 0.0085255368612950702 -0.00054456759296873936
-0.0045352161172984296 -0.0024460736784752369 0.00067744878909322109 0.0026016700080965125 -0.00077987422100082816 -0.0025423637691233294 -0.0069666890808733704 0.0084422056702723024 -1.1140054008222568e-05 -0.0013994112284419098 0.0026702275934853211 -0.0018388110633573746 0.008643439652952091 0.00033229873302675157 -0.0086358176906794551 0.0014990038739619066 0.0004544599838484291 0.00041310867494672918 -0.0013706643601390832 -1.3295498977326662e-05 0.010535640936057272 0.0036888906507927949 -0.001737009486488822 -0.0049163592250859953 0.0010551940550515451 -0.0038208631476356475
-0.00079930031347174007 -0.0029410760203243654 0.0034219400367965771 -0.0021860897590649225 0.002396894748366565 -0.00077210506129703508 0.0060113133357231792 -0.00020222029422987541 0.00043625681201073891 -0.00010057629315852492 -0.0015259036655589447 -0.0022809489603749988 0.00031776368124419472 -0.0027257802488608596 -0.0071356255803355969 -0.0026303857358425096 -0.0033589934544480879 0.0053220131338153733 -0.0046035088180755648 0.0044973169370796789 -0.0055962796414701071 0.0042345204121254643 -0.0021702489807645686 -0.00059805392456317111 0.01260569183998304 0.00038338581469565813
-0.0028229678922735164 -0.00246614572897826 0.0030794249391273981 0.0048555286883686637 0.0030067503500671952 0.0034964273335382143 -0.0055689559190635072 0.0016063505167259744 0.000410125104587183 0.0027242570903183764 0.0030040622982131534 -0.0012558164449397403 0.0025373716181919816 -0.0023898781179575923 -0.011388611883852158 -0.00061416085774447667 0.0011414901272340293 -0.0054918113045206267 -0.00069275475717670834 -0.0071961783348393283 0.0038302157152430311 -0.00019734923997794841 -0.010038507264206254 0.0004422843016501038 0.01350235756390796 0.006486492098356389
-0.00082292011138923853 0.0055471932817099173 0.0052472498001347031 0.0041296724402448389 0.0018160894270578365 0.0016074258583646884 0.0057984687697644598 -3.3724608285252197e-05 -0.00067229703153523414 -0.003285417513088161 0.00045080691231427945 -0.0023233655580177193 -0.0062111356553839498 0.0018001207262041115 0.010155716677135168 0.0033027398432542918 -0.0037327766708114087 -0.0026324892324866493 0.0016627713331037852 -0.0032920141887645043 0.00017150613161113224 -0.0044797532318447079 -0.012631792346769382 -0.0018311172679295663 -0.001231687235230974 0.0014907294506384394
-0.0018487648292345232 0.0050730425757680182 0.0051893841308747555 0.0075186809093247733 0.00085040903720366018 0.0029160230825508882 0.0038591085270113972 -0.00020248500367710601 0.00015266040395095623 0.001272207006208213 0.0013544682877492525 0.00081439435669658261 -0.00090417230520819071 -0.0011230020435001461 0.0073073569688480236 -0.002539866736799084 -0.0022775996620375827 -0.0040909280917723742 -0.0055665226715034813 -0.0066707293817741889 0.00082553132936292019 0.0060977934238652491 -0.002753100762370341 -0.0055642931497149268 -0.0061887584546474247 -0.0035008369471756923
-0.0025803736135586288 -0.0012919547946229834 -0.0043337233426955753 -0.0041936261065149997 -0.00142011972212521 -0.0026442704154734592 0.011210230152219374 0.00062106933244051189 -0.0010753660441565139 -0.00010550671935948957 0.004158967009471921 -0.0005507181474293663 0.0028236010212946945 0.00057161930507026006 -0.0017887074740503494 -0.00014420128127565495 -0.0048762502593153638 0.0027587666586165851 -0.0064344225866918483 0.0010571767406412544 0.0020125149042824046 0.0015101357171680761 0.0041483455713529922 0.0028734599665942951 -0.001844695616028283 -0.00046195025585483995
-0.0018303767307756057 0.0066397086386775824 -0.00031636476605387568 0.0018252114719636307 -0.0022807384274797977 -0.0015171998727373402 0.024254428028811968 0.0026618939530939486 2.930510764764414e-05 -0.0016745551336923982 -0.0017921346725937827 5.9658461756913553e-05 -0.0008069274705092837 0.0017056201383304798 0.010927403410829751 0.0023929112341906185 -0.0036636226657942926 -0.00018631575283117711 -0.0080234823736556066 -0.0014384050474739582 -0.013616588554887028 0.0001973276838661097 -0.0050653218851378053 -0.0054176390289310738 0.0021844209995985461 -0.0052482167462136187
0.00075737422503382827 -0.0034930762552596948 -0.00058878160035919728 0.0022144953921865401 -0.0031200806897677116 -0.0015869725657932025 -0.010679652635857394 0.0070977793431485836 0.0011002377784691333 0.00046779174787078571 0.0053346916175090065 0.00065788875566871979 0.0094779447614966282 -0.00070161882973941399 -0.0071308161805543769 -0.0012153296439756823 0.0016966284120765378 -0.0021062666458710119 -0.0045040024280266766 -0.00022734634140935143 -0.0016054908301379274 0.0012875049421819749 0.0039541381784387311 9.0102137059843183e-05 0.0053078093916798103 -0.0024849520360679805
0.0006443548496573746 -0.0010032090186224934 0.0036726622432618444 0.0016581322404562058 -0.00019083274170760261 0.0015782077347698048 -0.0071837097281005962 -0.00034443644753811469 -0.0012312807172100175 0.0035337236317471276 0.00056476850099483264 0.00089908584840101685 -0.00081500258749046556 -0.00052754418965695184 -0.0071780786569498062 -0.001567476507754062 0.0041688224224782199 -0.0035881583623527218 0.0047741913334288285 -0.00026416671198327369 -0.0034583555311449945 0.0013255163778726456 0.0024803557166122332 -0.0010098335170015485 0.003752104896170747 -0.00068984107833791608
0.010988660174667283 -0.0018561370516758391 0.0055428746844567054 0.0002200911976938802 0.0018393275778794608 -0.0010932969416294121 -0.014299476794045475 0.00080710327775251499 0.0014228663588327336 0.00090402631155518816 -3.854166851393389e-05 -0.00031441703763651516 0.0011513929259573648 -0.0023908950815423871 -0.0013065282948769863 0.0002758943181374291 0.0027658541547647148 2.1195636640826865e-05 0.0048178415717088493 0.00036527549281284975 -0.0073981997518569043 -0.0011399774462825228 -0.00011947071048599902 0.0019394604458930333 -0.0053666002284881269 0.0022616768782808272
-0.0015064549013029055 0.0012720434943157975 0.0024873144972775937 -0.0030444212922680616 0.0012665269450720935 0.00029702769889111864 -0.00083818439612775826 -0.0044916980370333344 -0.0012099412605939813 -0.0016194459664796588 -0.00053491238837177855 0.00080508751293533614 -0.0040676515925027884 0.0035201645758414367 0.0033500127584480603 -0.0014900504457582681 -0.0011395892324905009 0.0010375779405307349 -0.0036653938108551021 0.0031123204054483082 0.0011112155243320544 -0.00047681644478345597 0.0045221966155041659 0.0029611412109668946 0.00022486124161124341 -0.0018829306526071954
-0.0028686107757657708 -0.004737378898650918 -0.0010483619675325422 -0.0027425735643908256 0.00031516598868537018 -0.0016260149069859612 -0.0039832467279650478 0.0044943777006636052 -0.00052572018507301976 -0.0016211755226512707 -0.0012921664882753281 -0.0040054634816302946 -0.003738698734839326 -3.6428703099981066e-05 0.00020233751758879108 0.0038223135478882867 0.0037725941267869679 0.0015848809331304257 0.0041638339106216489 0.0016739721021017651 0.010021597760632914 0.0029574783416315698 0.0051009900227849828 0.0032785027810766521 -0.010119714447650812 -0.0030424903290827143
0.0064845031464279574 0.00076431430563634066 0.0010331577842534875 0.0033463477643179305 0.0049495770450973756 0.0059822281866440266 -0.016144332103031792 -2.515334529086294e-05 0.0064367291304975368 0.0026781640533928945 0.0046014519985067229 -0.0010743861427266223 0.0056251769633269208 -0.0012163642868967676 -0.012031986595674386 -0.0045385715499046807 0.0010194955709552083 0.00012722956688273951 -0.0022370218197736809 -0.004403393656847384 -0.0069975032139423781 0.00092777996114005773 -0.0027647280315868106 -0.0028283363733617689 0.010025480124944114 0.00026014151701388155
-5.8642834146933193e-05 -0.0010704133326588628 0.00070330913437249192 -0.0015240938823197193 0.00043730868288673541 0.00019500327531729383 0.0079901536896404765 -0.0023936076348135319 -0.0041108002899056806 -0.0010636166577756888 -0.0042525976229469339 -0.00011389652540954955 -0.00070435580176209187 -0.00202290351116451 0.0001447491696156544 -0.00097301764587143041 0.0034111373889720697 0.0018441265581038255 0.00041779143159768807 0.0018832913487938417 -0.0013496438922231558 0.00012856588285608547 0.00012879053611895234 0.0023543226628806781 -0.0027571995922185738 0.0027562394620615632
-0.0017983358684711325 0.00071433274415271387 -0.0017603970876502238 0.00072271900513287116 -0.0007103780229032056 -0.0024964029109695537 -0.008756627357194206 0.001127710210689147 0.0028223690227611059 -0.0015966916183414058 0.0017495662409189442 -0.00054485516962560275 0.0040542623078583754 0.00085976134384241711 -0.0026799049419889008 0.0015803491988922922 -0.0016081449651042413 0.0023667560732859401 0.0026408234960075671 0.0019017852720745081 0.011870798174998563 -0.0017853103990864412 0.00072568390678773309 -0.00015955135745426949 -0.0065497149060210844 -0.0026906023925923894
0.0024552826062936382 0.0016116294305593645 0.0010220646159175644 0.0033712678062627352 -0.0018293815545085369 0.00010730098285719391 -0.0053276576322506481 -0.0041117564734931607 -0.00018697572717259149 -0.00035508679202691406 -0.00065096570729528645 -0.0020788143318493809 0.0016986703838417702 -0.0028363150540170429 0.006818233863339497 0.0028217850329753029 0.0037961007567357454 -0.0013108694422917923 -0.0040875936836638508 0.0016267777372772404 0.0035719727967799685 -0.0041942536098631706 0.0025121035671695352 0.005200728871191663 -0.0097918542851863216 0.00014760584241781116
-0.0028912995092312483 -0.00035064706203226468 -0.0005319439798044329 0.0037309339415311032 -0.0047379058860966211 -0.0017425370444359572 0.0030675386742290015 0.00095427525074690011 -0.0055824953403590125 -0.0014429226560330496 -0.0066306489056065735 0.0024137814707033221 0.0019461902832700259 -0.0021630058873899544 0.0013552417436100955 0.0017043740402227702 0.0073278098257475418 0.00080577351615782132 0.018891231583431891 -0.0012071198021960635 9.7221495048834591e-05 0.00029474035682693089 -0.011794067673567823 -0.00012254020318162363 -0.00051687231067197451 -0.0028751059209198987
-0.0033663874340124408 0.00034099025990922056 0.0010809077853897843 0.005595028304741621 -0.0012647523677729363 0.0024867502622930608 0.010138043064983379 0.0036177129747901379 -0.0011946666460111465 -0.0012331149082635065 -0.0030726328096443776 0.00078185462632633055 -0.0025892255017781448 0.00069301499236094704 -0.014205391900349518 -0.0048011517644244691 -0.00072263934457870408 -0.00035352548602939483 0.010579948058528847 -0.0029952976202954648 -0.01583448416595409 -0.003734064628053708 0.0055877752336695964 -0.00088540907464902002 0.014863506027529439 0.00048721206129384576
0.0038156156690654329 -0.0014277995287453166 0.0074942242500041761 -0.0009597421034079045 0.00063565974799125466 -0.0045192849551898015 -0.0010535227223124957 0.00029051772522465606 3.6177768821371234e-05 -0.0011993516236135165 -0.002192946746105135 -0.0015655411837881335 -0.005926143532080928 0.0022895296068746887 0.0059486952420128711 0.0053550972845594841 0.0018107020526497467 -0.0016406957584393297 0.0019545520461475936 0.00058005545093044208 0.00051910304954738001 0.0034555247740062646 -0.0047378097603458184 -0.0015473518595965775 -0.0083043070653959113 0.00088904217118457307
0.007144710286786763 0.0020783828809885535 -0.00070975155755220601 -0.0060998645842332763 0.0028274500450089128 -0.0041593572167509469 -0.003942281680268213 -0.0083209986253561918 0.0010674254128212983 -0.00027363853161565225 0.00044035119390781327 0.0028182312698577772 0.0038511840535264807 0.0014071261682850917 -0.0021575806802289726 0.0037135939727832197 -0.0012766556182128683 0.0040195989607691726 -0.0046545024405684728 0.0049964855397117902 -0.0026200525010488919 -0.0065136947566420602 0.00080930619384512212 0.0036693879436362148 -0.00077960270801710925 0.0026647469785661265
0.0045071986022148427 0.0063615430218061566 0.01284117580466709 0.0020338148123349208 0.0083529646602640579 0.0039692926099336116 -2.1570588711504295e-05 -0.0015633154598079157 0.0012499717882080747 0.00051065364488219064 0.00032247535978492409 -0.00092999189853104386 -0.0020828455421984132 -0.0013341598566340919 -0.0058229152512757872 -0.0024971501480950463 -0.0097673955732084459 -0.0015614959545733284 -0.0026345102251812014 -0.0020851196543940167 -0.0010502789849903293 0.0011931703033096757 -0.0012424229622063133 -0.0021031418388946987 -0.0046518470873680474 -0.0019940995813365198
-4.1398716958045666e-05 0.0030555933603351802 0.0064981402450295135 0.0039075485460703802 0.0048285793631513462 0.0027005812516578999 0.00038613793234797285 0.00054282182607486842 0.002062973656031353 -0.00060117349389305795 0.0036809591784243735 0.001380176710118844 -0.00069115636158824031 -0.0019143504926106855 -0.0054604446812159665 -0.0059444441764478183 -0.012288418041093508 -0.00086077956776658862 -0.0051381597895567149 -0.0021442787934009286 -0.0053481210992248462 -0.0040336583148420585 0.0014638545662888018 -0.00040882034598935788 0.010047053748363998 0.0043207834906935499
-0.0013074041879436431 -0.00069595776669635655 -0.0012413825381053672 -0.00068902700658982779 0.00021704446066478974 -0.0020356913552008003 0.012412207276087767 -0.0043787723709826165 -0.0019387573884756559 -0.00053608770253936412 -0.0052288869714721825 0.0019263265541677593 -0.0016501369128833578 0.00046246839889443951 0.0031314838672558153 0.001024095043114607 -0.00030052688043801369 -0.00045384099702609282 0.0053327939145663156 0.00050768105654803455 -0.0047525577175255513 0.0024222414112840306 -0.0083585659275122581 0.00035994504469138034 0.0036846890057810619 0.0020866196903350787
-0.0061930134077158297 -0.0033159685361142536 -0.0017191424837968493 0.0013158855452112793 -0.0032362677022873972 0.00013998218817508617 0.001050698256281147 -0.0045102418713007537 -0.0022745356892501767 0.00012620554238744301 -0.0040811198919446425 -0.0015546630394310168 -0.0026448209410130869 0.00059388241930653676 0.0082170619538440553 0.00011032955143902444 0.0062722592068833209 -3.0924034974399669e-05 -0.0055438078332387935 0.0006992810178561861 0.00077177117887621514 0.00035409709936409025 0.0032310711848985117 0.0031103150311171356 0.0061498461684634416 0.0029618190869635935
-0.0060460918788618348 0.00016616585339617981 -0.0084031033590779153 -0.0022377398961396862 -0.00036588969295063903 0.0044118309887234376 -0.002809446762257385 0.0029626260995458684 0.0022826507366617774 0.005113058224278615 -0.00033514921113520684 0.0020707458250078322 0.0015744782823367805 -0.0014947603021261216 -0.0028582328240633328 0.0020880298188556239 0.0061668844064687988 -0.0044156794758277752 0.0020225357494731743 -0.0027525953318343682 0.0031003522760824171 0.00029403884432252524 0.0038521453209640092 -0.00075120467241338029 0.0018188669563596925 -0.0054545159757885403
0.021545691850543832 -2.0770111228940805e-05 -0.002415812800418173 -0.0057028771730549066 0.0027847866681808922 -0.0025457060802420118 -0.010704303730100036 0.00027646344981638988 0.0053830304991357332 0.00066722161291549414 0.0053556017433221727 -0.00095489590016620751 0.0084178197901866522 -0.00062885729412015209 -0.0097925707304961536 0.0005094156821358395 0.0062845418447795374 -0.00050055123981132608 0.0012073107207023707 0.0056605587853439067 -0.0067996505528704915 -0.0033965306051256107 -0.002569640897442345 0.0040850423497386986 -0.018696804405524285 0.0025514865237989404
-0.00032147218269879072 -0.0030637098024362663 0.0048856051271323284 -0.0020717224939871028 0.0057905162286231585 0.0023087788494927262 -0.012958588625950229 -0.00062576255252351607 0.00070327193230142367 -0.0014569451400911282 0.00089494917037237498 0.00051866557387301505 -0.00032644838272465884 0.0022531986839735814 -0.0024077641127221261 -0.0031248314809173409 -0.0063953911505199084 0.0020598438226292273 0.001220898989040538 -0.0009739614773960028 0.0055219055044825882 0.006880338604429429 0.003266832659649388 -0.0036625385832597416 0.00012568484301331848 0.00095864599621343916
-0.0078543374048419511 0.0054529002305831204 0.00085253545294114138 0.0064317604300136982 -0.0023479607650496483 0.0026341221506918544 -0.0027446614911607959 -0.0013681608442354569 -0.0019416805827048877 0.0034515337403094545 -0.00016931978959647915 -0.00085249273079877788 0.0019449097244621408 -0.0041515264294849346 0.010141018787573501 9.5454106889567629e-05 0.0045253437967481746 -0.0023715100289832544 -0.0077534812990078866 -0.00019459100014056804 0.0080077415028520019 -0.0020829894839124643 -0.0046385814779269039 -0.0021782114482351224 0.0019784735457117945 -0.0048662886926969517