C:/Users/vmc04/Desktop/Wing saga/Wing field landmark repeat/13 landmarks field repeat/APR  field collected/coord_Aug10_Format - {partial warps scores - U1 y U2 en las dos ultimas columnas} - 1 50 26 0	from C:/Users/vmc04/Desktop/Wing saga/Wing field landmark repeat/13 landmarks field repeat/APR  field collected/coord_Aug10.txt - TPS like internal (simplified) format - can be converted to other format by using TET	
0.00038507224371670706 -0.0013888001895022873 0.0011850338835726244 0.00040378987754055644 0.002028302115567491 -0.00089159195096963817 0.0016935785429295983 0.0023744061258317694 9.2901528949695456e-05 -0.00066625097379874993 -0.0014578674697381345 -0.0022287180243281842 0.0016600788412131314 0.0012286989705249281 -0.0027464062137957839 -0.0071794190189603257 -0.0068758003186717553 -0.00051619428614091412 -0.0019608265455513469 0.01007020939396398 0.0080126911796055932 0.012727105571013543
0.0010224916525779922 4.5927382801867586e-05 -0.00043812806315447062 -2.6263723199357309e-05 0.00099577803368165393 0.00048444706679247893 0.0018371557077495148 0.0022467494377608559 -0.0063483946863679168 -0.0014339936240849831 0.0018743919996382155 0.0036441771430675883 0.014718303823867553 0.0034032447135633735 0.0025347152891452528 0.0010395108854854918 -0.0081303857240103711 -0.00030406993739706721 0.00016831703068545024 0.00017572298613108175 -0.0078368494406476797 0.010647981560341628
0.00040696851676030134 0.0010233856649076254 0.0024208072646681135 0.0029099963858207202 0.0038354335290560421 0.00030331072237451746 0.0011263011260946331 0.00085846055542466038 0.0020309115473752387 0.0052380309457221077 0.0063301469078813188 -0.0016779885855489484 0.0049886531687325028 0.0028619978262601469 -0.00033512366183214475 -0.001703666078640074 0.0060300597277158788 -0.0040357376085561093 0.0093071527656821869 -0.0030064164339176848 0.014774080694062068 -0.0074825819368976787
-0.0012754078510682865 -0.0021418955157000816 -0.0020081434646824006 -0.0021578452519476926 0.003284834909468562 -0.0007556009818639114 -0.002225592439107063 -0.00081023009789126096 0.0046725672210474181 0.002162795065152229 0.0021925099379538032 0.00052189158652977507 0.0070843122644815449 0.0032736017749157445 0.0094102278968846986 0.0022155918513577112 0.013755671502432279 0.0027021791163448212 -0.0010542714937539748 0.003383727077367892 -0.00014713049251095377 -0.0094982334966812135
-0.00013362635884378975 -0.00082178093494814303 0.0025682235256909731 0.00106798518500059 0.00024818831653353163 0.0032115797874687217 -0.0053225744510511071 0.0030408649983656275 0.0016987331321886942 0.00334579257243936 -0.0091742147761692504 -5.3834150621316634e-05 -0.0015314848488281335 0.0021257455790170696 -0.0084220118972242308 0.0010406295945815844 -0.0054188760036790722 0.0046493402581451633 -0.020638270032266967 0.0026458893907583599 -0.004270514190480061 0.0074833197200770696
-0.00040359465600217132 -0.0013875280196579869 -7.9571473362015371e-05 -0.00088257651064335067 0.00089255872133049891 -0.00083641565658897445 -0.0036155879686241258 0.0019121558966250247 0.0085174909373131186 -4.9362566479412917e-05 -0.0027729374090672775 -0.0044962041891526226 -0.00010032810019876401 -0.0006929326408970745 -0.016330776919401525 -0.00056845614720423844 -0.0018069540227938045 0.0035744922205873438 -0.0039276471669242499 -0.00066717767150499703 -0.0037879567598333034 0.0048856862814149037
-0.00094714020004224098 -0.00077020366204397868 -0.00065604722449607179 0.00025471808206443763 -0.0024618412244749093 0.0017776149041710278 0.0016197687342494336 -0.0040798993654819343 0.0043218594558530705 0.0044538747342783343 0.0071141080246915518 0.0034196599101926472 5.512115427156513e-05 -0.0012088986276045318 0.0010302242548736336 0.0025866089131272021 0.0046474732272856756 0.0041163496243684537 0.019437368181021365 0.0006686997382543109 0.0087189751848782537 -0.00068542166709713054
0.00077742765414676163 -0.00090927525221995366 -0.0056796623043347946 -0.0011733178286613057 -0.0035126985245784279 -0.003217846562390542 -0.0072697423692996595 -0.0005468268132236342 0.007615233972759562 -0.0019495108452897271 0.0031510097452756985 0.0016075580637235785 -0.005372782129581654 -0.0069841720409228123 -0.0072626968454688814 0.0027039099314367741 0.0077304884489019258 -0.005252369978010903 0.014016907775243065 0.0021194817263860645 -0.008394130444061846 0.0030312417798131434
-0.00081045489663494896 -0.0014751359834569127 0.0021201402169872415 0.0011959537845455876 0.0025726930034425202 0.0012014896612936611 0.00080950898967744667 0.0028311999211567953 -0.0052798259353171425 -0.00089798950906092283 -0.0074427390014810682 0.0010033089813936355 -0.0021148642889412175 -0.0018376694179088541 -0.011613952904297099 -0.0064533301368004956 -0.0040937360462598585 0.0019445191413151575 -0.011443480401087551 0.00099283517848332455 -0.016560107037879031 0.012065283643961545
0.0021131228823133455 0.0019700895663468366 -0.000446747032563512 0.0048617087772728461 0.0093341948187818779 -0.00039773173341552456 0.0021837733304537689 -0.0016690551089031636 0.0024202008880296567 -0.003687867056044054 -0.0028075837690639304 0.00069600720254732852 -0.0019577965744102324 0.0010898685190991286 0.0091006935596996547 -0.0016059378217125097 -0.0043578677890591302 -0.0029646661662098063 0.00031338543602899287 0.0035377511726028513 0.0070293108530924174 0.0026635471346596958
0.00071318511496999085 0.0010939406535600607 -0.0025046190230729099 0.00049080236238612245 -4.6659075317369517e-05 -0.0016858367600078833 0.0039098633917035936 -0.0012712044803426783 -0.0034769160203183794 -0.0033491536625702202 -0.0010260641957605689 0.0017176737660597372 -0.011117580680236222 -0.0033427516077359559 0.012070869572270791 0.003036448630649793 -0.0047246532894272579 0.0022570301440647993 -0.006767293533938545 -0.0043985502288134519 0.0011700432107278297 0.0031971651679690706
0.0006354297453631144 0.0013839139739118989 0.0023113551954097888 0.00097739936096968892 0.0011807052494057812 0.00073040177715613447 0.00085285815115413517 0.0042426730920046016 -0.0021389648176770313 -0.00082979024177949677 -0.00858985100402598 -0.0034511111003373983 0.0062163002032337511 0.0025084717559935056 0.0065259834971766392 2.2690376965742816e-05 0.0012068315650548243 -0.003441746199143979 0.0082117506321142189 0.0023861667482031183 -0.011576312466109987 0.007918444389753726
-0.0002601853274639125 0.0016111715352041531 0.0049213614033726105 -0.0014698188000882035 0.0032244736928509722 0.0010861307307966455 0.006126753871767374 -0.0012308846065504442 0.0026495005525159275 0.0020511431686586748 -0.0057275555545984744 -0.0028243869832030939 0.015397328140172297 0.0077098838225972445 0.0070203596624685751 0.0022931988262447573 0.0027238903317293658 0.0054255271438943863 0.029887577578697359 -0.010497629795722403 0.0034364005844727706 0.0030249932053344514
0.0014373384316576433 0.0035099185993898202 0.001867814378027836 0.0031282646481139509 0.0014815232201966209 0.0015216723403252126 -0.00052071480210525074 2.5434624895343574e-05 0.0063017245365830366 -0.00068368616121786217 -0.0023302633572368945 0.00023593728724061115 -0.013771030889837093 -0.001080935327935327 -0.0084448197440749467 -0.0028182759173135965 0.012570181711618084 0.0017112057975571782 0.00054289169719808506 -0.0013412088814454297 0.0013019550829688313 -0.0020333972722742584
0.0010680751924221363 -0.00049484025104640022 0.0007036180103378864 -0.0006307565860857393 -0.0036730158802756874 0.0010088912325879496 0.0012744026610542489 0.00085817355474760381 0.0024483521164142307 -0.00014480654034772342 0.0079789613232531739 0.0021064102054869534 0.0082660708174923901 0.0007350389486965802 0.00056336157859847432 0.0013235969941426391 -0.008256648748870124 -0.00060127988298994193 -0.0039906050208929076 -0.0015859191862716987 0.00047707373889381772 -0.010104940999737438
-3.3754348672591263e-05 0.00086410821914129283 -0.0032102293476589882 0.00064992304602034786 -0.0014715470137821663 0.0012612358582212194 -0.0027287698920262535 -0.0036165121804623444 0.0091087645342782676 -0.00047020203490248896 0.0065341613220509399 0.002735110751285616 -0.011585608020030898 -0.0061032225637827273 0.0034722557177583211 0.0050057197979751309 0.0064355698907271209 -0.0014386156448749268 0.0049861248059303292 -0.0061986027466659427 0.00028114708823028808 -0.015228900203557747
-0.00053184244672082324 0.00022249830956726945 0.0034288471750494173 0.0016091107637062722 0.00028707363467463863 0.0020765690795658577 -0.0036767952253416534 -8.3283362116323657e-06 0.0020287738067094711 0.0028808419094857171 -0.011622116614499281 -0.0035901840754183822 -0.0025813371916484445 0.0010415141516458373 -0.00065940231514642188 -0.0058007690140186577 0.012495995049504523 0.0029447449488477894 0.0073679175332820382 -0.0017938305523202418 0.00058300941558578248 -0.0012604979926070733
-0.0020820460643395248 0.00020010369083768109 0.0018961083156397694 0.00062813976321175996 0.0014394084858389061 0.00092416895381822444 0.0052076725077527097 0.0018414391148465657 -0.0098333530200177734 0.00062624421279391777 -0.0071805202446828592 -0.0026723927430801434 -0.0014520915756945218 0.0026409436855898832 0.0012367213732201305 -0.0039795614898492856 -0.0030125781546852318 0.0028583459579009088 -0.01212850925271026 0.0045185878123263998 0.0091371958882754487 -0.002469510838933894
-0.00035420608391912618 -0.0015138251961738728 -0.0047302015540813015 -0.0046001708779524805 0.00068932166412362275 -0.0047798244061822651 -0.0038656676978402532 -0.003037388352412837 -0.0072589969747280129 0.002249895788121853 -0.0017905939908454474 -0.00041661358489700304 -0.0095561913668932245 0.00095514073091744185 -0.0083897309436502254 0.0026030362407749629 0.0067872417723860417 -0.0008741339619990024 0.011772030593250223 -0.0046379337936067362 0.0013843290320089618 0.0017083453105458031
0.00010316840155087125 0.0014410604923252766 -0.0015672322694475131 -0.0032954841760379147 0.0026332458841081827 0.00080748327348280629 0.0056749009928052591 0.0022016344136364017 -0.0018867137578869083 0.00082930677584686628 -0.0065712028124860749 -0.0030392148034791302 0.0056979203593903417 0.0065501661162187721 -0.0018134399671270683 -0.0055602464689544773 -0.0059934246823591213 -0.0015127982925747254 0.0070722185317545769 -0.0039249813288401957 0.0068020122000808075 0.013365077287051131
0.00034787158721737578 0.0010435296078696074 -0.0029742801704845914 -0.0016333589628140643 -0.0018150730396478546 -0.0023572088480824142 -0.0025504399809940939 -0.0042935035231412887 0.0046776840363900634 -0.0038189791908076823 0.0014489401292330324 0.0026215744658619556 -0.0016099655182150205 -0.00064235837578632436 0.0018713301220951608 0.003444486496687744 0.010300294671106165 -0.0022651113332313494 0.0027751982814915813 0.0053502048847649097 -0.01200783943623168 0.0033680832982953442
-0.00038268010482717888 0.0010248179575727526 -0.00087824464171337431 0.0028949688162002909 0.00033610156694285236 0.00069288671206662071 0.0038693306776631572 0.0017345809987869346 -0.002967631812362558 3.8750131412442499e-05 -0.00072533281691537299 -0.0015554670846041579 -0.0019645913972746423 0.00044356749386823978 0.0017080444345466592 -0.002322566253994194 -0.0035358368633766281 -0.0031113447182766355 -0.0055675954635775989 0.0023544615221960221 0.019958506234101722 0.000347405983233894
-0.00069570937911959149 -0.0017383395635151891 0.0010631542345487172 -0.0012290394381263207 -0.0059935001403596871 -0.0019628878095222339 -0.00059201585734799044 0.00046150917605038459 -0.0032034054713136581 -0.0018724920492813558 -0.002724915695964327 0.0015704946050955195 -0.0014056089421784969 0.0013168902887384655 -0.0099761990016855959 -0.0053851331365803168 -0.012284060450418285 0.0021407872652591318 -0.0044351914206909003 0.0071553748718967457 0.0033763610027623841 -0.0068390462423451462
-0.00044947641618235456 -0.00042504866513976729 0.0015376142880446893 0.00015777941797916721 -0.0017034803509749421 0.0039202675614397288 0.0033239416719639085 0.0023158214189357251 -0.0048338708544845913 -0.0037941187288785747 0.0058413667445899953 0.0025845418267582358 0.010526808968930868 -0.0024495223235063176 0.0093823096599344579 -0.0056672032140549387 -0.0076787918777809321 -0.00052994347659724708 0.0014159430584077615 0.0022603656749609334 -0.0014187552639898064 0.0041456006535798961
0.0016986897007062198 -0.0011637668577030105 -0.00028755680663528803 0.00060788347720854702 -0.0020991575311592159 0.00043162528628288541 0.0043706110882438002 -0.001436074540569929 -0.0030409560663275303 0.00079245225770539047 0.010601481110492639 0.0014511740707827167 0.0055257071589181646 0.0021791304661475689 -0.0032576536986197255 0.0081802030979922901 -0.016104172235317751 -0.0090377769056884799 -0.0064435333460291528 0.0032228044694320983 0.0033155647058013098 -0.0032346523988180565
0.0015375651681773237 0.0009311573444113362 -0.0032108848770087297 0.0013796865223974118 0.00037557172072595515 -0.0040769195606866161 0.0018201309073399021 -0.0043417519843696609 0.0089012423330580882 0.0016491947431512494 0.01016035300765435 0.0037681066149155389 -0.00090785753516510416 0.0016868225753054074 -0.00075438798142698615 0.0056106183122293521 0.0031511825125482488 0.0021563294484344452 0.0066543725466570308 -0.0022860760646931625 -0.011494107555579839 -0.0040337473877164291
0.00013321001972764737 -0.00025029828354029338 -0.0024571732348435621 -0.0017078144233759645 -0.0007979423515586142 -0.0016777521325898968 -0.0052082733653701294 -0.0019860230055224679 0.0042360393276013554 -0.00025951164235630647 -0.001249370283824201 0.00033831455934137285 -0.0011757634957712104 -0.0029682877819350853 0.00032463534422270675 -0.00067878844897436728 0.0016966055145509855 -0.0067279205172762402 0.0045986279661576349 -0.0034789178627688956 -0.009863228613155731 -0.012782009823382489
0.0021680995042963206 -0.00080033334065662376 -2.002709918735303e-05 0.00033554955352576557 -0.0021922210847792802 0.0016273486945666661 0.0016669864635375712 -0.00010782148924905873 -0.0015688982098877409 -0.0012233878859593498 -0.010926653292702287 -0.002928110115100782 0.0077878213349451891 0.00077346750246485283 0.00012717344050483428 -0.0030700229510830989 -0.0012679154175107546 0.0015975457049053512 0.0075712543401446888 0.0018575295631183845 -0.0041789242039625618 0.0042264768206639715
-0.0017578735474334444 -0.00025346962594834435 0.00014099754371575896 -0.00098998765446011404 0.00051848848081438288 -0.0025345701416966391 -0.00046822484038656312 -0.0017024014607287682 0.0036683670094955099 0.0012640518545490639 0.0020768649412897539 0.00091407412712467186 0.018958285108002453 0.0011568589258222316 0.0097338694716559461 -0.0029528972468633725 0.011630475588571425 0.0050132878839839121 0.01558589327999065 -0.0024539554365191176 -0.012584248744266864 -0.0082382142702476843
-0.001367576561178953 -0.0012224904939024635 -0.0012280075803566973 -0.0020542215473029883 -0.0049725621491754739 -0.001410027854328268 -0.0041050500734935956 0.0026250736897425512 -0.0015801017752818693 -0.0024993111961899733 -0.0043860440360135051 -0.0022686561503949599 0.0045130557719902254 0.0010517406814778249 6.3035093695600238e-05 -0.00038515491168682306 -0.0076510208056864409 0.00010994548877879323 -0.011636121841398899 0.0058694947411869983 0.0091151984082404776 -0.0040685379044823116
0.0004339113165447219 -0.0014515172963791827 -0.0027038848435841424 0.00018432302320278688 -0.00051219829293441073 -0.00015892179027433598 0.0014579527693234905 0.0026986842752997442 -0.0063054647848573555 0.001168015868716514 0.0042718747487341295 -0.00099286088940578007 -0.0028987769777993845 -0.0016641568878825075 0.0025023359613206239 0.001002859341115296 -0.0016503097405137555 -0.0034563099819312948 -0.0071232621405489258 -0.00058851347618190102 0.0076379423570623025 -0.0027361967061498935
-0.0012286628331410392 -0.0010214980156165779 -0.00084313550206163994 -0.0014171614839414508 -0.0013553889700845209 0.0015695704697699876 -0.0024286857495834225 0.000665465443630519 0.00014109408625591249 -0.00029368902067162335 0.0035611179973801849 0.00041632118866852751 -0.0087454315706548026 0.00026057621067395299 0.0036068963369638792 0.0024488945790531059 0.0059827190564159562 -0.00034668584225939049 -0.018131335643014484 0.0022237947029922983 0.0011116301344852441 0.0021035640825031246
0.0013787090445847544 0.0016375822196884858 -0.001669431490513965 0.0020117400601270766 0.001835246629610659 -0.001899684931007752 -0.0043968924437630241 0.00013480189947158883 0.00082907433313762096 -0.00058570615966021915 -0.0015333947892873221 -0.0027425365002936397 -0.0033352916571637321 -0.0020847255680010997 0.004274038482748958 -0.0018038514967289715 -0.0018174267654162343 0.0019738607728745743 0.00366599765975297 -0.0043062671272665201 -0.00044162273253974568 0.0051310185540074564
0.00078563257125188442 -0.00098306906233995637 -0.00065152547293638897 0.0022137308202527114 0.0037776949517785703 0.00082608323546098754 -0.0011981642771897814 -0.0014247708321271332 -0.002651042182610296 -0.00097641650694747762 -0.0056033615460485079 -0.002478605651362804 -0.012946811192523756 -0.001811245461298513 -0.0083149395961494392 -0.0033622775354310618 0.00098799906393458575 0.0037835095816147572 0.0023022125521068096 0.0086135154856673366 0.001860748614550695 0.0020928772253508126
-0.00072911530135600516 0.0005073741133199179 0.0021499015659154712 0.0024375497559827393 -0.00018878887998833281 0.0027209932578122335 0.001611669290095915 -0.00028799539484408233 -0.00061136264248315701 -0.0030524824471954573 0.0041251430066314293 0.0017517382981446798 0.0039433923293254328 -7.7702805531239282e-05 0.005606848351643311 0.0017739021260978322 -0.01098753665969499 -0.0057457755729965016 -0.022068043235785942 -0.0030403316551943691 0.0075712950130044079 -0.0058085653891935358
0.0011837208198411957 0.0013958905445474487 0.0016358479378774597 -0.00033449107009516114 0.00039347320086408679 0.0019079450761277637 -0.00099239282194138988 0.00044037817348912428 -0.0059355358608001625 -0.001080861557825091 0.0014687483308405966 0.00095174809181867385 0.0016633205353582502 -0.0011753338217869447 -0.00059948092409059712 0.00052212076066638919 0.0058783467697341614 -0.00088786510071740235 0.0054456164203817237 9.3405217817332656e-05 -0.0034189813814004938 0.0050343301641623079
-0.001878789956239542 -0.00073392452239650458 0.0011967601201226658 -0.0013574123391319145 -0.0023947542603813088 -0.0011431604002917085 0.00080738176543439124 -0.0010762992601844228 0.0020233907988782126 -0.0010276495373384856 -0.006474495272883218 0.00058446572359723676 -0.0094793939371099652 -0.00019085684984657971 -0.010465386756974841 -0.0015201092142671112 -0.0060529966056814266 0.0050081171059656879 -0.0039475622677733893 0.00017326691197734341 0.0016890903539102701 0.00015924215152720794
-0.0014685461074071828 -0.00092193429253814671 -0.0010222436674559303 -0.0010933524267453178 0.00089892509958578175 -0.00013845258141317318 -0.010143702237707473 -0.0022749499532380628 0.002790108193380542 0.00072470310488022163 -0.0051813555966330966 0.00069789161969537126 -0.0063036862626817784 -0.0051228798210198453 -0.0047861632973672553 0.0069907465309150341 0.0042386584908953332 0.0027716052390326278 -0.0025041729658397205 -0.0012064644073804638 -0.0022732575343153562 0.0031868136834583226
-0.0018564527590354499 0.0007586641228659025 0.001518637393026392 -0.0049189763980642624 -0.004252032592181332 -0.00034065268043748033 0.0080288042844064086 -0.0020088446975866812 -0.0026297107902357379 -0.00029190216356680233 0.015717040223471052 -0.00014759657307801283 -0.0022104513829023231 -0.0014999154871448105 -0.012645582257224914 -0.0002521971536768936 0.011262196019105164 0.0014341096661371882 0.0038578865368448338 0.0012448079892220059 0.0046987436986094316 -0.0028296922355995537
-0.0011752954073451689 0.001345227203936712 7.0922145468601665e-05 -0.00092535409460885003 -0.001875256004464204 -0.002133104125077816 0.015203018656316051 0.00017398945925542405 -0.014215032147776949 -0.0056725766970637127 0.0074838690019946603 0.0015101855276011362 0.010219032450739657 0.0030597600814373598 0.014666839980238492 0.0044286545047400394 0.0022976607362266326 -0.00144724501872631 0.0033896707974703922 -0.0011550243818066954 0.011908769025200161 -0.0046013521739983855
-0.0011007725248951131 -0.0025371416295940936 -0.0037469327247853265 -0.00031789682148190612 0.0021000969747129146 -0.0032990481372024553 -0.0029075382319081727 -0.0019710761385287861 0.0017124495799564277 0.0045343622331207659 0.005135906353957078 0.000746235133671747 -0.0086563763279398458 0.0001228628253620052 -0.00095891158133341783 -0.0036155058843259859 0.0061494384417029122 0.00062815042382158575 -0.00084809081085270043 0.0042494349416355975 -0.0087783241619242332 0.0013573663771983663
0.00051414784545370949 0.00020369502734166647 0.0032571952828816752 -0.0016358876277175374 -0.0010171260466345841 0.0011608009774476034 -0.002733933259684249 -0.0010030636099722121 0.00028338586327572416 0.0047357113497621039 -0.0029283422736934208 -7.1060992219719324e-05 0.0016448070353470515 0.00082929972361996162 0.0029521893712123586 0.0007081163863761552 -0.00082596148621257091 0.0061503715405297624 -0.0087314193503201382 -0.0064007382351738895 -0.0020128676903252429 0.01289081733166191
0.0013928108700162168 0.0011636903070237614 1.1315165473273329e-05 0.0016715671209985457 -0.0050367293250587405 0.00073514493461829266 0.002654586305302512 4.7294879885480284e-05 -0.0033509231760106991 -0.00098479181559661569 0.00032530273531038763 0.00058267149489604937 -0.0071042173320688294 -0.0024353909724011899 0.0093593592871516092 0.0013460872523861544 -0.0051785362121847534 -0.0016113841872915985 -0.0048738291534607091 -0.0052557154534142959 -0.013547689205523471 -0.0060418986821456321
0.0013770430019345225 0.0020040571634613838 -0.00070693206101743759 -0.0014883509530236574 -0.0050756786355075183 -0.00012180176178949076 0.0044645693323589111 0.0018060917134873199 0.0011418227488143272 -0.0043481176736015325 0.00058464278027142279 0.00277361994053548 0.0041466556325498397 0.0028317049623819627 0.014850319832534927 0.0063833166003427685 -0.010997289079818076 -0.003407281793189262 -0.0016338032356002789 -0.0039540664684855507 -0.0021686921829193783 -0.0016350615832887107
-0.0003988819526002545 0.00014699023177814404 0.003261098895379773 -0.0018808663600954321 -9.7062829063773606e-05 -0.0011507862761397781 0.0063042526126880589 -0.00083000014130421378 -3.927263669156999e-05 0.0027897271732018666 0.0096801657455550232 7.2772543568418819e-06 0.0070305304593002837 -0.0012001349049701317 0.00030347461594462774 -0.0016737599801854011 0.0069626669606454869 -0.0025580109773628264 0.008787168757690535 -0.00097522662898271231 -0.0044270066482966471 0.0037569212132925315
-0.0010743716144785314 -0.001091030252055398 -0.00091123382203645042 0.00066835633268524258 0.0049725895313241283 -0.00080808822919306415 -0.0097890865287186338 -0.0019213365306482849 0.0016403519829016424 2.3190095518473963e-05 0.002613429729785185 0.00085646494496709018 0.0033594077120615924 -0.0026397481654304444 0.00037983649106459105 0.001764843750462704 -0.00040291301486977075 -0.0030887755719424849 0.0093565876185522819 0.00040624947553991573 0.0062161682358770889 0.0053633663038323825
-0.0003873839393975993 0.0004491785498890205 0.0032813268320739681 0.0024446699892118565 0.005215489330466166 0.0033569750367555599 0.0007644044480855539 0.0023306653738155276 -0.0019948789480649129 0.0043831358973916365 -0.0033624188100101374 -0.0054577593327390754 0.00087766999816487159 -0.00062095803844165525 -0.0060050697489337813 0.0010836151011313841 -0.0022537450173752941 0.00021819303335330557 0.00092165112624987243 0.00063364161650489206 0.010404530394599862 -0.0068251919432062245
-0.00042100522070137283 -0.0011178866821882827 0.0023952943049791466 0.0012584026131449509 0.00057324550290935175 0.00098488697025057382 0.00057637856901707652 0.0044604043641343653 -0.0043635348642734866 0.0009567577435456346 -0.0086019503572666162 -0.0012990424440069005 -0.00333794067435277 0.0009449330974364927 -0.0055583088100286783 0.0018249451832367718 0.011554698447642132 0.0043391124341346024 -0.030375289192800251 0.00093403991729212085 -0.0077561709498248574 0.0075585668924401384
0.0018797592291140456 0.0025709166590866636 0.001362225422949931 0.0023761286206268168 -0.0033524858385192563 5.1362385692126566e-05 -0.00043399623618762043 4.7938028819626706e-05 0.002637319646650438 -0.0013737758756908278 -0.0010182080870061391 0.00077546089909628587 -0.012119333907610726 0.0004373478529958874 0.0027871109737884659 -0.0072605528229476527 -0.0096809261848525598 -0.0059489386181754682 -0.0061280928489760959 0.00063677258059864226 0.0023013869560703465 0.0002419172263967458
-0.00028859865530012915 -0.0019338555525233025 -0.0016735247497402653 -0.0015997228045963815 0.00077254177210476984 0.0013970293248053124 -0.01206671609949723 0.00056035127339632159 0.0069254432659612234 0.0004204057387518706 0.0029378172099673088 0.0018022486888157165 0.0010620105092218957 -0.0053854797910021165 -0.0081246145875137291 0.0042353302780789633 -0.0054359823039108971 0.0016033216317086394 0.0069465228610147353 -0.0046246879743035083 -7.3753577800738038e-05 -0.0079676471549883152