
C:/Users/vmc04/Desktop/Wing saga/Wing field landmark repeat/13 landmarks field repeat/APR  field collected/coord_Aug10_Format Informe de MOG
Please do NOT use pink buttons or pink menu functions
Possible (COO generated) INPUT FILE: '..._format.txt', or '..._scaled.txt'
Please open an INPUT FILE, then enter the sample sizes of successive groups, each number separated by a space; otherwise just enter the total sample size.
FICHIER: 
C:/Users/vmc04/Desktop/Wing saga/Wing field landmark repeat/13 landmarks field repeat/APR  field collected/coord_Aug10_Format.txt
1 50 26 0 from C:/Users/vmc04/Desktop/Wing saga/Wing field landmark repeat/13 landmarks field repeat/APR field collected/coord_Aug10.txt - TPS like internal (simplified) format - can be converted to other format by using TET 

50	configuraciones
13	landmarks

CONFIGURATION 1 :
424.000 702.000 1212.000 657.000 1233.000 679.000 973.000 661.000 1243.000 708.000 1237.000 733.000 1209.000 758.000 1015.000 742.000 1155.000 787.000 1069.000 818.000 728.000 737.000 941.000 840.000 810.000 845.000
CONFIGURATION 2 :
354.000 595.000 1187.000 570.000 1204.000 594.000 943.000 559.000 1211.000 622.000 1205.000 648.000 1174.000 671.000 966.000 647.000 1115.000 702.000 1015.000 730.000 664.000 627.000 882.000 748.000 753.000 755.000
CONFIGURATION 3 :
334.000 463.000 1251.000 428.000 1275.000 459.000 984.000 418.000 1284.000 488.000 1275.000 515.000 1245.000 539.000 1034.000 514.000 1189.000 564.000 1091.000 593.000 682.000 497.000 935.000 615.000 786.000 622.000
CONFIGURATION 4 :
382.000 521.000 1283.000 497.000 1300.000 517.000 1014.000 487.000 1312.000 549.000 1303.000 575.000 1268.000 598.000 1063.000 579.000 1209.000 627.000 1108.000 655.000 702.000 553.000 960.000 677.000 805.000 680.000
CONFIGURATION 5 :
368.000 472.000 1254.000 470.000 1277.000 500.000 972.000 455.000 1287.000 533.000 1279.000 558.000 1249.000 580.000 1020.000 554.000 1179.000 611.000 1070.000 640.000 699.000 516.000 927.000 655.000 768.000 652.000
CONFIGURATION 6 :
385.000 536.000 1279.000 484.000 1301.000 508.000 1007.000 480.000 1315.000 541.000 1310.000 569.000 1279.000 594.000 1063.000 574.000 1215.000 625.000 1112.000 660.000 734.000 561.000 958.000 687.000 807.000 686.000
CONFIGURATION 7 :
228.000 470.000 1179.000 427.000 1194.000 452.000 903.000 415.000 1203.000 482.000 1195.000 508.000 1164.000 534.000 955.000 522.000 1101.000 570.000 1010.000 600.000 594.000 496.000 849.000 625.000 695.000 630.000
CONFIGURATION 8 :
192.000 586.000 1089.000 553.000 1097.000 572.000 821.000 535.000 1104.000 599.000 1102.000 625.000 1069.000 650.000 876.000 630.000 1010.000 680.000 915.000 715.000 537.000 621.000 764.000 741.000 610.000 744.000
CONFIGURATION 9 :
263.000 457.000 1084.000 428.000 1104.000 453.000 833.000 419.000 1113.000 483.000 1103.000 507.000 1074.000 532.000 864.000 509.000 1015.000 564.000 917.000 594.000 575.000 494.000 780.000 609.000 633.000 611.000
CONFIGURATION 10 :
206.000 450.000 1154.000 356.000 1184.000 385.000 865.000 366.000 1195.000 409.000 1186.000 438.000 1143.000 473.000 923.000 459.000 1087.000 509.000 986.000 544.000 566.000 468.000 841.000 580.000 677.000 595.000
CONFIGURATION 11 :
249.000 362.000 1211.000 331.000 1227.000 356.000 904.000 311.000 1233.000 383.000 1223.000 413.000 1181.000 441.000 953.000 414.000 1115.000 475.000 1021.000 507.000 602.000 392.000 869.000 531.000 698.000 530.000
CONFIGURATION 12 :
247.000 342.000 1054.000 322.000 1073.000 349.000 823.000 314.000 1079.000 376.000 1070.000 402.000 1040.000 422.000 849.000 396.000 979.000 448.000 889.000 476.000 548.000 380.000 767.000 497.000 623.000 498.000
CONFIGURATION 13 :
251.000 461.000 1073.000 447.000 1097.000 473.000 859.000 431.000 1106.000 502.000 1095.000 531.000 1066.000 550.000 882.000 520.000 1005.000 576.000 920.000 595.000 569.000 486.000 794.000 614.000 657.000 612.000
CONFIGURATION 14 :
428.000 379.000 1222.000 377.000 1241.000 405.000 980.000 360.000 1246.000 426.000 1238.000 451.000 1209.000 472.000 1030.000 445.000 1156.000 499.000 1076.000 521.000 729.000 419.000 936.000 534.000 787.000 530.000
CONFIGURATION 15 :
250.000 453.000 1139.000 383.000 1158.000 405.000 866.000 383.000 1166.000 433.000 1162.000 458.000 1133.000 481.000 913.000 470.000 1067.000 515.000 971.000 547.000 584.000 467.000 820.000 574.000 688.000 585.000
CONFIGURATION 16 :
267.000 625.000 1090.000 626.000 1100.000 647.000 834.000 597.000 1105.000 668.000 1097.000 689.000 1064.000 708.000 888.000 685.000 1009.000 735.000 929.000 756.000 573.000 658.000 788.000 773.000 647.000 769.000
CONFIGURATION 17 :
344.000 346.000 1173.000 332.000 1193.000 360.000 932.000 320.000 1201.000 389.000 1192.000 414.000 1166.000 436.000 974.000 410.000 1105.000 463.000 1015.000 486.000 656.000 385.000 886.000 502.000 725.000 498.000
CONFIGURATION 18 :
348.000 461.000 1225.000 445.000 1246.000 472.000 954.000 438.000 1258.000 502.000 1247.000 529.000 1217.000 552.000 989.000 527.000 1155.000 581.000 1059.000 608.000 674.000 503.000 919.000 626.000 760.000 624.000
CONFIGURATION 19 :
361.000 501.000 1173.000 448.000 1182.000 463.000 930.000 438.000 1190.000 492.000 1186.000 520.000 1158.000 542.000 972.000 526.000 1113.000 567.000 1025.000 596.000 677.000 516.000 894.000 623.000 744.000 631.000
CONFIGURATION 20 :
256.000 557.000 1034.000 526.000 1053.000 550.000 809.000 519.000 1065.000 580.000 1060.000 610.000 1028.000 628.000 839.000 602.000 974.000 656.000 890.000 679.000 558.000 588.000 767.000 698.000 635.000 703.000
CONFIGURATION 21 :
295.000 507.000 1119.000 502.000 1130.000 520.000 871.000 483.000 1136.000 543.000 1130.000 570.000 1098.000 593.000 913.000 570.000 1040.000 622.000 952.000 645.000 596.000 547.000 813.000 668.000 669.000 668.000
CONFIGURATION 22 :
294.000 312.000 1177.000 277.000 1197.000 306.000 903.000 271.000 1209.000 333.000 1203.000 359.000 1171.000 384.000 952.000 361.000 1112.000 413.000 1021.000 443.000 628.000 349.000 877.000 466.000 726.000 470.000
CONFIGURATION 23 :
273.000 594.000 1224.000 589.000 1241.000 610.000 930.000 576.000 1250.000 642.000 1244.000 670.000 1216.000 697.000 973.000 669.000 1141.000 728.000 1036.000 756.000 643.000 644.000 880.000 771.000 722.000 771.000
CONFIGURATION 24 :
412.000 520.000 1255.000 525.000 1270.000 550.000 1004.000 506.000 1275.000 578.000 1265.000 601.000 1236.000 622.000 1030.000 593.000 1173.000 656.000 1080.000 679.000 721.000 570.000 944.000 690.000 815.000 688.000
CONFIGURATION 25 :
224.000 403.000 1119.000 374.000 1137.000 397.000 841.000 361.000 1143.000 425.000 1138.000 448.000 1106.000 471.000 880.000 452.000 1043.000 499.000 945.000 527.000 565.000 436.000 790.000 558.000 662.000 567.000
CONFIGURATION 26 :
345.000 541.000 1278.000 513.000 1293.000 536.000 998.000 495.000 1299.000 561.000 1292.000 590.000 1252.000 619.000 1048.000 596.000 1190.000 646.000 1095.000 675.000 694.000 567.000 928.000 699.000 782.000 704.000
CONFIGURATION 27 :
266.000 527.000 1152.000 519.000 1165.000 539.000 885.000 494.000 1172.000 566.000 1165.000 592.000 1131.000 613.000 930.000 585.000 1068.000 639.000 969.000 663.000 598.000 568.000 827.000 683.000 674.000 684.000
CONFIGURATION 28 :
327.000 525.000 1202.000 510.000 1222.000 536.000 952.000 498.000 1230.000 567.000 1227.000 593.000 1194.000 617.000 981.000 590.000 1125.000 648.000 1028.000 673.000 660.000 567.000 894.000 694.000 739.000 690.000
CONFIGURATION 29 :
335.000 403.000 1175.000 372.000 1190.000 392.000 944.000 361.000 1200.000 419.000 1191.000 446.000 1162.000 470.000 973.000 449.000 1101.000 497.000 1006.000 523.000 639.000 429.000 871.000 540.000 735.000 542.000
CONFIGURATION 30 :
323.000 434.000 1211.000 426.000 1226.000 447.000 932.000 414.000 1238.000 478.000 1234.000 505.000 1206.000 527.000 978.000 500.000 1136.000 555.000 1033.000 584.000 654.000 478.000 895.000 604.000 745.000 601.000
CONFIGURATION 31 :
339.000 361.000 1231.000 373.000 1244.000 398.000 952.000 347.000 1250.000 429.000 1243.000 453.000 1209.000 474.000 992.000 441.000 1151.000 499.000 1054.000 527.000 667.000 411.000 905.000 542.000 755.000 538.000
CONFIGURATION 32 :
303.000 400.000 1133.000 388.000 1146.000 410.000 862.000 373.000 1153.000 439.000 1144.000 463.000 1115.000 483.000 914.000 461.000 1058.000 513.000 969.000 539.000 599.000 437.000 827.000 559.000 680.000 559.000
CONFIGURATION 33 :
255.000 404.000 1082.000 388.000 1097.000 414.000 830.000 371.000 1102.000 439.000 1095.000 466.000 1062.000 490.000 873.000 461.000 1007.000 515.000 915.000 542.000 566.000 439.000 787.000 560.000 643.000 555.000
CONFIGURATION 34 :
351.000 429.000 1186.000 405.000 1204.000 429.000 931.000 400.000 1211.000 456.000 1203.000 479.000 1171.000 505.000 976.000 487.000 1120.000 535.000 1030.000 562.000 676.000 468.000 894.000 584.000 738.000 580.000
CONFIGURATION 35 :
278.000 388.000 1240.000 382.000 1263.000 412.000 929.000 358.000 1273.000 440.000 1262.000 465.000 1228.000 490.000 979.000 456.000 1155.000 523.000 1046.000 547.000 626.000 433.000 886.000 569.000 735.000 571.000
CONFIGURATION 36 :
424.000 620.000 1261.000 612.000 1277.000 637.000 1015.000 594.000 1280.000 663.000 1272.000 689.000 1245.000 709.000 1047.000 684.000 1190.000 740.000 1096.000 765.000 736.000 660.000 958.000 783.000 813.000 782.000
CONFIGURATION 37 :
235.000 622.000 1099.000 609.000 1117.000 630.000 831.000 593.000 1128.000 659.000 1119.000 686.000 1090.000 710.000 878.000 685.000 1024.000 740.000 934.000 766.000 572.000 658.000 790.000 783.000 636.000 780.000
CONFIGURATION 38 :
209.000 536.000 1088.000 505.000 1103.000 526.000 815.000 487.000 1113.000 554.000 1105.000 579.000 1076.000 602.000 871.000 586.000 1017.000 634.000 914.000 666.000 541.000 562.000 776.000 692.000 614.000 690.000
CONFIGURATION 39 :
437.000 455.000 1258.000 460.000 1270.000 478.000 1014.000 438.000 1276.000 505.000 1267.000 533.000 1245.000 550.000 1050.000 526.000 1192.000 579.000 1113.000 601.000 746.000 497.000 950.000 617.000 821.000 612.000
CONFIGURATION 40 :
306.000 445.000 1299.000 430.000 1316.000 454.000 1010.000 411.000 1325.000 482.000 1314.000 514.000 1279.000 540.000 1031.000 506.000 1212.000 572.000 1117.000 600.000 663.000 482.000 949.000 625.000 791.000 627.000
CONFIGURATION 41 :
497.000 544.000 1304.000 519.000 1314.000 538.000 1053.000 509.000 1321.000 567.000 1312.000 591.000 1280.000 616.000 1099.000 598.000 1231.000 640.000 1144.000 668.000 796.000 579.000 1006.000 686.000 866.000 690.000
CONFIGURATION 42 :
180.000 493.000 1068.000 474.000 1089.000 501.000 794.000 454.000 1095.000 534.000 1086.000 564.000 1057.000 586.000 838.000 561.000 989.000 618.000 888.000 646.000 506.000 525.000 746.000 664.000 592.000 662.000
CONFIGURATION 43 :
463.000 453.000 1275.000 429.000 1287.000 453.000 1020.000 413.000 1288.000 476.000 1280.000 499.000 1249.000 520.000 1054.000 497.000 1186.000 547.000 1105.000 572.000 760.000 481.000 974.000 591.000 834.000 592.000
CONFIGURATION 44 :
346.000 497.000 1186.000 479.000 1201.000 501.000 928.000 462.000 1206.000 525.000 1200.000 552.000 1166.000 571.000 963.000 544.000 1097.000 600.000 1013.000 625.000 654.000 525.000 882.000 646.000 748.000 651.000
CONFIGURATION 45 :
314.000 449.000 1194.000 425.000 1213.000 448.000 941.000 408.000 1219.000 478.000 1208.000 507.000 1180.000 529.000 975.000 506.000 1120.000 558.000 1030.000 587.000 641.000 487.000 872.000 608.000 734.000 611.000
CONFIGURATION 46 :
354.000 397.000 1215.000 403.000 1230.000 426.000 959.000 377.000 1238.000 454.000 1228.000 478.000 1198.000 502.000 1005.000 473.000 1146.000 529.000 1041.000 554.000 681.000 444.000 908.000 573.000 765.000 570.000
CONFIGURATION 47 :
344.000 410.000 1290.000 338.000 1319.000 370.000 1008.000 342.000 1332.000 401.000 1322.000 427.000 1291.000 450.000 1059.000 439.000 1231.000 482.000 1125.000 519.000 712.000 431.000 972.000 551.000 808.000 555.000
CONFIGURATION 48 :
278.000 364.000 1064.000 331.000 1085.000 356.000 812.000 326.000 1095.000 385.000 1088.000 408.000 1062.000 430.000 853.000 411.000 1004.000 458.000 912.000 490.000 556.000 391.000 776.000 509.000 624.000 510.000
CONFIGURATION 49 :
260.000 441.000 1076.000 451.000 1092.000 478.000 815.000 430.000 1094.000 501.000 1086.000 527.000 1055.000 549.000 861.000 515.000 992.000 574.000 910.000 594.000 568.000 494.000 778.000 606.000 637.000 606.000
CONFIGURATION 50 :
229.000 583.000 1140.000 551.000 1155.000 572.000 863.000 532.000 1164.000 602.000 1158.000 625.000 1128.000 646.000 921.000 628.000 1068.000 679.000 958.000 711.000 584.000 608.000 813.000 732.000 666.000 732.000

CONFIGURATION CONSENSUS 
312.660 475.920 1179.340 453.320 1196.640 477.260 916.960 439.800 1204.620 505.320 1196.920 531.440 1165.880 554.520 959.300 531.100 1105.440 583.840 1011.340 611.380 637.980 510.620 868.900 632.040 721.540 633.160

TRANSLACION de los OBJETOS sobre UN mismo CENTROIDE

Translated matrix object 0
-647.14923076923083 -57.90461538461534
219.53076923076927 -80.504615384615363
236.83076923076956 -56.564615384615365
-42.849230769230893 -94.024615384615288
244.81076923076913 -28.504615384615363
237.11076923076931 -2.3846153846153584
206.07076923076934 20.695384615384562
-0.5092307692309177 -2.7246153846153618
145.63076923076929 50.015384615384583
51.53076923076916 77.555384615384611
-321.82923076923083 -23.204615384615394
-90.909230769230902 98.215384615384579
-238.26923076923083 99.335384615384612

Translated matrix object 1
-595.15384615384619 -41.61538461538477
192.84615384615407 -86.615384615384656
213.84615384615387 -64.615384615384656
-46.153846153846267 -82.615384615384656
223.84615384615375 -35.615384615384656
217.84615384615375 -10.615384615384656
189.84615384615373 14.384615384615387
-4.1538461538461533 -1.6153846153846558
135.84615384615378 43.38461538461533
49.846153846153847 74.384615384615387
-291.15384615384625 -6.6153846153846132
-78.153846153846246 96.384615384615358
-209.15384615384619 101.38461538461524

Translated matrix object 2
-620.84615384615392 -56.384615384615429
212.15384615384616 -81.384615384615401
229.15384615384616 -57.384615384615429
-31.846153846153861 -92.384615384615458
236.15384615384605 -29.384615384615422
230.15384615384616 -3.3846153846154223
199.15384615384616 19.615384615384684
-8.8461538461539178 -4.3846153846153655
140.1538461538461 50.615384615384571
40.153846153846239 78.615384615384656
-310.84615384615387 -24.384615384615337
-92.84615384615384 96.615384615384542
-221.84615384615381 103.61538461538453

Translated matrix object 3
-694.07692307692309 -53.538461538461526
222.92307692307713 -88.53846153846159
246.92307692307691 -57.538461538461526
-44.076923076923009 -98.53846153846159
255.92307692307713 -28.538461538461519
246.92307692307691 -1.5384615384615188
216.92307692307702 22.461538461538417
5.9230769230769198 -2.5384615384615188
160.92307692307696 47.461538461538446
62.923076923076863 76.461538461538424
-346.07692307692309 -19.538461538461576
-93.076923076923109 98.461538461538481
-242.07692307692309 105.46153846153845

Translated matrix object 4
-672.53846153846143 -57.076923076923038
228.46153846153831 -81.076923076923094
245.46153846153831 -61.076923076923038
-40.538461538461554 -91.076923076923094
257.46153846153834 -29.076923076923102
248.46153846153854 -3.0769230769230447
213.46153846153854 19.923076923076898
8.4615384615385594 0.92307692307689848
154.46153846153854 48.923076923076955
53.461538461538616 76.923076923076906
-352.53846153846149 -25.076923076923073
-94.538461538461462 98.923076923076849
-249.53846153846143 101.92307692307691

Translated matrix object 5
-658.8461538461537 -81.538461538461476
227.15384615384619 -83.538461538461533
250.15384615384636 -53.538461538461497
-54.846153846153783 -98.538461538461533
260.15384615384613 -20.538461538461526
252.15384615384625 4.4615384615384741
222.15384615384608 26.461538461538446
-6.8461538461538964 0.46153846153850253
152.15384615384613 57.46153846153846
43.153846153846104 86.46153846153851
-327.84615384615387 -37.53846153846154
-99.846153846153911 101.46153846153848
-258.84615384615392 98.461538461538566

Translated matrix object 6
-673.84615384615392 -41.307692307692328
220.15384615384625 -93.307692307692335
242.15384615384602 -69.307692307692264
-51.846153846153939 -97.307692307692335
256.15384615384602 -36.307692307692328
251.15384615384625 -8.3076923076922711
220.15384615384625 16.692307692307736
4.153846153846132 -3.3076923076922711
156.15384615384613 47.692307692307679
53.153846153846132 82.692307692307736
-324.84615384615398 -16.307692307692243
-100.84615384615391 109.69230769230774
-251.84615384615392 108.69230769230774

Translated matrix object 7
-715.84615384615381 -47.769230769230823
235.15384615384642 -90.769230769230759
250.15384615384619 -65.76923076923083
-40.84615384615384 -102.76923076923082
259.1538461538463 -35.769230769230766
251.15384615384619 -9.7692307692307736
220.1538461538463 16.230769230769226
11.153846153846189 4.230769230769198
157.15384615384625 52.230769230769226
66.153846153846189 82.230769230769269
-349.84615384615387 -21.769230769230774
-94.846153846153939 107.23076923076921
-248.84615384615392 112.23076923076923

Translated matrix object 8
-668.46153846153857 -48.692307692307743
228.53846153846152 -81.692307692307679
236.53846153846152 -62.692307692307743
-39.461538461538375 -99.692307692307679
243.53846153846152 -35.692307692307743
241.53846153846152 -9.6923076923077431
208.53846153846152 15.307692307692257
15.538461538461569 -4.6923076923077431
149.53846153846163 45.307692307692314
54.538461538461526 80.307692307692264
-323.4615384615384 -13.692307692307686
-96.461538461538368 106.30769230769221
-250.46153846153834 109.30769230769226

Translated matrix object 9
-610.69230769230774 -55.307692307692285
210.30769230769226 -84.307692307692321
230.30769230769226 -59.307692307692285
-40.692307692307637 -93.307692307692378
239.30769230769238 -29.307692307692285
229.30769230769226 -5.3076923076923421
200.30769230769238 19.692307692307708
-9.6923076923077502 -3.3076923076922995
141.30769230769238 51.692307692307708
43.30769230769225 81.692307692307708
-298.69230769230768 -18.307692307692356
-93.692307692307807 96.692307692307679
-240.69230769230774 98.692307692307622

Translated matrix object 10
-718.07692307692321 -13.999999999999979
229.92307692307691 -108.00000000000006
259.92307692307679 -78.999999999999929
-59.076923076923158 -97.999999999999986
270.92307692307679 -54.999999999999979
261.92307692307679 -26.000000000000036
218.92307692307679 8.9999999999999645
-1.0769230769231513 -5.0000000000000071
162.92307692307691 45.0
61.923076923076849 80.000000000000028
-358.07692307692315 3.9999999999999645
-83.07692307692308 115.99999999999994
-247.07692307692321 131.0

Translated matrix object 11
-711.46153846153845 -56.923076923076849
250.53846153846155 -87.923076923076962
266.53846153846166 -62.923076923076934
-56.461538461538566 -107.92307692307691
272.53846153846149 -35.923076923076941
262.53846153846155 -5.9230769230769411
220.53846153846155 22.076923076923087
-7.4615384615385665 -4.9230769230769127
154.53846153846149 56.076923076923123
60.538461538461604 88.076923076923094
-358.46153846153845 -26.923076923076884
-91.46153846153841 112.07692307692315
-262.46153846153834 111.07692307692315

Translated matrix object 12
-602.30769230769238 -59.692307692307715
204.69230769230788 -79.692307692307736
223.69230769230788 -52.692307692307715
-26.307692307692342 -87.692307692307708
229.69230769230776 -25.692307692307708
220.69230769230765 0.30769230769229949
190.69230769230765 20.307692307692299
-0.30769230769234213 -5.6923076923077005
129.69230769230774 46.307692307692307
39.692307692307743 74.307692307692335
-301.30769230769221 -21.692307692307729
-82.307692307692292 95.307692307692278
-226.30769230769226 96.307692307692321

Translated matrix object 13
-623.92307692307702 -61.923076923076856
198.07692307692309 -75.923076923076849
222.07692307692304 -49.923076923076913
-15.923076923076827 -91.923076923076906
231.07692307692315 -20.923076923076984
220.07692307692315 8.0769230769230731
191.07692307692298 27.076923076923137
7.0769230769230589 -2.9230769230769269
130.07692307692309 53.076923076923137
45.076923076923173 72.076923076923137
-305.92307692307679 -36.923076923076898
-80.923076923076678 91.076923076923109
-217.92307692307679 89.076923076923038

Translated matrix object 14
-593.38461538461536 -68.53846153846149
200.61538461538458 -70.53846153846149
219.6153846153847 -42.538461538461497
-41.384615384615309 -87.538461538461547
224.61538461538447 -21.538461538461554
216.61538461538458 3.4615384615384386
187.61538461538447 24.461538461538524
8.6153846153845919 -2.5384615384615614
134.61538461538447 51.461538461538467
54.615384615384535 73.461538461538524
-292.38461538461559 -28.538461538461533
-85.384615384615586 86.46153846153851
-234.38461538461559 82.46153846153851

Translated matrix object 15
-666.69230769230774 -20.384615384615323
222.30769230769218 -90.384615384615387
241.30769230769218 -68.384615384615387
-50.692307692307658 -90.384615384615387
249.30769230769229 -40.38461538461533
245.30769230769229 -15.38461538461538
216.30769230769218 7.6153846153845919
-3.6923076923077147 -3.3846153846153513
150.30769230769229 41.615384615384642
54.307692307692228 73.615384615384642
-332.69230769230785 -6.3846153846153797
-96.692307692307764 100.6153846153847
-228.69230769230785 111.61538461538464

Translated matrix object 16
-609.23076923076928 -62.384615384615465
213.76923076923077 -61.384615384615351
223.76923076923089 -40.384615384615344
-42.230769230769177 -90.384615384615358
228.76923076923077 -19.384615384615344
220.76923076923077 1.615384615384599
187.7692307692308 20.615384615384599
11.769230769230752 -2.3846153846153442
132.7692307692308 47.615384615384599
52.769230769230688 68.615384615384684
-303.23076923076928 -29.384615384615344
-88.230769230769226 85.615384615384556
-229.23076923076928 81.615384615384642

Translated matrix object 17
-622.30769230769238 -64.84615384615384
206.69230769230745 -78.846153846153896
226.69230769230757 -50.84615384615384
-34.307692307692193 -90.846153846153868
234.69230769230768 -21.846153846153832
225.69230769230768 3.1538461538461675
199.69230769230771 25.153846153846196
7.6923076923077076 -0.84615384615380407
138.69230769230771 52.153846153846175
48.692307692307821 75.153846153846146
-310.30769230769226 -25.846153846153889
-80.307692307692207 91.153846153846089
-241.30769230769226 87.153846153846075

Translated matrix object 18
-655.92307692307702 -67.307692307692321
221.07692307692326 -83.307692307692321
242.07692307692304 -56.307692307692314
-49.923076923076962 -90.307692307692321
254.07692307692309 -26.307692307692243
243.07692307692304 0.69230769230770051
213.07692307692304 23.692307692307708
-14.923076923076962 -1.3076923076922427
151.07692307692298 52.692307692307764
55.076923076922981 79.692307692307764
-329.92307692307696 -25.307692307692285
-84.92307692307692 97.692307692307793
-243.92307692307702 95.692307692307736

Translated matrix object 19
-608.61538461538476 -26.923076923076877
203.3846153846153 -79.923076923076934
212.3846153846153 -64.923076923076877
-39.615384615384748 -89.923076923076877
220.3846153846153 -35.923076923076877
216.3846153846153 -7.923076923076934
188.3846153846153 14.076923076923123
2.3846153846152944 -1.923076923076934
143.38461538461542 39.076923076923016
55.384615384615351 68.076923076923066
-292.61538461538464 -11.923076923076977
-75.615384615384585 95.076923076923038
-225.61538461538464 103.07692307692304

Translated matrix object 20
-587.69230769230762 -50.384615384615365
190.30769230769235 -81.384615384615444
209.30769230769224 -57.384615384615365
-34.692307692307601 -88.384615384615444
221.30769230769235 -27.384615384615415
216.30769230769246 2.6153846153845848
184.30769230769246 20.615384615384642
-4.6923076923077431 -5.3846153846153584
130.30769230769232 48.615384615384585
46.307692307692314 71.615384615384642
-285.69230769230768 -19.384615384615358
-76.692307692307651 90.615384615384656
-208.69230769230762 95.615384615384528

Translated matrix object 21
-609.76923076923083 -65.153846153846175
214.23076923076917 -70.153846153846118
225.23076923076928 -52.153846153846175
-33.769230769230781 -89.153846153846104
231.23076923076928 -29.153846153846146
225.23076923076917 -2.1538461538461462
193.23076923076923 20.846153846153825
8.2307692307693046 -2.1538461538461178
135.23076923076917 49.846153846153868
47.230769230769241 72.846153846153868
-308.76923076923083 -25.153846153846189
-91.769230769230845 95.846153846153783
-235.76923076923083 95.846153846153811

Translated matrix object 22
-665.23076923076917 -52.923076923076955
217.76923076923086 -87.923076923076934
237.76923076923063 -58.923076923076955
-56.230769230769219 -93.923076923076934
249.76923076923075 -31.923076923076898
243.76923076923086 -5.9230769230769056
211.76923076923063 19.076923076923066
-7.2307692307691624 -3.923076923076934
152.76923076923086 48.076923076923073
61.769230769230838 78.076923076923123
-331.23076923076923 -15.923076923076906
-82.230769230769198 101.07692307692307
-233.23076923076917 105.07692307692304

Translated matrix object 23
-709.53846153846166 -76.53846153846149
241.4615384615384 -81.53846153846149
258.46153846153851 -60.538461538461611
-52.53846153846164 -94.53846153846149
267.46153846153845 -28.538461538461561
261.46153846153845 -0.53846153846161826
233.46153846153862 26.461538461538545
-9.5384615384616254 -1.5384615384615614
158.46153846153845 57.461538461538431
53.461538461538503 85.46153846153851
-339.5384615384616 -26.538461538461533
-102.53846153846155 100.46153846153851
-260.53846153846166 100.46153846153857

Translated matrix object 24
-624.92307692307702 -78.307692307692278
218.07692307692326 -73.30769230769225
233.07692307692304 -48.307692307692193
-32.923076923076906 -92.307692307692264
238.07692307692304 -20.307692307692356
228.07692307692315 2.6923076923077005
199.07692307692304 23.692307692307701
-6.9230769230768914 -5.3076923076923563
136.07692307692292 57.692307692307644
43.076923076923052 80.692307692307708
-315.92307692307708 -28.307692307692328
-92.923076923076977 91.692307692307594
-221.92307692307702 89.692307692307622

Translated matrix object 25
-667.76923076923072 -52.230769230769248
227.23076923076908 -81.230769230769241
245.2307692307692 -58.230769230769184
-50.769230769230653 -94.230769230769241
251.2307692307692 -30.230769230769248
246.23076923076931 -7.2307692307692548
214.23076923076931 15.769230769230745
-11.769230769230695 -3.2307692307692548
151.23076923076925 43.769230769230766
53.230769230769205 71.769230769230774
-326.76923076923089 -19.230769230769226
-101.76923076923086 102.76923076923075
-229.76923076923094 111.76923076923072

Translated matrix object 26
-693.00000000000011 -54.538461538461526
240.00000000000026 -82.538461538461519
255.00000000000026 -59.538461538461526
-39.999999999999972 -100.5384615384615
261.0 -34.538461538461576
254.00000000000014 -5.5384615384615756
214.00000000000014 23.461538461538481
10.000000000000142 0.46153846153842437
152.00000000000011 50.461538461538424
57.000000000000085 79.461538461538396
-344.0 -28.538461538461632
-109.99999999999997 103.46153846153842
-255.99999999999989 108.46153846153845

Translated matrix object 27
-657.23076923076928 -63.153846153846118
228.76923076923057 -71.153846153846175
241.76923076923069 -51.153846153846175
-38.230769230769269 -96.153846153846175
248.76923076923069 -24.153846153846146
241.7692307692308 1.8461538461538538
207.76923076923069 22.846153846153889
6.769230769230731 -5.153846153846203
144.76923076923083 48.846153846153889
45.769230769230823 72.84615384615384
-325.23076923076934 -22.153846153846104
-96.230769230769198 92.84615384615384
-249.23076923076928 93.846153846153925

Translated matrix object 28
-656.15384615384619 -67.923076923076962
218.8461538461539 -82.923076923077019
238.84615384615378 -56.923076923076955
-31.153846153846168 -94.923076923076906
246.84615384615401 -25.923076923076948
243.8461538461539 0.076923076923108624
210.84615384615378 24.076923076923137
-2.1538461538462244 -2.923076923076863
141.8461538461539 55.076923076923165
44.846153846153889 80.076923076923165
-323.15384615384619 -25.92307692307692
-89.153846153846217 101.07692307692311
-244.15384615384619 97.076923076923094

Translated matrix object 29
-628.23076923076917 -46.461538461538488
211.769230769231 -77.461538461538439
226.76923076923089 -57.461538461538439
-19.230769230769162 -88.461538461538495
236.76923076923089 -30.461538461538488
227.76923076923089 -3.4615384615384315
198.76923076923089 20.53846153846154
9.7692307692307807 -0.46153846153843148
137.76923076923089 47.538461538461505
42.769230769230752 73.538461538461476
-324.23076923076917 -20.461538461538517
-92.230769230769283 90.538461538461533
-228.23076923076928 92.53846153846149

Translated matrix object 30
-662.46153846153834 -70.076923076923151
225.53846153846149 -78.076923076923151
240.53846153846149 -57.076923076923144
-53.461538461538517 -90.07692307692308
252.53846153846172 -26.07692307692303
248.53846153846149 0.92307692307691269
220.53846153846149 22.92307692307697
-7.4615384615384315 -4.0769230769230873
150.5384615384616 50.92307692307697
47.538461538461512 79.923076923076934
-331.46153846153845 -26.076923076923002
-90.461538461538396 99.923076923076962
-240.46153846153834 96.923076923077019

Translated matrix object 31
-660.38461538461547 -84.615384615384656
231.61538461538453 -72.615384615384656
244.61538461538464 -47.615384615384599
-47.384615384615429 -98.615384615384656
250.61538461538464 -16.615384615384656
243.61538461538476 7.384615384615401
209.61538461538464 28.384615384615373
-7.3846153846153726 -4.6153846153846274
151.61538461538476 53.384615384615373
54.615384615384741 81.384615384615401
-332.38461538461536 -34.615384615384627
-94.38461538461523 96.38461538461533
-244.38461538461536 92.384615384615358

Translated matrix object 32
-612.61538461538464 -63.384615384615422
217.3846153846153 -75.384615384615387
230.3846153846153 -53.384615384615309
-53.615384615384627 -90.384615384615415
237.38461538461553 -24.384615384615408
228.3846153846153 -0.38461538461541522
199.38461538461544 19.615384615384613
-1.6153846153846843 -2.3846153846154152
142.38461538461533 49.615384615384613
53.384615384615451 75.615384615384613
-316.6153846153847 -26.384615384615358
-88.615384615384585 95.615384615384585
-235.61538461538464 95.615384615384585

Translated matrix object 33
-615.30769230769226 -60.923076923076948
211.69230769230762 -76.923076923076977
226.69230769230762 -50.923076923076891
-40.307692307692299 -93.923076923076977
231.69230769230762 -25.923076923076948
224.69230769230774 1.0769230769231086
191.69230769230774 25.076923076923038
2.6923076923078142 -3.9230769230769482
136.69230769230774 50.076923076923094
44.692307692307722 77.076923076923038
-304.30769230769226 -25.923076923076962
-83.307692307692278 95.076923076923023
-227.30769230769226 90.076923076923094

Translated matrix object 34
-625.23076923076928 -57.076923076923066
209.76923076923055 -81.076923076923066
227.76923076923066 -57.076923076923123
-45.230769230769226 -86.076923076923066
234.76923076923066 -30.076923076923123
226.76923076923077 -7.076923076923066
194.76923076923066 18.923076923076991
-0.2307692307692264 0.92307692307693401
143.76923076923066 48.923076923076955
53.769230769230717 75.923076923077019
-300.2307692307694 -18.076923076923038
-82.23076923076934 97.923076923076991
-238.23076923076928 93.923076923076962

Translated matrix object 35
-714.30769230769249 -76.153846153846132
247.69230769230774 -82.153846153846189
270.69230769230785 -52.153846153846182
-63.307692307692321 -106.15384615384617
280.69230769230774 -24.153846153846125
269.69230769230774 0.84615384615381828
235.69230769230774 25.846153846153804
-13.307692307692371 -8.1538461538461249
162.69230769230771 58.84615384615379
53.692307692307686 82.84615384615384
-366.30769230769226 -31.153846153846153
-106.30769230769226 104.84615384615384
-257.30769230769238 106.84615384615381

Translated matrix object 36
-623.23076923076928 -67.53846153846149
213.76923076923072 -75.538461538461604
229.76923076923094 -50.538461538461554
-32.230769230769205 -93.53846153846149
232.76923076923094 -24.538461538461583
224.76923076923072 1.4615384615384173
197.76923076923072 21.461538461538424
-0.23076923076914824 -3.538461538461469
142.76923076923083 52.461538461538453
48.769230769230795 77.461538461538481
-311.23076923076911 -27.538461538461469
-89.23076923076917 95.461538461538481
-234.23076923076928 94.461538461538453

Translated matrix object 37
-646.0 -64.230769230769212
218.00000000000014 -77.230769230769212
235.99999999999991 -56.230769230769269
-50.000000000000064 -93.230769230769326
247.00000000000003 -27.230769230769205
237.99999999999991 -0.23076923076920508
208.99999999999991 23.769230769230859
-3.000000000000135 -1.2307692307692051
142.99999999999986 53.769230769230774
52.999999999999922 79.769230769230802
-309.00000000000006 -28.23076923076912
-91.000000000000028 96.76923076923083
-245.0 93.769230769230717

Translated matrix object 38
-655.76923076923083 -50.076923076923151
223.23076923076928 -81.076923076923094
238.23076923076928 -60.076923076923151
-49.769230769230759 -99.076923076923151
248.23076923076928 -32.076923076923087
240.23076923076928 -7.0769230769231442
211.23076923076928 15.92307692307692
6.2307692307692335 -0.076923076923087308
152.23076923076934 47.923076923076977
49.23076923076929 79.923076923076977
-323.76923076923066 -24.07692307692303
-88.76923076923066 105.92307692307698
-250.76923076923072 103.92307692307691

Translated matrix object 39
-612.15384615384619 -72.000000000000014
208.84615384615407 -67.0
220.84615384615384 -48.99999999999995
-35.153846153846203 -89.000000000000014
226.84615384615384 -22.0
217.84615384615407 5.9999999999999432
195.84615384615384 23.0
0.84615384615379696 -1.0
142.84615384615384 52.0
63.846153846153825 74.000000000000057
-303.1538461538463 -30.0
-99.15384615384616 90.000000000000014
-228.15384615384619 85.0

Translated matrix object 40
-741.07692307692309 -69.461538461538538
251.92307692307699 -84.461538461538481
268.92307692307696 -60.461538461538545
-37.076923076923045 -103.46153846153848
277.92307692307685 -32.461538461538488
266.92307692307685 -0.46153846153848832
231.92307692307699 25.538461538461512
-16.076923076923102 -8.4615384615385167
164.9230769230771 57.538461538461497
69.923076923076877 85.538461538461547
-384.07692307692315 -32.461538461538446
-98.076923076923123 110.53846153846149
-256.07692307692309 112.53846153846155

Translated matrix object 41
-597.07692307692321 -51.769230769230695
209.92307692307705 -76.769230769230802
219.92307692307671 -57.769230769230752
-41.076923076923094 -86.769230769230745
226.92307692307693 -28.769230769230845
217.92307692307693 -4.769230769230731
185.92307692307702 20.230769230769212
4.9230769230770193 2.2307692307691553
136.92307692307696 44.230769230769212
49.923076923076849 72.230769230769184
-298.07692307692309 -16.769230769230873
-88.07692307692318 90.230769230769184
-228.07692307692309 94.230769230769056

Translated matrix object 42
-660.61538461538464 -67.15384615384616
227.38461538461536 -86.15384615384616
248.38461538461536 -59.153846153846153
-46.615384615384613 -106.15384615384616
254.38461538461536 -26.153846153846153
245.38461538461547 3.8461538461537756
216.38461538461536 25.846153846153776
-2.6153846153846914 0.84615384615388933
148.38461538461536 57.846153846153832
47.384615384615309 85.846153846153896
-334.61538461538464 -35.153846153846139
-94.615384615384642 103.84615384615378
-248.61538461538464 101.84615384615381

Translated matrix object 43
-596.61538461538464 -48.769230769230795
215.38461538461539 -72.769230769230859
227.38461538461539 -48.769230769230738
-39.615384615384713 -88.769230769230774
228.38461538461527 -25.769230769230781
220.38461538461539 -2.7692307692307807
189.3846153846153 18.230769230769219
-5.6153846153845848 -4.7692307692307807
126.38461538461524 45.230769230769276
45.384615384615245 70.230769230769226
-299.61538461538476 -20.769230769230781
-85.615384615384727 89.230769230769226
-225.61538461538464 90.230769230769226

Translated matrix object 44
-622.46153846153845 -55.153846153846175
217.53846153846166 -73.153846153846175
232.53846153846166 -51.153846153846175
-40.461538461538375 -90.153846153846061
237.53846153846155 -27.153846153846175
231.53846153846155 -0.15384615384616041
197.53846153846155 18.84615384615384
-5.4615384615384883 -8.1538461538461036
128.53846153846143 47.846153846153896
44.538461538461455 72.84615384615384
-314.46153846153851 -27.153846153846132
-86.461538461538453 93.846153846153939
-220.46153846153845 98.846153846153868

Translated matrix object 45
-658.38461538461547 -58.769230769230703
221.61538461538476 -82.769230769230802
240.61538461538476 -59.769230769230816
-31.384615384615302 -99.769230769230745
246.61538461538453 -29.769230769230759
235.61538461538453 -0.76923076923081624
207.61538461538453 21.230769230769184
2.6153846153845279 -1.7692307692307878
147.61538461538453 50.230769230769226
57.615384615384585 79.23076923076934
-331.38461538461547 -20.769230769230717
-100.38461538461537 100.23076923076934
-238.38461538461547 103.23076923076928

Translated matrix object 46
-643.53846153846155 -78.384615384615358
217.46153846153837 -72.384615384615415
232.46153846153837 -49.384615384615401
-38.538461538461654 -98.384615384615415
240.46153846153859 -21.38461538461538
230.46153846153848 2.6153846153846203
200.46153846153848 26.615384615384563
7.4615384615384599 -2.3846153846153797
148.46153846153848 53.61538461538462
43.461538461538574 78.615384615384642
-316.53846153846155 -31.38461538461538
-89.538461538461462 97.615384615384613
-232.53846153846143 94.615384615384642

Translated matrix object 47
-718.53846153846143 -29.61538461538462
227.46153846153842 -101.61538461538463
256.46153846153857 -69.615384615384627
-54.538461538461462 -97.615384615384571
269.46153846153845 -38.615384615384592
259.46153846153845 -12.615384615384627
228.46153846153865 10.384615384615373
-3.5384615384615756 -0.61538461538462741
168.46153846153848 42.384615384615401
62.461538461538481 79.384615384615401
-350.53846153846155 -8.6153846153845706
-90.538461538461632 111.38461538461546
-254.53846153846155 115.38461538461547

Translated matrix object 48
-584.23076923076917 -49.0
201.76923076923072 -82.0
222.7692307692306 -56.999999999999943
-50.230769230769269 -87.0
232.76923076923072 -28.0
225.76923076923072 -5.0
199.76923076923083 17.000000000000028
-9.2307692307691553 -1.9999999999999716
141.76923076923083 44.999999999999993
49.769230769230816 76.999999999999972
-306.23076923076923 -21.999999999999972
-86.230769230769283 96.0
-238.2307692307694 97.0

Translated matrix object 49
-603.38461538461547 -79.461538461538481
212.61538461538453 -69.461538461538481
228.61538461538447 -42.461538461538481
-48.384615384615351 -90.461538461538481
230.61538461538458 -19.461538461538424
222.61538461538458 6.5384615384615898
191.61538461538467 28.53846153846154
-2.3846153846154081 -5.4615384615384528
128.61538461538456 53.538461538461597
46.615384615384556 73.538461538461604
-295.38461538461536 -26.461538461538467
-85.384615384615472 85.538461538461632
-226.38461538461547 85.538461538461604

Translated matrix object 50
-682.30769230769249 -47.846153846153811
228.69230769230796 -79.846153846153868
243.69230769230774 -58.846153846153868
-48.307692307692378 -98.846153846153868
252.69230769230774 -28.846153846153854
246.69230769230774 -5.8461538461538538
216.69230769230774 15.153846153846196
9.6923076923077076 -2.846153846153797
156.69230769230785 48.153846153846196
46.692307692307757 80.153846153846189
-327.30769230769232 -22.846153846153797
-98.307692307692321 101.15384615384613
-245.30769230769226 101.15384615384619



SCALING to UNIT Centroid Size

Scaled individual 0
963.17764208653898
-0.672 -0.060
0.228 -0.084
0.246 -0.059
-0.044 -0.098
0.254 -0.030
0.246 -0.002
0.214 0.021
-0.001 -0.003
0.151 0.052
0.054 0.081
-0.334 -0.024
-0.094 0.102
-0.247 0.103
Scaled individual 1
881.64435529910213
-0.675 -0.047
0.219 -0.098
0.243 -0.073
-0.052 -0.094
0.254 -0.040
0.247 -0.012
0.215 0.016
-0.005 -0.002
0.154 0.049
0.057 0.084
-0.330 -0.008
-0.089 0.109
-0.237 0.115
Scaled individual 2
927.63072891683009
-0.669 -0.061
0.229 -0.088
0.247 -0.062
-0.034 -0.100
0.255 -0.032
0.248 -0.004
0.215 0.021
-0.010 -0.005
0.151 0.055
0.043 0.085
-0.335 -0.026
-0.100 0.104
-0.239 0.112
Scaled individual 3
1019.3871462041074
-0.681 -0.053
0.219 -0.087
0.242 -0.056
-0.043 -0.097
0.251 -0.028
0.242 -0.002
0.213 0.022
0.006 -0.002
0.158 0.047
0.062 0.075
-0.339 -0.019
-0.091 0.097
-0.237 0.103
Scaled individual 4
1007.2160412970762
-0.668 -0.057
0.227 -0.080
0.244 -0.061
-0.040 -0.090
0.256 -0.029
0.247 -0.003
0.212 0.020
0.008 0.001
0.153 0.049
0.053 0.076
-0.350 -0.025
-0.094 0.098
-0.248 0.101
Scaled individual 5
1000.4553578630698
-0.659 -0.082
0.227 -0.084
0.250 -0.054
-0.055 -0.098
0.260 -0.021
0.252 0.004
0.222 0.026
-0.007 0.000
0.152 0.057
0.043 0.086
-0.328 -0.038
-0.100 0.101
-0.259 0.098
Scaled individual 6
1003.4731992128449
-0.672 -0.041
0.219 -0.093
0.241 -0.069
-0.052 -0.097
0.255 -0.036
0.250 -0.008
0.219 0.017
0.004 -0.003
0.156 0.048
0.053 0.082
-0.324 -0.016
-0.100 0.109
-0.251 0.108
Scaled individual 7
1046.0965538610672
-0.684 -0.046
0.225 -0.087
0.239 -0.063
-0.039 -0.098
0.248 -0.034
0.240 -0.009
0.210 0.016
0.011 0.004
0.150 0.050
0.063 0.079
-0.334 -0.021
-0.091 0.103
-0.238 0.107
Scaled individual 8
988.14776222992077
-0.676 -0.049
0.231 -0.083
0.239 -0.063
-0.040 -0.101
0.246 -0.036
0.244 -0.010
0.211 0.015
0.016 -0.005
0.151 0.046
0.055 0.081
-0.327 -0.014
-0.098 0.108
-0.253 0.111
Scaled individual 9
923.12379368183269
-0.662 -0.060
0.228 -0.091
0.249 -0.064
-0.044 -0.101
0.259 -0.032
0.248 -0.006
0.217 0.021
-0.010 -0.004
0.153 0.056
0.047 0.088
-0.324 -0.020
-0.101 0.105
-0.261 0.107
Scaled individual 10
1061.4127015807392
-0.677 -0.013
0.217 -0.102
0.245 -0.074
-0.056 -0.092
0.255 -0.052
0.247 -0.024
0.206 0.008
-0.001 -0.005
0.153 0.042
0.058 0.075
-0.337 0.004
-0.078 0.109
-0.233 0.123
Scaled individual 11
1064.5694687741866
-0.668 -0.053
0.235 -0.083
0.250 -0.059
-0.053 -0.101
0.256 -0.034
0.247 -0.006
0.207 0.021
-0.007 -0.005
0.145 0.053
0.057 0.083
-0.337 -0.025
-0.086 0.105
-0.247 0.104
Scaled individual 12
899.10151732801478
-0.670 -0.066
0.228 -0.089
0.249 -0.059
-0.029 -0.098
0.255 -0.029
0.245 0.000
0.212 0.023
-0.000 -0.006
0.144 0.052
0.044 0.083
-0.335 -0.024
-0.092 0.106
-0.252 0.107
Scaled individual 13
911.28911227658477
-0.685 -0.068
0.217 -0.083
0.244 -0.055
-0.017 -0.101
0.254 -0.023
0.242 0.009
0.210 0.030
0.008 -0.003
0.143 0.058
0.049 0.079
-0.336 -0.041
-0.089 0.100
-0.239 0.098
Scaled individual 14
887.20026357768177
-0.669 -0.077
0.226 -0.080
0.248 -0.048
-0.047 -0.099
0.253 -0.024
0.244 0.004
0.211 0.028
0.010 -0.003
0.152 0.058
0.062 0.083
-0.330 -0.032
-0.096 0.097
-0.264 0.093
Scaled individual 15
987.34383380555244
-0.675 -0.021
0.225 -0.092
0.244 -0.069
-0.051 -0.092
0.253 -0.041
0.248 -0.016
0.219 0.008
-0.004 -0.003
0.152 0.042
0.055 0.075
-0.337 -0.006
-0.098 0.102
-0.232 0.113
Scaled individual 16
904.42102176773017
-0.674 -0.069
0.236 -0.068
0.247 -0.045
-0.047 -0.100
0.253 -0.021
0.244 0.002
0.208 0.023
0.013 -0.003
0.147 0.053
0.058 0.076
-0.335 -0.032
-0.098 0.095
-0.253 0.090
Scaled individual 17
926.50227281883213
-0.672 -0.070
0.223 -0.085
0.245 -0.055
-0.037 -0.098
0.253 -0.024
0.244 0.003
0.216 0.027
0.008 -0.001
0.150 0.056
0.053 0.081
-0.335 -0.028
-0.087 0.098
-0.260 0.094
Scaled individual 18
981.53333733892748
-0.668 -0.069
0.225 -0.085
0.247 -0.057
-0.051 -0.092
0.259 -0.027
0.248 0.001
0.217 0.024
-0.015 -0.001
0.154 0.054
0.056 0.081
-0.336 -0.026
-0.087 0.100
-0.249 0.097
Scaled individual 19
895.62715456823901
-0.680 -0.030
0.227 -0.089
0.237 -0.072
-0.044 -0.100
0.246 -0.040
0.242 -0.009
0.210 0.016
0.003 -0.002
0.160 0.044
0.062 0.076
-0.327 -0.013
-0.084 0.106
-0.252 0.115
Scaled individual 20
867.89852295867297
-0.677 -0.058
0.219 -0.094
0.241 -0.066
-0.040 -0.102
0.255 -0.032
0.249 0.003
0.212 0.024
-0.005 -0.006
0.150 0.056
0.053 0.083
-0.329 -0.022
-0.088 0.104
-0.240 0.110
Scaled individual 21
915.95633083679286
-0.666 -0.071
0.234 -0.077
0.246 -0.057
-0.037 -0.097
0.252 -0.032
0.246 -0.002
0.211 0.023
0.009 -0.002
0.148 0.054
0.052 0.080
-0.337 -0.027
-0.100 0.105
-0.257 0.105
Scaled individual 22
984.15508471441149
-0.676 -0.054
0.221 -0.089
0.242 -0.060
-0.057 -0.095
0.254 -0.032
0.248 -0.006
0.215 0.019
-0.007 -0.004
0.155 0.049
0.063 0.079
-0.337 -0.016
-0.084 0.103
-0.237 0.107
Scaled individual 23
1051.46301006667
-0.675 -0.073
0.230 -0.078
0.246 -0.058
-0.050 -0.090
0.254 -0.027
0.249 -0.001
0.222 0.025
-0.009 -0.001
0.151 0.055
0.051 0.081
-0.323 -0.025
-0.098 0.096
-0.248 0.096
Scaled individual 24
932.95321013847877
-0.670 -0.084
0.234 -0.079
0.250 -0.052
-0.035 -0.099
0.255 -0.022
0.244 0.003
0.213 0.025
-0.007 -0.006
0.146 0.062
0.046 0.086
-0.339 -0.030
-0.100 0.098
-0.238 0.096
Scaled individual 25
989.43954609901016
-0.675 -0.053
0.230 -0.082
0.248 -0.059
-0.051 -0.095
0.254 -0.031
0.249 -0.007
0.217 0.016
-0.012 -0.003
0.153 0.044
0.054 0.073
-0.330 -0.019
-0.103 0.104
-0.232 0.113
Scaled individual 26
1030.868192723605
-0.672 -0.053
0.233 -0.080
0.247 -0.058
-0.039 -0.098
0.253 -0.034
0.246 -0.005
0.208 0.023
0.010 0.000
0.147 0.049
0.055 0.077
-0.334 -0.028
-0.107 0.100
-0.248 0.105
Scaled individual 27
977.55715945411623
-0.672 -0.065
0.234 -0.073
0.247 -0.052
-0.039 -0.098
0.254 -0.025
0.247 0.002
0.213 0.023
0.007 -0.005
0.148 0.050
0.047 0.075
-0.333 -0.023
-0.098 0.095
-0.255 0.096
Scaled individual 28
974.77310969507948
-0.673 -0.070
0.225 -0.085
0.245 -0.058
-0.032 -0.097
0.253 -0.027
0.250 0.000
0.216 0.025
-0.002 -0.003
0.146 0.057
0.046 0.082
-0.332 -0.027
-0.091 0.104
-0.250 0.100
Scaled individual 29
933.21141145055583
-0.673 -0.050
0.227 -0.083
0.243 -0.062
-0.021 -0.095
0.254 -0.033
0.244 -0.004
0.213 0.022
0.010 -0.000
0.148 0.051
0.046 0.079
-0.347 -0.022
-0.099 0.097
-0.245 0.099
Scaled individual 30
988.9965388443751
-0.670 -0.071
0.228 -0.079
0.243 -0.058
-0.054 -0.091
0.255 -0.026
0.251 0.001
0.223 0.023
-0.008 -0.004
0.152 0.051
0.048 0.081
-0.335 -0.026
-0.091 0.101
-0.243 0.098
Scaled individual 31
988.50703277526259
-0.668 -0.086
0.234 -0.073
0.247 -0.048
-0.048 -0.100
0.254 -0.017
0.246 0.007
0.212 0.029
-0.007 -0.005
0.153 0.054
0.055 0.082
-0.336 -0.035
-0.095 0.098
-0.247 0.093
Scaled individual 32
928.64102528703404
-0.660 -0.068
0.234 -0.081
0.248 -0.057
-0.058 -0.097
0.256 -0.026
0.246 -0.000
0.215 0.021
-0.002 -0.003
0.153 0.053
0.057 0.081
-0.341 -0.028
-0.095 0.103
-0.254 0.103
Scaled individual 33
915.3587779159011
-0.672 -0.067
0.231 -0.084
0.248 -0.056
-0.044 -0.103
0.253 -0.028
0.245 0.001
0.209 0.027
0.003 -0.004
0.149 0.055
0.049 0.084
-0.332 -0.028
-0.091 0.104
-0.248 0.098
Scaled individual 34
926.95157951709143
-0.675 -0.062
0.226 -0.087
0.246 -0.062
-0.049 -0.093
0.253 -0.032
0.245 -0.008
0.210 0.020
-0.000 0.001
0.155 0.053
0.058 0.082
-0.324 -0.020
-0.089 0.106
-0.257 0.101
Scaled individual 35
1076.4397157010058
-0.664 -0.071
0.230 -0.076
0.251 -0.048
-0.059 -0.099
0.261 -0.022
0.251 0.001
0.219 0.024
-0.012 -0.008
0.151 0.055
0.050 0.077
-0.340 -0.029
-0.099 0.097
-0.239 0.099
Scaled individual 36
929.73627360748833
-0.670 -0.073
0.230 -0.081
0.247 -0.054
-0.035 -0.101
0.250 -0.026
0.242 0.002
0.213 0.023
-0.000 -0.004
0.154 0.056
0.052 0.083
-0.335 -0.030
-0.096 0.103
-0.252 0.102
Scaled individual 37
960.66867737649682
-0.672 -0.067
0.227 -0.080
0.246 -0.059
-0.052 -0.097
0.257 -0.028
0.248 -0.000
0.218 0.025
-0.003 -0.001
0.149 0.056
0.055 0.083
-0.322 -0.029
-0.095 0.101
-0.255 0.098
Scaled individual 38
979.48722848704415
-0.670 -0.051
0.228 -0.083
0.243 -0.061
-0.051 -0.101
0.253 -0.033
0.245 -0.007
0.216 0.016
0.006 -0.000
0.155 0.049
0.050 0.082
-0.331 -0.025
-0.091 0.108
-0.256 0.106
Scaled individual 39
910.68638526536279
-0.672 -0.079
0.229 -0.074
0.243 -0.054
-0.039 -0.098
0.249 -0.024
0.239 0.007
0.215 0.025
0.001 -0.001
0.157 0.057
0.070 0.081
-0.333 -0.033
-0.109 0.099
-0.251 0.093
Scaled individual 40
1099.2498141215008
-0.674 -0.063
0.229 -0.077
0.245 -0.055
-0.034 -0.094
0.253 -0.030
0.243 -0.000
0.211 0.023
-0.015 -0.008
0.150 0.052
0.064 0.078
-0.349 -0.030
-0.089 0.101
-0.233 0.102
Scaled individual 41
894.0051626077061
-0.668 -0.058
0.235 -0.086
0.246 -0.065
-0.046 -0.097
0.254 -0.032
0.244 -0.005
0.208 0.023
0.006 0.002
0.153 0.049
0.056 0.081
-0.333 -0.019
-0.099 0.101
-0.255 0.105
Scaled individual 42
995.94516376694617
-0.663 -0.067
0.228 -0.087
0.249 -0.059
-0.047 -0.107
0.255 -0.026
0.246 0.004
0.217 0.026
-0.003 0.001
0.149 0.058
0.048 0.086
-0.336 -0.035
-0.095 0.104
-0.250 0.102
Scaled individual 43
894.84489416623751
-0.667 -0.055
0.241 -0.081
0.254 -0.055
-0.044 -0.099
0.255 -0.029
0.246 -0.003
0.212 0.020
-0.006 -0.005
0.141 0.051
0.051 0.078
-0.335 -0.023
-0.096 0.100
-0.252 0.101
Scaled individual 44
927.5003628446317
-0.671 -0.059
0.235 -0.079
0.251 -0.055
-0.044 -0.097
0.256 -0.029
0.250 -0.000
0.213 0.020
-0.006 -0.009
0.139 0.052
0.048 0.079
-0.339 -0.029
-0.093 0.101
-0.238 0.107
Scaled individual 45
978.69575692111016
-0.673 -0.060
0.226 -0.085
0.246 -0.061
-0.032 -0.102
0.252 -0.030
0.241 -0.001
0.212 0.022
0.003 -0.002
0.151 0.051
0.059 0.081
-0.339 -0.021
-0.103 0.102
-0.244 0.105
Scaled individual 46
952.65329878834086
-0.676 -0.082
0.228 -0.076
0.244 -0.052
-0.040 -0.103
0.252 -0.022
0.242 0.003
0.210 0.028
0.008 -0.003
0.156 0.056
0.046 0.083
-0.332 -0.033
-0.094 0.102
-0.244 0.099
Scaled individual 47
1057.4943535037469
-0.679 -0.028
0.215 -0.096
0.243 -0.066
-0.052 -0.092
0.255 -0.037
0.245 -0.012
0.216 0.010
-0.003 -0.001
0.159 0.040
0.059 0.075
-0.331 -0.008
-0.086 0.105
-0.241 0.109
Scaled individual 48
898.87836089890823
-0.650 -0.055
0.224 -0.091
0.248 -0.063
-0.056 -0.097
0.259 -0.031
0.251 -0.006
0.222 0.019
-0.010 -0.002
0.158 0.050
0.055 0.086
-0.341 -0.024
-0.096 0.107
-0.265 0.108
Scaled individual 49
902.13874082222389
-0.669 -0.088
0.236 -0.077
0.253 -0.047
-0.054 -0.100
0.256 -0.022
0.247 0.007
0.212 0.032
-0.003 -0.006
0.143 0.059
0.052 0.082
-0.327 -0.029
-0.095 0.095
-0.251 0.095
Scaled individual 50
1003.8717356009491
-0.680 -0.048
0.228 -0.080
0.243 -0.059
-0.048 -0.098
0.252 -0.029
0.246 -0.006
0.216 0.015
0.010 -0.003
0.156 0.048
0.047 0.080
-0.326 -0.023
-0.098 0.101
-0.244 0.101

{translated and scaled (first one is consensus)} saved in 
C:/Users/vmc04/Desktop/Wing saga/Wing field landmark repeat/13 landmarks field repeat/APR  field collected/coord_Aug10_Format_TRANSCALED.txt


 - Centroid sizes -  saved in 
C:/Users/vmc04/Desktop/Wing saga/Wing field landmark repeat/13 landmarks field repeat/APR  field collected/coord_Aug10_Format_CS.txt


ROTATION (aligned specimens)
New sum of Procrustes distances to mean shape: 0.027217657207340852
Convergence = 0.11277865672165316
New sum of Procrustes distances to mean shape: 0.027202707970248638
Convergence = 1.4949237092214129e-05
New sum of Procrustes distances to mean shape: 0.027202703246266693
Convergence = 4.7239819452038478e-09
Procedure ROTATION
Last consensus, 

-0.6716 -0.0604
0.2279 -0.0836
0.2458 -0.0587
-0.0443 -0.0977
0.2541 -0.0295
0.2461 -0.0024
0.2139 0.0216
-0.0005 -0.0028
0.1511 0.0520
0.0534 0.0806
-0.3340 -0.0242
-0.0944 0.1019
-0.2475 0.1031


rotated object 0 
-0.6729 -0.0712
0.2221 -0.0904
0.2450 -0.0646
-0.0490 -0.0955
0.2552 -0.0313
0.2474 -0.0032
0.2146 0.0240
-0.0046 -0.0020
0.1522 0.0547
0.0535 0.0863
-0.3298 -0.0193
-0.0925 0.1061
-0.2412 0.1065

rotated object 1 
-0.6692 -0.0619
0.2288 -0.0874
0.2471 -0.0615
-0.0342 -0.0996
0.2546 -0.0313
0.2481 -0.0033
0.2147 0.0215
-0.0095 -0.0047
0.1510 0.0548
0.0432 0.0848
-0.3351 -0.0268
-0.1003 0.1040
-0.2393 0.1113

rotated object 2 
-0.6802 -0.0601
0.2196 -0.0844
0.2428 -0.0537
-0.0422 -0.0971
0.2514 -0.0252
0.2422 0.0012
0.2125 0.0244
0.0058 -0.0024
0.1573 0.0483
0.0609 0.0757
-0.3393 -0.0230
-0.0924 0.0956
-0.2386 0.1008

rotated object 3 
-0.6676 -0.0584
0.2270 -0.0799
0.2439 -0.0600
-0.0400 -0.0905
0.2557 -0.0282
0.2467 -0.0024
0.2119 0.0203
0.0084 0.0009
0.1532 0.0490
0.0529 0.0765
-0.3499 -0.0258
-0.0941 0.0980
-0.2480 0.1005

rotated object 4 
-0.6607 -0.0618
0.2245 -0.0903
0.2483 -0.0610
-0.0577 -0.0968
0.2593 -0.0283
0.2521 -0.0031
0.2227 0.0198
-0.0068 0.0007
0.1537 0.0529
0.0457 0.0851
-0.3287 -0.0277
-0.0967 0.1044
-0.2557 0.1061

rotated object 5 
-0.6701 -0.0598
0.2219 -0.0869
0.2431 -0.0623
-0.0490 -0.0984
0.2562 -0.0291
0.2504 -0.0013
0.2188 0.0227
0.0042 -0.0032
0.1542 0.0518
0.0507 0.0838
-0.3231 -0.0252
-0.1035 0.1065
-0.2539 0.1013

rotated object 6 
-0.6832 -0.0604
0.2266 -0.0819
0.2404 -0.0577
-0.0369 -0.0991
0.2484 -0.0288
0.2402 -0.0042
0.2101 0.0201
0.0106 0.0043
0.1491 0.0532
0.0615 0.0800
-0.3339 -0.0280
-0.0929 0.1005
-0.2401 0.1021

rotated object 7 
-0.6754 -0.0621
0.2328 -0.0783
0.2405 -0.0589
-0.0380 -0.1016
0.2471 -0.0314
0.2446 -0.0052
0.2107 0.0195
0.0158 -0.0044
0.1504 0.0487
0.0536 0.0823
-0.3270 -0.0201
-0.0996 0.1057
-0.2555 0.1058

rotated object 8 
-0.6614 -0.0617
0.2281 -0.0907
0.2497 -0.0636
-0.0438 -0.1012
0.2593 -0.0310
0.2484 -0.0051
0.2169 0.0219
-0.0105 -0.0036
0.1529 0.0564
0.0467 0.0886
-0.3235 -0.0207
-0.1018 0.1045
-0.2610 0.1062

rotated object 9 
-0.6735 -0.0650
0.2238 -0.0849
0.2499 -0.0554
-0.0484 -0.0963
0.2585 -0.0321
0.2479 -0.0055
0.2050 0.0243
-0.0007 -0.0048
0.1498 0.0540
0.0524 0.0796
-0.3367 -0.0221
-0.0864 0.1030
-0.2416 0.1052

rotated object 10 
-0.6679 -0.0581
0.2359 -0.0809
0.2508 -0.0574
-0.0523 -0.1017
0.2562 -0.0320
0.2466 -0.0038
0.2070 0.0222
-0.0070 -0.0047
0.1448 0.0537
0.0563 0.0831
-0.3365 -0.0276
-0.0866 0.1047
-0.2473 0.1026

rotated object 11 
-0.6703 -0.0626
0.2272 -0.0899
0.2485 -0.0600
-0.0298 -0.0974
0.2553 -0.0300
0.2455 -0.0011
0.2122 0.0214
-0.0004 -0.0063
0.1445 0.0507
0.0446 0.0824
-0.3353 -0.0222
-0.0909 0.1065
-0.2511 0.1085

rotated object 12 
-0.6859 -0.0539
0.2156 -0.0877
0.2425 -0.0598
-0.0195 -0.1005
0.2530 -0.0281
0.2416 0.0039
0.2102 0.0254
0.0077 -0.0034
0.1439 0.0553
0.0511 0.0781
-0.3365 -0.0336
-0.0867 0.1017
-0.2371 0.1026

rotated object 13 
-0.6707 -0.0592
0.2239 -0.0856
0.2462 -0.0546
-0.0493 -0.0974
0.2524 -0.0311
0.2442 -0.0027
0.2121 0.0218
0.0096 -0.0031
0.1532 0.0539
0.0638 0.0811
-0.3303 -0.0233
-0.0936 0.1000
-0.2616 0.1001

rotated object 14 
-0.6732 -0.0568
0.2297 -0.0793
0.2478 -0.0561
-0.0464 -0.0942
0.2543 -0.0273
0.2489 -0.0022
0.2184 0.0194
-0.0036 -0.0036
0.1498 0.0502
0.0509 0.0774
-0.3361 -0.0245
-0.1033 0.0965
-0.2374 0.1005

rotated object 15 
-0.6751 -0.0527
0.2347 -0.0735
0.2463 -0.0506
-0.0491 -0.0988
0.2524 -0.0275
0.2441 -0.0041
0.2081 0.0178
0.0129 -0.0029
0.1480 0.0491
0.0602 0.0744
-0.3360 -0.0244
-0.0952 0.0970
-0.2512 0.0963

rotated object 16 
-0.6727 -0.0589
0.2216 -0.0888
0.2437 -0.0589
-0.0386 -0.0974
0.2529 -0.0278
0.2436 -0.0006
0.2160 0.0236
0.0083 -0.0011
0.1506 0.0538
0.0539 0.0802
-0.3353 -0.0223
-0.0850 0.0998
-0.2589 0.0984

rotated object 17 
-0.6688 -0.0632
0.2245 -0.0867
0.2462 -0.0593
-0.0516 -0.0916
0.2586 -0.0289
0.2476 -0.0013
0.2173 0.0224
-0.0152 -0.0012
0.1543 0.0524
0.0568 0.0807
-0.3363 -0.0231
-0.0857 0.1002
-0.2477 0.0995

rotated object 18 
-0.6777 -0.0584
0.2306 -0.0797
0.2400 -0.0625
-0.0400 -0.1022
0.2475 -0.0298
0.2418 0.0012
0.2095 0.0245
0.0027 -0.0020
0.1581 0.0503
0.0586 0.0785
-0.3259 -0.0269
-0.0888 0.1025
-0.2565 0.1045

rotated object 19 
-0.6766 -0.0636
0.2200 -0.0920
0.2417 -0.0641
-0.0391 -0.1022
0.2552 -0.0295
0.2492 0.0050
0.2122 0.0255
-0.0054 -0.0062
0.1497 0.0572
0.0527 0.0829
-0.3290 -0.0250
-0.0892 0.1037
-0.2413 0.1082

rotated object 20 
-0.6666 -0.0624
0.2329 -0.0797
0.2451 -0.0602
-0.0381 -0.0968
0.2520 -0.0352
0.2458 -0.0056
0.2112 0.0200
0.0090 -0.0025
0.1483 0.0525
0.0526 0.0788
-0.3374 -0.0230
-0.0988 0.1060
-0.2560 0.1080

rotated object 21 
-0.6749 -0.0660
0.2229 -0.0853
0.2426 -0.0555
-0.0554 -0.0965
0.2543 -0.0279
0.2478 -0.0016
0.2148 0.0233
-0.0073 -0.0041
0.1543 0.0516
0.0613 0.0805
-0.3362 -0.0222
-0.0854 0.1012
-0.2389 0.1025

rotated object 22 
-0.6758 -0.0628
0.2285 -0.0809
0.2449 -0.0612
-0.0513 -0.0892
0.2539 -0.0309
0.2486 -0.0042
0.2224 0.0219
-0.0091 -0.0013
0.1515 0.0524
0.0520 0.0805
-0.3233 -0.0205
-0.0961 0.0970
-0.2463 0.0992

rotated object 23 
-0.6721 -0.0633
0.2312 -0.0857
0.2481 -0.0594
-0.0383 -0.0978
0.2544 -0.0296
0.2444 -0.0046
0.2141 0.0188
-0.0076 -0.0055
0.1477 0.0573
0.0488 0.0850
-0.3394 -0.0199
-0.0965 0.1013
-0.2348 0.1034

rotated object 24 
-0.6740 -0.0628
0.2309 -0.0787
0.2487 -0.0552
-0.0499 -0.0960
0.2543 -0.0268
0.2489 -0.0036
0.2163 0.0192
-0.0118 -0.0034
0.1522 0.0465
0.0527 0.0733
-0.3299 -0.0243
-0.1044 0.1023
-0.2339 0.1095

rotated object 25 
-0.6721 -0.0548
0.2330 -0.0794
0.2475 -0.0571
-0.0385 -0.0976
0.2533 -0.0328
0.2464 -0.0047
0.2075 0.0233
0.0097 0.0005
0.1473 0.0494
0.0551 0.0772
-0.3336 -0.0286
-0.1070 0.1001
-0.2486 0.1045

rotated object 26 
-0.6732 -0.0553
0.2330 -0.0760
0.2466 -0.0558
-0.0405 -0.0978
0.2541 -0.0282
0.2473 -0.0015
0.2128 0.0204
0.0069 -0.0054
0.1488 0.0479
0.0478 0.0739
-0.3330 -0.0180
-0.0971 0.0963
-0.2536 0.0995

rotated object 27 
-0.6739 -0.0616
0.2235 -0.0877
0.2443 -0.0613
-0.0331 -0.0970
0.2529 -0.0296
0.2501 -0.0029
0.2166 0.0221
-0.0022 -0.0030
0.1462 0.0548
0.0470 0.0816
-0.3318 -0.0226
-0.0902 0.1048
-0.2493 0.1026

rotated object 28 
-0.6729 -0.0537
0.2274 -0.0817
0.2434 -0.0602
-0.0201 -0.0949
0.2539 -0.0312
0.2441 -0.0023
0.2129 0.0232
0.0105 -0.0004
0.1473 0.0518
0.0454 0.0791
-0.3473 -0.0239
-0.0994 0.0964
-0.2451 0.0977

rotated object 29 
-0.6705 -0.0638
0.2272 -0.0813
0.2426 -0.0603
-0.0550 -0.0905
0.2551 -0.0290
0.2513 -0.0017
0.2232 0.0208
-0.0076 -0.0040
0.1527 0.0499
0.0489 0.0803
-0.3354 -0.0229
-0.0904 0.1020
-0.2421 0.1005

rotated object 30 
-0.6707 -0.0614
0.2315 -0.0819
0.2456 -0.0571
-0.0515 -0.0980
0.2528 -0.0260
0.2466 -0.0015
0.2130 0.0210
-0.0076 -0.0044
0.1552 0.0484
0.0582 0.0803
-0.3373 -0.0228
-0.0919 0.1009
-0.2437 0.1023

rotated object 31 
-0.6603 -0.0622
0.2333 -0.0833
0.2476 -0.0598
-0.0586 -0.0968
0.2554 -0.0286
0.2459 -0.0027
0.2149 0.0192
-0.0018 -0.0026
0.1538 0.0520
0.0582 0.0809
-0.3412 -0.0253
-0.0945 0.1038
-0.2528 0.1053

rotated object 32 
-0.6729 -0.0591
0.2303 -0.0866
0.2470 -0.0584
-0.0452 -0.1021
0.2528 -0.0311
0.2455 -0.0016
0.2097 0.0251
0.0029 -0.0043
0.1499 0.0530
0.0498 0.0837
-0.3327 -0.0246
-0.0899 0.1049
-0.2472 0.1012

rotated object 33 
-0.6742 -0.0651
0.2268 -0.0863
0.2460 -0.0603
-0.0483 -0.0931
0.2534 -0.0311
0.2447 -0.0064
0.2100 0.0215
-0.0003 0.0010
0.1548 0.0536
0.0576 0.0822
-0.3238 -0.0212
-0.0893 0.1052
-0.2575 0.1000

rotated object 34 
-0.6647 -0.0596
0.2288 -0.0802
0.2506 -0.0527
-0.0605 -0.0976
0.2603 -0.0268
0.2505 -0.0034
0.2193 0.0203
-0.0125 -0.0074
0.1520 0.0521
0.0512 0.0761
-0.3407 -0.0232
-0.0971 0.0990
-0.2373 0.1033

rotated object 35 
-0.6715 -0.0614
0.2285 -0.0851
0.2462 -0.0585
-0.0363 -0.1000
0.2499 -0.0306
0.2417 -0.0025
0.2131 0.0195
-0.0003 -0.0038
0.1545 0.0539
0.0538 0.0824
-0.3352 -0.0240
-0.0942 0.1043
-0.2502 0.1058

rotated object 36 
-0.6731 -0.0596
0.2260 -0.0828
0.2450 -0.0612
-0.0531 -0.0965
0.2568 -0.0311
0.2477 -0.0029
0.2178 0.0224
-0.0031 -0.0012
0.1494 0.0544
0.0561 0.0824
-0.3219 -0.0259
-0.0936 0.1017
-0.2540 0.1003

rotated object 37 
-0.6689 -0.0587
0.2288 -0.0802
0.2439 -0.0586
-0.0497 -0.1017
0.2538 -0.0299
0.2453 -0.0044
0.2155 0.0187
0.0064 -0.0000
0.1549 0.0507
0.0493 0.0822
-0.3302 -0.0283
-0.0919 0.1071
-0.2572 0.1032

rotated object 38 
-0.6741 -0.0607
0.2272 -0.0798
0.2409 -0.0604
-0.0413 -0.0966
0.2483 -0.0309
0.2393 0.0001
0.2157 0.0194
0.0009 -0.0011
0.1584 0.0528
0.0723 0.0793
-0.3337 -0.0238
-0.1061 0.1018
-0.2479 0.1001

rotated object 39 
-0.6745 -0.0600
0.2288 -0.0779
0.2444 -0.0562
-0.0342 -0.0940
0.2527 -0.0307
0.2428 -0.0016
0.2111 0.0222
-0.0147 -0.0076
0.1503 0.0516
0.0640 0.0775
-0.3495 -0.0279
-0.0887 0.1010
-0.2325 0.1035

rotated object 40 
-0.6675 -0.0618
0.2353 -0.0845
0.2464 -0.0632
-0.0454 -0.0973
0.2540 -0.0307
0.2438 -0.0039
0.2078 0.0238
0.0055 0.0025
0.1529 0.0504
0.0554 0.0811
-0.3333 -0.0207
-0.0991 0.1004
-0.2557 0.1039

rotated object 41 
-0.6642 -0.0583
0.2271 -0.0896
0.2486 -0.0628
-0.0483 -0.1059
0.2550 -0.0298
0.2464 0.0005
0.2176 0.0230
-0.0026 0.0009
0.1498 0.0560
0.0488 0.0855
-0.3364 -0.0307
-0.0936 0.1056
-0.2482 0.1057

rotated object 42 
-0.6668 -0.0540
0.2406 -0.0815
0.2541 -0.0547
-0.0443 -0.0992
0.2552 -0.0290
0.2463 -0.0033
0.2117 0.0202
-0.0063 -0.0053
0.1413 0.0504
0.0508 0.0784
-0.3348 -0.0230
-0.0956 0.0998
-0.2521 0.1010

rotated object 43 
-0.6713 -0.0573
0.2343 -0.0796
0.2505 -0.0560
-0.0439 -0.0971
0.2560 -0.0301
0.2496 -0.0010
0.2130 0.0196
-0.0059 -0.0088
0.1388 0.0511
0.0483 0.0784
-0.3391 -0.0282
-0.0929 0.1015
-0.2373 0.1073

rotated object 44 
-0.6726 -0.0610
0.2266 -0.0842
0.2459 -0.0607
-0.0319 -0.1020
0.2520 -0.0300
0.2407 -0.0004
0.2121 0.0220
0.0027 -0.0018
0.1508 0.0515
0.0587 0.0810
-0.3386 -0.0217
-0.1027 0.1023
-0.2437 0.1051

rotated object 45 
-0.6775 -0.0637
0.2261 -0.0822
0.2425 -0.0585
-0.0433 -0.1021
0.2517 -0.0294
0.2419 -0.0039
0.2111 0.0221
0.0078 -0.0027
0.1573 0.0520
0.0479 0.0812
-0.3331 -0.0238
-0.0911 0.1050
-0.2413 0.1060

rotated object 46 
-0.6774 -0.0602
0.2194 -0.0858
0.2454 -0.0543
-0.0471 -0.0946
0.2563 -0.0244
0.2456 -0.0003
0.2153 0.0201
-0.0033 -0.0007
0.1572 0.0476
0.0554 0.0778
-0.3307 -0.0239
-0.0905 0.1012
-0.2456 0.0976

rotated object 47 
-0.6494 -0.0603
0.2253 -0.0892
0.2484 -0.0612
-0.0550 -0.0973
0.2592 -0.0288
0.2512 -0.0033
0.2221 0.0209
-0.0102 -0.0023
0.1573 0.0515
0.0546 0.0862
-0.3404 -0.0275
-0.0969 0.1059
-0.2660 0.1055

rotated object 48 
-0.6716 -0.0634
0.2327 -0.0856
0.2515 -0.0564
-0.0573 -0.0982
0.2547 -0.0310
0.2469 -0.0018
0.2134 0.0238
-0.0029 -0.0060
0.1447 0.0541
0.0546 0.0796
-0.3283 -0.0173
-0.0911 0.0982
-0.2473 0.1040

rotated object 49 
-0.6791 -0.0549
0.2286 -0.0771
0.2434 -0.0560
-0.0471 -0.0990
0.2520 -0.0261
0.2458 -0.0032
0.2157 0.0174
0.0097 -0.0027
0.1556 0.0496
0.0457 0.0803
-0.3258 -0.0262
-0.0990 0.0997
-0.2454 0.0982

Aligned specimens ('coord. residuales') saved in 
C:/Users/vmc04/Desktop/Wing saga/Wing field landmark repeat/13 landmarks field repeat/APR  field collected/coord_Aug10_Format_ALIGNED.txt


Orthogonal projection of the preshape data to the Kendall tangent space ('coordenadas residuales' proyectadas en un plano tangential al espacio de la forma) saved in 
C:/Users/vmc04/Desktop/Wing saga/Wing field landmark repeat/13 landmarks field repeat/APR  field collected/coord_Aug10_Format_ProcrRes.txt

Centroid sizes 	 tamanhos centroides 	881.64	927.63	1019.39	1007.22	1000.46	1003.47	1046.10	988.15	923.12	1061.41	1064.57	899.10	911.29	887.20	987.34	904.42	926.50	981.53	895.63	867.90	915.96	984.16	1051.46	932.95	989.44	1030.87	977.56	974.77	933.21	989.00	988.51	928.64	915.36	926.95	1076.44	929.74	960.67	979.49	910.69	1099.25	894.01	995.95	894.84	927.50	978.70	952.65	1057.49	898.88	902.14	1003.87
Native, unrounded sizes 
881.64435529910213 927.63072891683009 1019.3871462041074 1007.2160412970762 1000.4553578630698 1003.4731992128449 1046.0965538610672 988.14776222992077 923.12379368183269 1061.4127015807392 1064.5694687741866 899.10151732801478 911.28911227658477 887.20026357768177 987.34383380555244 904.42102176773017 926.50227281883213 981.53333733892748 895.62715456823901 867.89852295867297 915.95633083679286 984.15508471441149 1051.46301006667 932.95321013847877 989.43954609901016 1030.868192723605 977.55715945411623 974.77310969507948 933.21141145055583 988.9965388443751 988.50703277526259 928.64102528703404 915.3587779159011 926.95157951709143 1076.4397157010058 929.73627360748833 960.66867737649682 979.48722848704415 910.68638526536279 1099.2498141215008 894.0051626077061 995.94516376694617 894.84489416623751 927.5003628446317 978.69575692111016 952.65329878834086 1057.4943535037469 898.87836089890823 902.13874082222389 1003.8717356009491


ITERATION 1 : consensus:
-0.67113898708775399 -0.065590216232142923 0.22855289070350138 -0.081812575349276759 0.24628767920433237 -0.056786596921676841 -0.043589708155763011 -0.097995917677186281 0.25430565931682447 -0.027547559094042912 0.2460980824706234 -0.00044581766091016312 0.21367703684624686 0.023214489531214591 -0.00043472692658106516 -0.002832623719268569 0.15071397008708964 0.053197241133963055 0.052814091163336289 0.080984512904302586 -0.33376976142364462 -0.026748807925936285 -0.09519501312334383 0.10121129584170624 -0.24832121307486787 0.10115257516925422


PARTIAL WARPS scores (mdonnees_pw) 

Componente NO UNIFORME:
Las diferencias entre cada objeto y el consenso se proyectan utilizando los eigenvectores arriba 
(se multiplica una matriz 'k . p' de diferencias entre coordenadas (objeto versus referencia) 
por la matriz de dimensiones 'p . (p-k-1)' de los principal warps). 
Resulta entonces una matriz de dimensiones 'k . (p-k-1)' 
(la matriz final tendra 'kp-k2-k' + 2 columnas para el componente uniforme) 

Componente UNIFORME:
Estas diferencias se estiman AQUI de acuerdo a las formulas propuestas por Rohlf, 1996 

0.00038507224371670706 -0.0013888001895022873 0.0011850338835726244 0.00040378987754055644 0.002028302115567491 -0.00089159195096963817 0.0016935785429295983 0.0023744061258317694 9.2901528949695456e-05 -0.00066625097379874993 -0.0014578674697381345 -0.0022287180243281842 0.0016600788412131314 0.0012286989705249281 -0.0027464062137957839 -0.0071794190189603257 -0.0068758003186717553 -0.00051619428614091412 -0.0019608265455513469 0.01007020939396398 0.0080126911796055932 0.012727105571013543
0.0010224916525779922 4.5927382801867586e-05 -0.00043812806315447062 -2.6263723199357309e-05 0.00099577803368165393 0.00048444706679247893 0.0018371557077495148 0.0022467494377608559 -0.0063483946863679168 -0.0014339936240849831 0.0018743919996382155 0.0036441771430675883 0.014718303823867553 0.0034032447135633735 0.0025347152891452528 0.0010395108854854918 -0.0081303857240103711 -0.00030406993739706721 0.00016831703068545024 0.00017572298613108175 -0.0078368494406476797 0.010647981560341628
0.00040696851676030134 0.0010233856649076254 0.0024208072646681135 0.0029099963858207202 0.0038354335290560421 0.00030331072237451746 0.0011263011260946331 0.00085846055542466038 0.0020309115473752387 0.0052380309457221077 0.0063301469078813188 -0.0016779885855489484 0.0049886531687325028 0.0028619978262601469 -0.00033512366183214475 -0.001703666078640074 0.0060300597277158788 -0.0040357376085561093 0.0093071527656821869 -0.0030064164339176848 0.014774080694062068 -0.0074825819368976787
-0.0012754078510682865 -0.0021418955157000816 -0.0020081434646824006 -0.0021578452519476926 0.003284834909468562 -0.0007556009818639114 -0.002225592439107063 -0.00081023009789126096 0.0046725672210474181 0.002162795065152229 0.0021925099379538032 0.00052189158652977507 0.0070843122644815449 0.0032736017749157445 0.0094102278968846986 0.0022155918513577112 0.013755671502432279 0.0027021791163448212 -0.0010542714937539748 0.003383727077367892 -0.00014713049251095377 -0.0094982334966812135
-0.00013362635884378975 -0.00082178093494814303 0.0025682235256909731 0.00106798518500059 0.00024818831653353163 0.0032115797874687217 -0.0053225744510511071 0.0030408649983656275 0.0016987331321886942 0.00334579257243936 -0.0091742147761692504 -5.3834150621316634e-05 -0.0015314848488281335 0.0021257455790170696 -0.0084220118972242308 0.0010406295945815844 -0.0054188760036790722 0.0046493402581451633 -0.020638270032266967 0.0026458893907583599 -0.004270514190480061 0.0074833197200770696
-0.00040359465600217132 -0.0013875280196579869 -7.9571473362015371e-05 -0.00088257651064335067 0.00089255872133049891 -0.00083641565658897445 -0.0036155879686241258 0.0019121558966250247 0.0085174909373131186 -4.9362566479412917e-05 -0.0027729374090672775 -0.0044962041891526226 -0.00010032810019876401 -0.0006929326408970745 -0.016330776919401525 -0.00056845614720423844 -0.0018069540227938045 0.0035744922205873438 -0.0039276471669242499 -0.00066717767150499703 -0.0037879567598333034 0.0048856862814149037
-0.00094714020004224098 -0.00077020366204397868 -0.00065604722449607179 0.00025471808206443763 -0.0024618412244749093 0.0017776149041710278 0.0016197687342494336 -0.0040798993654819343 0.0043218594558530705 0.0044538747342783343 0.0071141080246915518 0.0034196599101926472 5.512115427156513e-05 -0.0012088986276045318 0.0010302242548736336 0.0025866089131272021 0.0046474732272856756 0.0041163496243684537 0.019437368181021365 0.0006686997382543109 0.0087189751848782537 -0.00068542166709713054
0.00077742765414676163 -0.00090927525221995366 -0.0056796623043347946 -0.0011733178286613057 -0.0035126985245784279 -0.003217846562390542 -0.0072697423692996595 -0.0005468268132236342 0.007615233972759562 -0.0019495108452897271 0.0031510097452756985 0.0016075580637235785 -0.005372782129581654 -0.0069841720409228123 -0.0072626968454688814 0.0027039099314367741 0.0077304884489019258 -0.005252369978010903 0.014016907775243065 0.0021194817263860645 -0.008394130444061846 0.0030312417798131434
-0.00081045489663494896 -0.0014751359834569127 0.0021201402169872415 0.0011959537845455876 0.0025726930034425202 0.0012014896612936611 0.00080950898967744667 0.0028311999211567953 -0.0052798259353171425 -0.00089798950906092283 -0.0074427390014810682 0.0010033089813936355 -0.0021148642889412175 -0.0018376694179088541 -0.011613952904297099 -0.0064533301368004956 -0.0040937360462598585 0.0019445191413151575 -0.011443480401087551 0.00099283517848332455 -0.016560107037879031 0.012065283643961545
0.0021131228823133455 0.0019700895663468366 -0.000446747032563512 0.0048617087772728461 0.0093341948187818779 -0.00039773173341552456 0.0021837733304537689 -0.0016690551089031636 0.0024202008880296567 -0.003687867056044054 -0.0028075837690639304 0.00069600720254732852 -0.0019577965744102324 0.0010898685190991286 0.0091006935596996547 -0.0016059378217125097 -0.0043578677890591302 -0.0029646661662098063 0.00031338543602899287 0.0035377511726028513 0.0070293108530924174 0.0026635471346596958
0.00071318511496999085 0.0010939406535600607 -0.0025046190230729099 0.00049080236238612245 -4.6659075317369517e-05 -0.0016858367600078833 0.0039098633917035936 -0.0012712044803426783 -0.0034769160203183794 -0.0033491536625702202 -0.0010260641957605689 0.0017176737660597372 -0.011117580680236222 -0.0033427516077359559 0.012070869572270791 0.003036448630649793 -0.0047246532894272579 0.0022570301440647993 -0.006767293533938545 -0.0043985502288134519 0.0011700432107278297 0.0031971651679690706
0.0006354297453631144 0.0013839139739118989 0.0023113551954097888 0.00097739936096968892 0.0011807052494057812 0.00073040177715613447 0.00085285815115413517 0.0042426730920046016 -0.0021389648176770313 -0.00082979024177949677 -0.00858985100402598 -0.0034511111003373983 0.0062163002032337511 0.0025084717559935056 0.0065259834971766392 2.2690376965742816e-05 0.0012068315650548243 -0.003441746199143979 0.0082117506321142189 0.0023861667482031183 -0.011576312466109987 0.007918444389753726
-0.0002601853274639125 0.0016111715352041531 0.0049213614033726105 -0.0014698188000882035 0.0032244736928509722 0.0010861307307966455 0.006126753871767374 -0.0012308846065504442 0.0026495005525159275 0.0020511431686586748 -0.0057275555545984744 -0.0028243869832030939 0.015397328140172297 0.0077098838225972445 0.0070203596624685751 0.0022931988262447573 0.0027238903317293658 0.0054255271438943863 0.029887577578697359 -0.010497629795722403 0.0034364005844727706 0.0030249932053344514
0.0014373384316576433 0.0035099185993898202 0.001867814378027836 0.0031282646481139509 0.0014815232201966209 0.0015216723403252126 -0.00052071480210525074 2.5434624895343574e-05 0.0063017245365830366 -0.00068368616121786217 -0.0023302633572368945 0.00023593728724061115 -0.013771030889837093 -0.001080935327935327 -0.0084448197440749467 -0.0028182759173135965 0.012570181711618084 0.0017112057975571782 0.00054289169719808506 -0.0013412088814454297 0.0013019550829688313 -0.0020333972722742584
0.0010680751924221363 -0.00049484025104640022 0.0007036180103378864 -0.0006307565860857393 -0.0036730158802756874 0.0010088912325879496 0.0012744026610542489 0.00085817355474760381 0.0024483521164142307 -0.00014480654034772342 0.0079789613232531739 0.0021064102054869534 0.0082660708174923901 0.0007350389486965802 0.00056336157859847432 0.0013235969941426391 -0.008256648748870124 -0.00060127988298994193 -0.0039906050208929076 -0.0015859191862716987 0.00047707373889381772 -0.010104940999737438
-3.3754348672591263e-05 0.00086410821914129283 -0.0032102293476589882 0.00064992304602034786 -0.0014715470137821663 0.0012612358582212194 -0.0027287698920262535 -0.0036165121804623444 0.0091087645342782676 -0.00047020203490248896 0.0065341613220509399 0.002735110751285616 -0.011585608020030898 -0.0061032225637827273 0.0034722557177583211 0.0050057197979751309 0.0064355698907271209 -0.0014386156448749268 0.0049861248059303292 -0.0061986027466659427 0.00028114708823028808 -0.015228900203557747
-0.00053184244672082324 0.00022249830956726945 0.0034288471750494173 0.0016091107637062722 0.00028707363467463863 0.0020765690795658577 -0.0036767952253416534 -8.3283362116323657e-06 0.0020287738067094711 0.0028808419094857171 -0.011622116614499281 -0.0035901840754183822 -0.0025813371916484445 0.0010415141516458373 -0.00065940231514642188 -0.0058007690140186577 0.012495995049504523 0.0029447449488477894 0.0073679175332820382 -0.0017938305523202418 0.00058300941558578248 -0.0012604979926070733
-0.0020820460643395248 0.00020010369083768109 0.0018961083156397694 0.00062813976321175996 0.0014394084858389061 0.00092416895381822444 0.0052076725077527097 0.0018414391148465657 -0.0098333530200177734 0.00062624421279391777 -0.0071805202446828592 -0.0026723927430801434 -0.0014520915756945218 0.0026409436855898832 0.0012367213732201305 -0.0039795614898492856 -0.0030125781546852318 0.0028583459579009088 -0.01212850925271026 0.0045185878123263998 0.0091371958882754487 -0.002469510838933894
-0.00035420608391912618 -0.0015138251961738728 -0.0047302015540813015 -0.0046001708779524805 0.00068932166412362275 -0.0047798244061822651 -0.0038656676978402532 -0.003037388352412837 -0.0072589969747280129 0.002249895788121853 -0.0017905939908454474 -0.00041661358489700304 -0.0095561913668932245 0.00095514073091744185 -0.0083897309436502254 0.0026030362407749629 0.0067872417723860417 -0.0008741339619990024 0.011772030593250223 -0.0046379337936067362 0.0013843290320089618 0.0017083453105458031
0.00010316840155087125 0.0014410604923252766 -0.0015672322694475131 -0.0032954841760379147 0.0026332458841081827 0.00080748327348280629 0.0056749009928052591 0.0022016344136364017 -0.0018867137578869083 0.00082930677584686628 -0.0065712028124860749 -0.0030392148034791302 0.0056979203593903417 0.0065501661162187721 -0.0018134399671270683 -0.0055602464689544773 -0.0059934246823591213 -0.0015127982925747254 0.0070722185317545769 -0.0039249813288401957 0.0068020122000808075 0.013365077287051131
0.00034787158721737578 0.0010435296078696074 -0.0029742801704845914 -0.0016333589628140643 -0.0018150730396478546 -0.0023572088480824142 -0.0025504399809940939 -0.0042935035231412887 0.0046776840363900634 -0.0038189791908076823 0.0014489401292330324 0.0026215744658619556 -0.0016099655182150205 -0.00064235837578632436 0.0018713301220951608 0.003444486496687744 0.010300294671106165 -0.0022651113332313494 0.0027751982814915813 0.0053502048847649097 -0.01200783943623168 0.0033680832982953442
-0.00038268010482717888 0.0010248179575727526 -0.00087824464171337431 0.0028949688162002909 0.00033610156694285236 0.00069288671206662071 0.0038693306776631572 0.0017345809987869346 -0.002967631812362558 3.8750131412442499e-05 -0.00072533281691537299 -0.0015554670846041579 -0.0019645913972746423 0.00044356749386823978 0.0017080444345466592 -0.002322566253994194 -0.0035358368633766281 -0.0031113447182766355 -0.0055675954635775989 0.0023544615221960221 0.019958506234101722 0.000347405983233894
-0.00069570937911959149 -0.0017383395635151891 0.0010631542345487172 -0.0012290394381263207 -0.0059935001403596871 -0.0019628878095222339 -0.00059201585734799044 0.00046150917605038459 -0.0032034054713136581 -0.0018724920492813558 -0.002724915695964327 0.0015704946050955195 -0.0014056089421784969 0.0013168902887384655 -0.0099761990016855959 -0.0053851331365803168 -0.012284060450418285 0.0021407872652591318 -0.0044351914206909003 0.0071553748718967457 0.0033763610027623841 -0.0068390462423451462
-0.00044947641618235456 -0.00042504866513976729 0.0015376142880446893 0.00015777941797916721 -0.0017034803509749421 0.0039202675614397288 0.0033239416719639085 0.0023158214189357251 -0.0048338708544845913 -0.0037941187288785747 0.0058413667445899953 0.0025845418267582358 0.010526808968930868 -0.0024495223235063176 0.0093823096599344579 -0.0056672032140549387 -0.0076787918777809321 -0.00052994347659724708 0.0014159430584077615 0.0022603656749609334 -0.0014187552639898064 0.0041456006535798961
0.0016986897007062198 -0.0011637668577030105 -0.00028755680663528803 0.00060788347720854702 -0.0020991575311592159 0.00043162528628288541 0.0043706110882438002 -0.001436074540569929 -0.0030409560663275303 0.00079245225770539047 0.010601481110492639 0.0014511740707827167 0.0055257071589181646 0.0021791304661475689 -0.0032576536986197255 0.0081802030979922901 -0.016104172235317751 -0.0090377769056884799 -0.0064435333460291528 0.0032228044694320983 0.0033155647058013098 -0.0032346523988180565
0.0015375651681773237 0.0009311573444113362 -0.0032108848770087297 0.0013796865223974118 0.00037557172072595515 -0.0040769195606866161 0.0018201309073399021 -0.0043417519843696609 0.0089012423330580882 0.0016491947431512494 0.01016035300765435 0.0037681066149155389 -0.00090785753516510416 0.0016868225753054074 -0.00075438798142698615 0.0056106183122293521 0.0031511825125482488 0.0021563294484344452 0.0066543725466570308 -0.0022860760646931625 -0.011494107555579839 -0.0040337473877164291
0.00013321001972764737 -0.00025029828354029338 -0.0024571732348435621 -0.0017078144233759645 -0.0007979423515586142 -0.0016777521325898968 -0.0052082733653701294 -0.0019860230055224679 0.0042360393276013554 -0.00025951164235630647 -0.001249370283824201 0.00033831455934137285 -0.0011757634957712104 -0.0029682877819350853 0.00032463534422270675 -0.00067878844897436728 0.0016966055145509855 -0.0067279205172762402 0.0045986279661576349 -0.0034789178627688956 -0.009863228613155731 -0.012782009823382489
0.0021680995042963206 -0.00080033334065662376 -2.002709918735303e-05 0.00033554955352576557 -0.0021922210847792802 0.0016273486945666661 0.0016669864635375712 -0.00010782148924905873 -0.0015688982098877409 -0.0012233878859593498 -0.010926653292702287 -0.002928110115100782 0.0077878213349451891 0.00077346750246485283 0.00012717344050483428 -0.0030700229510830989 -0.0012679154175107546 0.0015975457049053512 0.0075712543401446888 0.0018575295631183845 -0.0041789242039625618 0.0042264768206639715
-0.0017578735474334444 -0.00025346962594834435 0.00014099754371575896 -0.00098998765446011404 0.00051848848081438288 -0.0025345701416966391 -0.00046822484038656312 -0.0017024014607287682 0.0036683670094955099 0.0012640518545490639 0.0020768649412897539 0.00091407412712467186 0.018958285108002453 0.0011568589258222316 0.0097338694716559461 -0.0029528972468633725 0.011630475588571425 0.0050132878839839121 0.01558589327999065 -0.0024539554365191176 -0.012584248744266864 -0.0082382142702476843
-0.001367576561178953 -0.0012224904939024635 -0.0012280075803566973 -0.0020542215473029883 -0.0049725621491754739 -0.001410027854328268 -0.0041050500734935956 0.0026250736897425512 -0.0015801017752818693 -0.0024993111961899733 -0.0043860440360135051 -0.0022686561503949599 0.0045130557719902254 0.0010517406814778249 6.3035093695600238e-05 -0.00038515491168682306 -0.0076510208056864409 0.00010994548877879323 -0.011636121841398899 0.0058694947411869983 0.0091151984082404776 -0.0040685379044823116
0.0004339113165447219 -0.0014515172963791827 -0.0027038848435841424 0.00018432302320278688 -0.00051219829293441073 -0.00015892179027433598 0.0014579527693234905 0.0026986842752997442 -0.0063054647848573555 0.001168015868716514 0.0042718747487341295 -0.00099286088940578007 -0.0028987769777993845 -0.0016641568878825075 0.0025023359613206239 0.001002859341115296 -0.0016503097405137555 -0.0034563099819312948 -0.0071232621405489258 -0.00058851347618190102 0.0076379423570623025 -0.0027361967061498935
-0.0012286628331410392 -0.0010214980156165779 -0.00084313550206163994 -0.0014171614839414508 -0.0013553889700845209 0.0015695704697699876 -0.0024286857495834225 0.000665465443630519 0.00014109408625591249 -0.00029368902067162335 0.0035611179973801849 0.00041632118866852751 -0.0087454315706548026 0.00026057621067395299 0.0036068963369638792 0.0024488945790531059 0.0059827190564159562 -0.00034668584225939049 -0.018131335643014484 0.0022237947029922983 0.0011116301344852441 0.0021035640825031246
0.0013787090445847544 0.0016375822196884858 -0.001669431490513965 0.0020117400601270766 0.001835246629610659 -0.001899684931007752 -0.0043968924437630241 0.00013480189947158883 0.00082907433313762096 -0.00058570615966021915 -0.0015333947892873221 -0.0027425365002936397 -0.0033352916571637321 -0.0020847255680010997 0.004274038482748958 -0.0018038514967289715 -0.0018174267654162343 0.0019738607728745743 0.00366599765975297 -0.0043062671272665201 -0.00044162273253974568 0.0051310185540074564
0.00078563257125188442 -0.00098306906233995637 -0.00065152547293638897 0.0022137308202527114 0.0037776949517785703 0.00082608323546098754 -0.0011981642771897814 -0.0014247708321271332 -0.002651042182610296 -0.00097641650694747762 -0.0056033615460485079 -0.002478605651362804 -0.012946811192523756 -0.001811245461298513 -0.0083149395961494392 -0.0033622775354310618 0.00098799906393458575 0.0037835095816147572 0.0023022125521068096 0.0086135154856673366 0.001860748614550695 0.0020928772253508126
-0.00072911530135600516 0.0005073741133199179 0.0021499015659154712 0.0024375497559827393 -0.00018878887998833281 0.0027209932578122335 0.001611669290095915 -0.00028799539484408233 -0.00061136264248315701 -0.0030524824471954573 0.0041251430066314293 0.0017517382981446798 0.0039433923293254328 -7.7702805531239282e-05 0.005606848351643311 0.0017739021260978322 -0.01098753665969499 -0.0057457755729965016 -0.022068043235785942 -0.0030403316551943691 0.0075712950130044079 -0.0058085653891935358
0.0011837208198411957 0.0013958905445474487 0.0016358479378774597 -0.00033449107009516114 0.00039347320086408679 0.0019079450761277637 -0.00099239282194138988 0.00044037817348912428 -0.0059355358608001625 -0.001080861557825091 0.0014687483308405966 0.00095174809181867385 0.0016633205353582502 -0.0011753338217869447 -0.00059948092409059712 0.00052212076066638919 0.0058783467697341614 -0.00088786510071740235 0.0054456164203817237 9.3405217817332656e-05 -0.0034189813814004938 0.0050343301641623079
-0.001878789956239542 -0.00073392452239650458 0.0011967601201226658 -0.0013574123391319145 -0.0023947542603813088 -0.0011431604002917085 0.00080738176543439124 -0.0010762992601844228 0.0020233907988782126 -0.0010276495373384856 -0.006474495272883218 0.00058446572359723676 -0.0094793939371099652 -0.00019085684984657971 -0.010465386756974841 -0.0015201092142671112 -0.0060529966056814266 0.0050081171059656879 -0.0039475622677733893 0.00017326691197734341 0.0016890903539102701 0.00015924215152720794
-0.0014685461074071828 -0.00092193429253814671 -0.0010222436674559303 -0.0010933524267453178 0.00089892509958578175 -0.00013845258141317318 -0.010143702237707473 -0.0022749499532380628 0.002790108193380542 0.00072470310488022163 -0.0051813555966330966 0.00069789161969537126 -0.0063036862626817784 -0.0051228798210198453 -0.0047861632973672553 0.0069907465309150341 0.0042386584908953332 0.0027716052390326278 -0.0025041729658397205 -0.0012064644073804638 -0.0022732575343153562 0.0031868136834583226
-0.0018564527590354499 0.0007586641228659025 0.001518637393026392 -0.0049189763980642624 -0.004252032592181332 -0.00034065268043748033 0.0080288042844064086 -0.0020088446975866812 -0.0026297107902357379 -0.00029190216356680233 0.015717040223471052 -0.00014759657307801283 -0.0022104513829023231 -0.0014999154871448105 -0.012645582257224914 -0.0002521971536768936 0.011262196019105164 0.0014341096661371882 0.0038578865368448338 0.0012448079892220059 0.0046987436986094316 -0.0028296922355995537
-0.0011752954073451689 0.001345227203936712 7.0922145468601665e-05 -0.00092535409460885003 -0.001875256004464204 -0.002133104125077816 0.015203018656316051 0.00017398945925542405 -0.014215032147776949 -0.0056725766970637127 0.0074838690019946603 0.0015101855276011362 0.010219032450739657 0.0030597600814373598 0.014666839980238492 0.0044286545047400394 0.0022976607362266326 -0.00144724501872631 0.0033896707974703922 -0.0011550243818066954 0.011908769025200161 -0.0046013521739983855
-0.0011007725248951131 -0.0025371416295940936 -0.0037469327247853265 -0.00031789682148190612 0.0021000969747129146 -0.0032990481372024553 -0.0029075382319081727 -0.0019710761385287861 0.0017124495799564277 0.0045343622331207659 0.005135906353957078 0.000746235133671747 -0.0086563763279398458 0.0001228628253620052 -0.00095891158133341783 -0.0036155058843259859 0.0061494384417029122 0.00062815042382158575 -0.00084809081085270043 0.0042494349416355975 -0.0087783241619242332 0.0013573663771983663
0.00051414784545370949 0.00020369502734166647 0.0032571952828816752 -0.0016358876277175374 -0.0010171260466345841 0.0011608009774476034 -0.002733933259684249 -0.0010030636099722121 0.00028338586327572416 0.0047357113497621039 -0.0029283422736934208 -7.1060992219719324e-05 0.0016448070353470515 0.00082929972361996162 0.0029521893712123586 0.0007081163863761552 -0.00082596148621257091 0.0061503715405297624 -0.0087314193503201382 -0.0064007382351738895 -0.0020128676903252429 0.01289081733166191
0.0013928108700162168 0.0011636903070237614 1.1315165473273329e-05 0.0016715671209985457 -0.0050367293250587405 0.00073514493461829266 0.002654586305302512 4.7294879885480284e-05 -0.0033509231760106991 -0.00098479181559661569 0.00032530273531038763 0.00058267149489604937 -0.0071042173320688294 -0.0024353909724011899 0.0093593592871516092 0.0013460872523861544 -0.0051785362121847534 -0.0016113841872915985 -0.0048738291534607091 -0.0052557154534142959 -0.013547689205523471 -0.0060418986821456321
0.0013770430019345225 0.0020040571634613838 -0.00070693206101743759 -0.0014883509530236574 -0.0050756786355075183 -0.00012180176178949076 0.0044645693323589111 0.0018060917134873199 0.0011418227488143272 -0.0043481176736015325 0.00058464278027142279 0.00277361994053548 0.0041466556325498397 0.0028317049623819627 0.014850319832534927 0.0063833166003427685 -0.010997289079818076 -0.003407281793189262 -0.0016338032356002789 -0.0039540664684855507 -0.0021686921829193783 -0.0016350615832887107
-0.0003988819526002545 0.00014699023177814404 0.003261098895379773 -0.0018808663600954321 -9.7062829063773606e-05 -0.0011507862761397781 0.0063042526126880589 -0.00083000014130421378 -3.927263669156999e-05 0.0027897271732018666 0.0096801657455550232 7.2772543568418819e-06 0.0070305304593002837 -0.0012001349049701317 0.00030347461594462774 -0.0016737599801854011 0.0069626669606454869 -0.0025580109773628264 0.008787168757690535 -0.00097522662898271231 -0.0044270066482966471 0.0037569212132925315
-0.0010743716144785314 -0.001091030252055398 -0.00091123382203645042 0.00066835633268524258 0.0049725895313241283 -0.00080808822919306415 -0.0097890865287186338 -0.0019213365306482849 0.0016403519829016424 2.3190095518473963e-05 0.002613429729785185 0.00085646494496709018 0.0033594077120615924 -0.0026397481654304444 0.00037983649106459105 0.001764843750462704 -0.00040291301486977075 -0.0030887755719424849 0.0093565876185522819 0.00040624947553991573 0.0062161682358770889 0.0053633663038323825
-0.0003873839393975993 0.0004491785498890205 0.0032813268320739681 0.0024446699892118565 0.005215489330466166 0.0033569750367555599 0.0007644044480855539 0.0023306653738155276 -0.0019948789480649129 0.0043831358973916365 -0.0033624188100101374 -0.0054577593327390754 0.00087766999816487159 -0.00062095803844165525 -0.0060050697489337813 0.0010836151011313841 -0.0022537450173752941 0.00021819303335330557 0.00092165112624987243 0.00063364161650489206 0.010404530394599862 -0.0068251919432062245
-0.00042100522070137283 -0.0011178866821882827 0.0023952943049791466 0.0012584026131449509 0.00057324550290935175 0.00098488697025057382 0.00057637856901707652 0.0044604043641343653 -0.0043635348642734866 0.0009567577435456346 -0.0086019503572666162 -0.0012990424440069005 -0.00333794067435277 0.0009449330974364927 -0.0055583088100286783 0.0018249451832367718 0.011554698447642132 0.0043391124341346024 -0.030375289192800251 0.00093403991729212085 -0.0077561709498248574 0.0075585668924401384
0.0018797592291140456 0.0025709166590866636 0.001362225422949931 0.0023761286206268168 -0.0033524858385192563 5.1362385692126566e-05 -0.00043399623618762043 4.7938028819626706e-05 0.002637319646650438 -0.0013737758756908278 -0.0010182080870061391 0.00077546089909628587 -0.012119333907610726 0.0004373478529958874 0.0027871109737884659 -0.0072605528229476527 -0.0096809261848525598 -0.0059489386181754682 -0.0061280928489760959 0.00063677258059864226 0.0023013869560703465 0.0002419172263967458
-0.00028859865530012915 -0.0019338555525233025 -0.0016735247497402653 -0.0015997228045963815 0.00077254177210476984 0.0013970293248053124 -0.01206671609949723 0.00056035127339632159 0.0069254432659612234 0.0004204057387518706 0.0029378172099673088 0.0018022486888157165 0.0010620105092218957 -0.0053854797910021165 -0.0081246145875137291 0.0042353302780789633 -0.0054359823039108971 0.0016033216317086394 0.0069465228610147353 -0.0046246879743035083 -7.3753577800738038e-05 -0.0079676471549883152


{partial warps scores - U1 y U2 en las dos ultimas columnas} saved in 
C:/Users/vmc04/Desktop/Wing saga/Wing field landmark repeat/13 landmarks field repeat/APR  field collected/coord_Aug10_Format_PW.txt


Relative warps

-0.0078925577410334704 0.0052407926572949166 0.0081694776495874772 0.012195634786790355 0.002581385699620371 -0.0011146200571158819 0.0053911306564676667 -0.0039284355865261628 0.0084539190228025522 0.0037258602168691339 -0.0026637689865487363 -5.7623022374604421e-05 0.00060878167153070872 -0.00065910546483954034 0.00010233320484672896 -0.0017355510207321639 -0.0007033879037766453 -0.00045214223481454091 -0.00046472592524242725 0.00082115747823863867 -0.00037947219400755682 0.00096991076089808373
0.00040479625180772649 0.010229580688580387 0.016656803767869571 -0.0067844832603232786 0.0060888598611178631 -0.0049521502739409903 0.0043264197320156371 -0.0026971393714612063 -0.00043145487282563827 -0.002421225469367468 0.00089900904265068245 -0.00041605682635722266 -0.0023261925362926656 0.0002098960621568886 -0.00079883319728345236 0.0019509547525000206 0.0027087561337067832 0.00054608523919430865 0.00071010244775888997 -0.00023274327460020094 -0.00015044305024958867 -0.00045175831441697105
... ... ... ...

RELATIVE WARPS saved in 
C:/Users/vmc04/Desktop/Wing saga/Wing field landmark repeat/13 landmarks field repeat/APR  field collected/coord_Aug10_Format_RW.txt


{centroid size AND partial warps scores - U1, U2 last columns - first column is size} saved in 
C:/Users/vmc04/Desktop/Wing saga/Wing field landmark repeat/13 landmarks field repeat/APR  field collected/coord_Aug10_Format_PW_CS.txt
First column is centroid size
