C:/Users/vmc04/Desktop/Wing saga/Wing field landmark repeat/13 landmarks field repeat/APR  field collected/coord_Aug10_Format - {Aligned specimens} - 1 50 26 0	from C:/Users/vmc04/Desktop/Wing saga/Wing field landmark repeat/13 landmarks field repeat/APR  field collected/coord_Aug10.txt - TPS like internal (simplified) format - can be converted to other format by using TET	
-0.67293955320120091 -0.071222331629734639 0.22209591226773151 -0.09038767481525796 0.24501089425004532 -0.064601529862688606 -0.048977993128394293 -0.095511617530498846 0.25517423947648077 -0.031325228337392423 0.24736283961341379 -0.0032295865835873104 0.21461390912021422 0.023977030641950784 -0.0046432067794879416 -0.0019989352019553126 0.15223171069535499 0.05466707899410634 0.053495920033187656 0.086331048998794707 -0.32976257806161169 -0.01926428487301491 -0.092484191797669174 0.10609607328264616 -0.24117790248806481 0.10646995691663134 
-0.66918322801615604 -0.061856788271421929 0.22884547864897967 -0.087366939541347263 0.24713021884077419 -0.061465216980519696 -0.034170866927354444 -0.099646948548385794 0.25462790548005104 -0.031268728512673052 0.2481148707511168 -0.0032507436234897203 0.21465667814794398 0.02148997681779069 -0.0095286951323945088 -0.0047419701543909218 0.15100026815330483 0.054806397684151721 0.043150479711565201 0.084817891324695402 -0.33505427997277759 -0.026824380803604369 -0.10025647442550666 0.1039921926277514 -0.23933235525954663 0.11131525798144323 
-0.68024598145458703 -0.06013997989899366 0.21964213857974288 -0.084400797003041914 0.2428437484207647 -0.053728683093551312 -0.042153693822704813 -0.097142451493388779 0.25135352296369401 -0.025183153937540781 0.2422287019599052 0.0012028415474436519 0.21253750813328973 0.024415434360981002 0.0058379449595672688 -0.002424974911630001 0.15733140917941099 0.048323389971994313 0.060882734854724632 0.075693741068862619 -0.33925921367964013 -0.022966622645905838 -0.092382423469098945 0.095560639179716494 -0.23861639662506798 0.10079061685505405 
-0.66756879224203036 -0.058424219567608369 0.22703571854517021 -0.079899128224616214 0.24386163402933708 -0.059998086337607406 -0.040010033032832758 -0.090529974747378686 0.25569204902931714 -0.028196115858910627 0.24668865705394688 -0.0024059826169889331 0.21187946214960859 0.020337751981675572 0.0083984773113835523 0.00093855878923648154 0.15322662422977082 0.048975801164268487 0.052877444599647598 0.076511330315518655 -0.34994605286023373 -0.025817871820537328 -0.094119179778317144 0.097967120252793208 -0.24801600903476745 0.10054081667015508 
-0.66068956726547501 -0.061765427531909646 0.22445105605098728 -0.090254954111222807 0.24832729722199978 -0.060969726040667797 -0.057742949935503218 -0.096809639061960509 0.25930497010111103 -0.028298506346075995 0.25205968782349791 -0.0030818683878470594 0.22274455983026425 0.019795275240093214 -0.0068261755228723273 0.00066582141360161924 0.15373462941825625 0.052860293662822619 0.045700094981081969 0.085093213983870292 -0.32867268391077797 -0.027702010043330567 -0.096722354838040661 0.10435536607297913 -0.25566856395452919 0.10611216114964786 
-0.67011129855203877 -0.059801636225291353 0.22189005889468655 -0.086854758435306642 0.24314110706052791 -0.062338071192885064 -0.048953185152022606 -0.098368634138988553 0.25617379098305759 -0.029077444068977679 0.25041794877436035 -0.0013235292762414593 0.21884513816936751 0.022722214094249574 0.0042294322432060959 -0.0031799888808417024 0.15423314922049028 0.051831407021484255 0.050660418348395277 0.083845654328998889 -0.3231454767822014 -0.025237075803698036 -0.10349473282556167 0.10647893129807962 -0.25388635038226759 0.10130293127941839 
-0.68315707557672867 -0.060424422308998187 0.22661228442591805 -0.081897068430091063 0.24043211325539315 -0.057694758285067788 -0.03691661460634961 -0.099060606441655388 0.248414499998282 -0.028837692443917602 0.24023231916776203 -0.0041542531659731242 0.21006876271423358 0.020054603261283419 0.01057256658377404 0.0042735457278101083 0.14911608241535024 0.053160290341064863 0.061527270797331418 0.079953952483571775 -0.33390297453745471 -0.028023853198127918 -0.09285820948839052 0.10052467211898297 -0.24014102514912017 0.10212559034111776 
-0.67542337650990769 -0.062094343621498842 0.23280562678345532 -0.078271955432448345 0.24053554254616091 -0.058894009626143419 -0.038014717771093082 -0.10162713209270047 0.24710013682158716 -0.031440752750632579 0.24457760756563943 -0.0051720059905399759 0.21070808061061971 0.019490080835078489 0.015812047974956025 -0.0044495736390919678 0.15043548649853525 0.048712325639925953 0.053641700607704693 0.0823028421426132 -0.32701967904677715 -0.020060830737693429 -0.09964088551128869 0.10571248331000895 -0.25551757056959157 0.10579287196312198 
-0.66138479520991567 -0.061707831058062809 0.22806865265561282 -0.090710402657351002 0.24966068079957346 -0.063569777102141095 -0.043806762343487293 -0.10119739729114197 0.25932199942462697 -0.031045101667672367 0.2484187356219742 -0.0050759009192087997 0.21693032095011686 0.021920745545509528 -0.010489709095607501 -0.0036116175925935854 0.15292310754136187 0.056412161948921236 0.046674071446159267 0.088622434063336863 -0.32351191904283289 -0.020709915539314956 -0.10177858880127855 0.10446899542741686 -0.26102579394630376 0.10620360684230193 
-0.67352893383396462 -0.064998549152845572 0.22378072885593686 -0.084850782253541659 0.24986793333855614 -0.055442965327009402 -0.048419174822165643 -0.096323776929429214 0.25846812702702721 -0.03210385610004083 0.24791990923016782 -0.0055119596411710384 0.20499989963053275 0.024261250606836097 -0.00065061357300727506 -0.0047746061828666661 0.14979587951549042 0.054035190500993764 0.052392421397656007 0.079620621591964688 -0.33665546070077373 -0.022096780706972647 -0.086415511098761055 0.10296848657273903 -0.24155520496669594 0.1052177270213433 
-0.66791841334818081 -0.058148397933380246 0.23591501071348336 -0.080940482464691224 0.25077977036656707 -0.057352156271046478 -0.052325872824252641 -0.10174606034389147 0.25623813779666854 -0.031950951143385135 0.2466475930452029 -0.0038370044907161047 0.20701183893874039 0.022187834435210451 -0.0069764225463910638 -0.0046734371682876068 0.14479285124590069 0.053690771419290607 0.05628594958644334 0.083130908180697349 -0.33653440160426029 -0.027647045286437737 -0.086649120196370125 0.10467499535634393 -0.24726692117355129 0.10261102571029393 
-0.67026693776777013 -0.062573145682878528 0.22715446886816951 -0.089931197280583602 0.24845743336935802 -0.060022108942494691 -0.029815213760494882 -0.097364970498168363 0.25530175361507595 -0.030030639209534981 0.24545668576641488 -0.0010563174252220264 0.21221732424589981 0.021377861571357442 -0.0003782887588303517 -0.0063290541380196979 0.14453767937535725 0.050681708935153696 0.044616809841822293 0.082393736988349606 -0.33525290592917867 -0.022216862463512631 -0.09093892784087805 0.10652312618366641 -0.25108988102494501 0.10854786196188719 
-0.6859075643027025 -0.053919267208743536 0.21560772556113181 -0.087746624581551316 0.24252266067797529 -0.059760797268719149 -0.019534690772083998 -0.10049259050455078 0.25304824761472444 -0.028146617941699269 0.2416315030348937 0.0039168977675884415 0.21024199189900739 0.025413650462627287 0.0076985373730736389 -0.003365952095379435 0.14390201807038774 0.055309157400097203 0.051073978688078836 0.078064051965485506 -0.33646282271125205 -0.033635801291075372 -0.086735840303218181 0.10174008611452252 -0.23708574483001535 0.10262380718139819 
-0.67067146669747035 -0.059152246062598918 0.22389099685509281 -0.085587704877911563 0.24615162672472701 -0.054617935958868623 -0.049295339208755826 -0.097371777320248667 0.25242484947662874 -0.031108892021801837 0.24417240990819961 -0.0026970023741951332 0.21213682313458851 0.021847542797972068 0.0096298984753374183 -0.0031225494404370372 0.1532424592668096 0.053883408170006294 0.063774114123608519 0.081107934886750707 -0.33030759268031068 -0.023250289908029999 -0.093572115803318728 0.10001924949691851 -0.26157666357513765 0.10005026261244458 
-0.67316096433335004 -0.056808836185781288 0.22974034995244752 -0.079343231712492995 0.24776192701009975 -0.056061807872992801 -0.046361604814511043 -0.094163531886727908 0.25433279599638958 -0.027309364155524884 0.24893017576406828 -0.0022424496189790387 0.218352067367551 0.019444569628593224 -0.0035505214486187017 -0.0036235166013269498 0.1497563925670263 0.050247963953051498 0.050928417243936264 0.077400028919410946 -0.3361259141878376 -0.024517965764785453 -0.10325305995208982 0.096509506767024258 -0.2373500611651124 0.10046863453053163 
-0.67507917799359674 -0.052744349227058007 0.23465824501172086 -0.073540968969873902 0.24627069904451823 -0.050594544630079612 -0.04908552767243466 -0.098783626126993179 0.25235635592885269 -0.027515058448411022 0.2440723402271846 -0.0040896114778693283 0.20810111404645382 0.017790425842658851 0.012945769947948806 -0.0029490642062939103 0.14802487935948647 0.049098810704974065 0.060154984719956936 0.074440348198505715 -0.33596098435131566 -0.024410872769911475 -0.095248284604315475 0.096983802444133446 -0.25121041366446001 0.096314708666218496 
-0.67274069176110063 -0.058863062190530648 0.22164966785200943 -0.088781808522672076 0.24373349855977147 -0.058922063320702253 -0.038647167370658528 -0.097426467319328997 0.25288503078615954 -0.027768755830602725 0.24361903718493899 -0.00062846174507805587 0.2159533829214631 0.023577999239765696 0.0082862702746544954 -0.001050576913702399 0.15060574384846517 0.053805642531433516 0.053890415301132012 0.080234654402762326 -0.33533969549743375 -0.022348961928800253 -0.08503800125553472 0.099806145595600221 -0.25885749084386639 0.098365716001855549 
-0.66879282434185006 -0.06320519643281744 0.22454741732723085 -0.086681116966768307 0.24616273147819701 -0.059345840774900932 -0.051599571991889956 -0.091595323416128402 0.25863355978043201 -0.028880584838183912 0.2476478741542848 -0.0012834917014447581 0.21727261779236748 0.022393930274172934 -0.015214050107747248 -0.0012101550694850066 0.15434545233050018 0.052445856652871305 0.056763361046395337 0.080738401049426381 -0.33632650437236206 -0.0230836443512379 -0.0857187409469857 0.10022191255786707 -0.24772132214857293 0.099485253016629444 
-0.67769480315702813 -0.058389913931787295 0.23061210055418496 -0.079683544393133396 0.23995331979599221 -0.062530778997404418 -0.040003946340977641 -0.10216059774343957 0.24752671272017029 -0.029806713740118888 0.24175993293385187 0.0012427055912658713 0.20949916850999734 0.024480578768729097 0.0027497865952335458 -0.0020342148704969912 0.15813405271453917 0.05027310934309058 0.058613342387831377 0.078524515797410974 -0.32587556622749203 -0.026933958405742746 -0.088783421294940448 0.10254141667850968 -0.25649067919136337 0.10447739590311704 
-0.67664768621001437 -0.063578067978212902 0.22003213399647609 -0.091979340261752446 0.24169767881995816 -0.064148590388877727 -0.039140304884166463 -0.10216034036837068 0.25524161161452658 -0.02947064533049237 0.24919865334600258 0.005047438552911441 0.21215994657137749 0.025485584525632213 -0.0053557016859725713 -0.0062481172221282412 0.14967946243570224 0.057238551956078076 0.052680894416623353 0.082948561117999933 -0.32898383887886834 -0.025020909284076884 -0.08921469164720125 0.10368314968717746 -0.24134815789444289 0.10820272499411197 
-0.66659803917516458 -0.062355192868143894 0.23285817166394485 -0.079665582312265684 0.24512534034812189 -0.060173915619742085 -0.038146883700350381 -0.096839995783894725 0.252006125287423 -0.035152029166670103 0.245844520426484 -0.0055908980926215775 0.2112422120451736 0.019977565220005645 0.0089542243587812341 -0.0024696565525293992 0.14834303615916383 0.052469964276635792 0.052607748147478525 0.078843909277028751 -0.3374329295992094 -0.023018242918188252 -0.098802217741869897 0.10595141795735112 -0.25600130821997696 0.10802265658303442 
-0.67486142293152285 -0.065954961741737109 0.22285029641079818 -0.085334078821750953 0.24263764559582582 -0.055505523056402162 -0.055405908030593871 -0.096450001122519738 0.25433416091358307 -0.027855415408152943 0.24776217193868835 -0.0015510441836239426 0.21479420018027495 0.02326101212280185 -0.0072741103358453232 -0.004118074822175001 0.15432269926799597 0.051642105256118245 0.061322962080452563 0.080452819223260821 -0.336217121474366 -0.022245721580987639 -0.085393063926496537 0.10118090698560749 -0.23887250968879412 0.102477977149561 
-0.67581440560446526 -0.062793786563543411 0.22847013503326716 -0.080939002414990302 0.24493200006240165 -0.061208386211979424 -0.051292671576447492 -0.089161735959694524 0.25394113690756182 -0.030904659564271474 0.2486296786198175 -0.0041935332324876534 0.22238320540488435 0.021876410274331237 -0.0090922771208924499 -0.0013286970848526642 0.15149833001185828 0.052411938740853821 0.05204266634042503 0.080517024423189601 -0.32325830500353053 -0.02045595515465182 -0.096094572544395324 0.096977839973102956 -0.24634492053048498 0.099202542774993824 
-0.67209821731884534 -0.063290562400867015 0.23122132064068793 -0.085729217271125216 0.24811598999966053 -0.059439851578195625 -0.038315971809538885 -0.097809030303800434 0.25439599691000131 -0.029606691727704772 0.24444077560443725 -0.0046357403299589657 0.21406381080639106 0.0188189644296827 -0.0075920984249547921 -0.0054581697949870498 0.14768931544302569 0.057322371338659181 0.048811391590696945 0.085030003480136007 -0.3394000351003294 -0.019911034960802675 -0.096530585013868742 0.10129913973509772 -0.23480169332736395 0.10340981938386611 
-0.67403779825387455 -0.062808072756102368 0.23085027148034828 -0.07867713424371868 0.24869506692213636 -0.055163970484029358 -0.049890688645662311 -0.09598823330141909 0.25433805430335354 -0.026778162419573731 0.24893993187670568 -0.0036103128542637735 0.21625664499580688 0.019152167874166154 -0.011845027550858664 -0.0034415907097469769 0.15217087877171628 0.046502033355483988 0.052715454921745009 0.073326420714920265 -0.32993172761378231 -0.024339880149940485 -0.10438702375796473 0.10232671435808208 -0.23387403744966953 0.10950002061614178 
-0.67209709329533107 -0.054800068639837399 0.23303823380594857 -0.079410375704075317 0.24752612756644349 -0.05705815818782696 -0.038527182488714236 -0.097636936868155624 0.25327808220752845 -0.032790445363500183 0.24640841994454987 -0.0046780701308920787 0.20752703287218466 0.023344071273695741 0.0096992606579305082 0.0004750600151490615 0.14730996464374477 0.049365952259034347 0.055075702889068656 0.077237703950254852 -0.33361994544844076 -0.028624418608833059 -0.10698865029396296 0.10006232050013007 -0.24862995306094879 0.10451336550485628 
-0.67315056147619134 -0.055276702683325032 0.23298974191579891 -0.076024804974033147 0.24657055833894606 -0.055751975098812197 -0.040468366767065667 -0.097809713712908586 0.25411348990192351 -0.028234034999430009 0.24732220267024421 -0.0015404071141328583 0.21284279171700188 0.020421835054591705 0.0068508821661172449 -0.0053676629261651381 0.1487713571807559 0.047909653176732105 0.047848606868829476 0.073862302618822873 -0.3329796560328564 -0.018047865525194988 -0.097113841568878131 0.096333337613877815 -0.25359720491462617 0.099526038569977632 
-0.67391838255917502 -0.061644955523923725 0.22347892276714007 -0.087741618609216088 0.24431328455893897 -0.061315433347895638 -0.033119636316411669 -0.096991424642182786 0.25289916296341303 -0.029613340391895025 0.25013996972686875 -0.0029056466442470767 0.2165820952806313 0.022117618604841693 -0.0022452069005821809 -0.0029721500115713916 0.14618085467717418 0.054762153015069238 0.04698358834712691 0.081594552966475539 -0.33181067904334938 -0.022636825730734795 -0.090217485373964026 0.10477658743443595 -0.24926648812781099 0.10257048288084435 
-0.67289240214677692 -0.053688481288996871 0.22740262876143641 -0.081688434889813047 0.24335164614167448 -0.06016424339821852 -0.020057214664533959 -0.094910472037916513 0.25389942652021452 -0.031170258290780087 0.24408774654647636 -0.0022943019363238226 0.21286369179449535 0.023242761990949205 0.010471091648814632 -0.00043387494123445903 0.14733138348820665 0.051795692284611769 0.045372568696419271 0.07906586268597561 -0.34730254954072409 -0.023939707075005198 -0.099392359532961883 0.09644359659840307 -0.24513565771274001 0.097741860298348623 
-0.67053691693738615 -0.063842146774493416 0.22720902926442951 -0.081328056433874668 0.24259732133974904 -0.060254314810057129 -0.05500663232694035 -0.090508358069218489 0.25505822786935489 -0.029038120363457275 0.25129967595965524 -0.0016968863873211195 0.2232225189874314 0.020842977386468165 -0.0075872858796721598 -0.0040430942171883477 0.15274389645317821 0.049893733230537432 0.048910529904864282 0.080304785260247341 -0.33540694608604604 -0.022857884046525442 -0.090405547628537489 0.10198659363498126 -0.24209787092008006 0.10054077158990181 
-0.67072348425986372 -0.061358891466937959 0.23149543095673744 -0.081893572625133693 0.24555349043211824 -0.05709556218605974 -0.051515545945449874 -0.097961267725659218 0.25275453336840803 -0.025975421188828875 0.24655670111291669 -0.0014559472870668338 0.21295298979475111 0.021019412482826936 -0.0076345983675301099 -0.0043955508948322454 0.15523263941480128 0.048417538707210085 0.058194575837640421 0.080276788103326432 -0.33729638254417449 -0.022822518013626739 -0.091889668270312128 0.10089782190390437 -0.24368068153004235 0.1023471701908772 
-0.66028830438140884 -0.062203649916387729 0.23333480591784259 -0.083320304332793999 0.24755038745798 -0.059759124938032607 -0.058625312372721047 -0.096796514847407797 0.25537430160457814 -0.028601124230174118 0.24592009413393195 -0.0026691314021235909 0.21489045024500864 0.019153145052567683 -0.0017629862121713747 -0.002551797268362496 0.15380922355321872 0.05201985335426796 0.058230995235680719 0.080895328500087516 -0.34119103934323691 -0.02528474322449115 -0.094476721023592766 0.10383332191936875 -0.25276589481511003 0.10528474133348142 
-0.67290163724204399 -0.059086097098826514 0.23031936189566959 -0.08659952902205828 0.24702085870652771 -0.05837913186642843 -0.045171826144778188 -0.10211250501883445 0.25278621706917243 -0.031129792625039149 0.24546703889572924 -0.0015500415374867349 0.20970904705670995 0.025067998805134065 0.0028934744548949082 -0.0043182400136469821 0.14993038023338934 0.053045393079677594 0.049757166379828577 0.083656555464198215 -0.33274040792545068 -0.024625834328862332 -0.089851670840284475 0.1048729470907166 -0.24721800253936399 0.10115827707145612 
-0.67417220862705274 -0.065087286085245166 0.2267526070402319 -0.086286283607566683 0.2460359745947811 -0.060294170503468282 -0.048310840959367829 -0.093113112903536549 0.25343579072824512 -0.03112749669800292 0.24467622786288126 -0.0063602712707485094 0.21000883880282847 0.021508466203050872 -0.00025413850993297627 0.00099450977111703565 0.15482195625679471 0.053585601727065363 0.057579106771832214 0.082207220185013363 -0.32378448525142955 -0.021188245393886359 -0.089260003967873022 0.10517640695143619 -0.25752882474193978 0.099984661624771987 
-0.66467976124038952 -0.059573066861917288 0.22878684520687081 -0.08018002223391818 0.2506193846858103 -0.052673750449369949 -0.060462725851529911 -0.097612384874658717 0.26034552866662247 -0.026822032891482002 0.25051879399623528 -0.0034287051760442315 0.21932834979771845 0.020324058835014418 -0.01248836787860285 -0.0073657883974559491 0.15203750641519773 0.052117157270170876 0.051167164351231177 0.076113139222248397 -0.34073430258421311 -0.02321293217105716 -0.097106136779076743 0.099048418218691245 -0.23733227878587393 0.10326590950977839 
-0.67145123378721761 -0.061428320961154637 0.22853447716816064 -0.08507887911400204 0.24619069190499918 -0.058480929817307126 -0.036343316944209558 -0.10001403782905013 0.24988437768949434 -0.030573849415088204 0.24174840416607249 -0.0024690164857270984 0.21307151773235353 0.019524847549834076 -0.00031178737183410208 -0.0038011962977813458 0.15448052376926155 0.053851740962401126 0.053840145426932585 0.0824272155305176 -0.33519997877306251 -0.024020358793125914 -0.094244712664335484 0.10426573519307386 -0.2501991083166144 0.10579704947740987 
-0.67312728357980323 -0.05963785338404979 0.22604917417206244 -0.082824145827268061 0.24501970952662178 -0.061166773942522144 -0.053085895493389844 -0.096483466261178166 0.25679347006605785 -0.031104127015506605 0.24772724888487219 -0.0028997518813238224 0.21780987140983613 0.022405469831318182 -0.0031363982070220548 -0.0012475613617993874 0.1494469211119733 0.05436944052568865 0.056058113432198263 0.08243807446272694 -0.3219478900689049 -0.025931945928790105 -0.093638873356879745 0.10174220069576766 -0.25396816789762289 0.10034044008693691 
-0.668877454882566 -0.058740897397026808 0.22883292190328725 -0.080176068663823277 0.24390209318734121 -0.058563401253918144 -0.049657176015459714 -0.10172348397871647 0.25378555903051209 -0.029862688764186303 0.24532810552670331 -0.0044337243373801819 0.21545548617623042 0.018709515063014728 0.0063617380213164421 -6.1414918006445322e-06 0.15485201956792644 0.050692108574995301 0.049329997803123866 0.082163521570351949 -0.33024859991608202 -0.028341025451842673 -0.091852986402081005 0.10710305617887156 -0.25721170400025178 0.10317922995146082 
-0.67409639661786236 -0.060691699073864881 0.22723559966766577 -0.079800517687553418 0.24094684797187746 -0.06040208423048371 -0.041253551345121424 -0.096638893353177879 0.24834175166209818 -0.030944914352802853 0.23930165436903708 5.9319203814962655e-05 0.2156623645282999 0.01937872772459312 0.00089883269506454597 -0.0011230148113596575 0.1583550084005545 0.052798864215999365 0.072298666792553534 0.0793143115933478 -0.33365988196858731 -0.023847440463492096 -0.10614121602416733 0.10176041243218245 -0.24788968013141269 0.10013692880279683 
-0.67445835115306263 -0.05998989110844289 0.22881006061258707 -0.077922343877836711 0.2443785906768863 -0.056162909702347955 -0.034175576517736846 -0.093959006043141211 0.25268678075482809 -0.030730133966514292 0.24281821792657723 -0.0015722107897364892 0.21109092631835541 0.022231117688322265 -0.014661724019946048 -0.0076280640521580508 0.15027910319753826 0.051630801641230531 0.063978381303571169 0.077512561675592229 -0.34953533198943765 -0.02787217622011471 -0.088743470656212325 0.10098037092030783 -0.23246760645394826 0.10348188383483908 
-0.66752024684714117 -0.0617806072949574 0.23530614198790642 -0.084507467483041554 0.24636827836013914 -0.063190260301764084 -0.045383247457676752 -0.097321664158730392 0.25400989475861269 -0.030707090952493292 0.24378726951074356 -0.003920462151331891 0.20783166728983282 0.023835460018893678 0.0054921972750197239 0.0025271575958973861 0.15286732402316941 0.0503625243306541 0.055372392189711427 0.08111717417936308 -0.33330302358488056 -0.020691359470241345 -0.099103338995358739 0.10035544979938747 -0.25572530851007824 0.10392114588836374 
-0.66417183141101677 -0.058272687951887954 0.22709560983063234 -0.089645185488670259 0.24855299655574672 -0.062828644032556211 -0.048270730621191416 -0.10593037126382711 0.25503383312518668 -0.029780528637766694 0.24641348822357015 0.00046337807614066476 0.21760284299815236 0.0229524364957353 -0.0026140655093654756 0.00088573567126611226 0.14977561899396555 0.056021322414828177 0.048761800355675601 0.085531286437185994 -0.33643257184790631 -0.030659884061751845 -0.093553507233245611 0.10556925687455443 -0.2481934834602042 0.10569388546674925 
-0.66676677089229308 -0.05398570058814791 0.24063209069026389 -0.081506207982842083 0.25406292824212828 -0.054696273634948119 -0.044347208397146717 -0.099166498103250553 0.25520027396932576 -0.028994365252612137 0.24628001375937567 -0.003284695756900869 0.21165525812929759 0.020209784153625412 -0.0062793711319747945 -0.0053248291181775403 0.14127529990938861 0.050436929758695612 0.050778405123322962 0.078444574048927782 -0.33484162928035932 -0.022951487747293393 -0.095599252278036229 0.099790265010923945 -0.25205003784329361 0.10102850521199976 
-0.67130639755542965 -0.057290843791466525 0.23428601101743482 -0.079631357851266363 0.25053525936831184 -0.055964201008383244 -0.043938907524724853 -0.097059056484681952 0.25600988213962061 -0.030105798097272166 0.24963521069281358 -0.00097449568086308697 0.21304409099326646 0.019629305612381874 -0.0059168944620080982 -0.0087720853584786745 0.13875225896301405 0.051136951257851837 0.048274041768582757 0.078384338741000634 -0.33913501073094893 -0.02817799370520158 -0.092891713799915551 0.10148322483818047 -0.23734783087001696 0.10734201152819903 
-0.67262643050617799 -0.061047251965890108 0.22656482198415978 -0.084234657121955367 0.24594350043016805 -0.060705195312845454 -0.031916405729569539 -0.10198850627306978 0.25202859028303887 -0.030043087017115135 0.24074516043331678 -0.00042853535513431607 0.21210231315143932 0.022007858468038623 0.0026749973486159826 -0.0018037737246342637 0.15075230679373919 0.051548074921446495 0.058749294410746292 0.081042780022666849 -0.33856631254325792 -0.021724037261674677 -0.10272172860232683 0.10226019111885053 -0.24373010745389237 0.10511613950131686 
-0.67752976553640099 -0.06366885627810881 0.22609307713627214 -0.082231950546665225 0.24249667653942406 -0.058531070905522078 -0.043279085222073764 -0.10212255310484059 0.25169951785069511 -0.029381572888310944 0.2418994223225685 -0.0039095871275693925 0.21111327313944012 0.022139841382650776 0.0077605633819282302 -0.002717613884632643 0.15732908134823159 0.051972364965547885 0.047874103096320293 0.08123650646906326 -0.33305079781584579 -0.023792819142830809 -0.091134583097437286 0.10501325172534813 -0.24127148314312227 0.10599405933587042 
-0.67738092488537782 -0.06018654936033372 0.21940846502376962 -0.085785337153327146 0.2453663520823168 -0.054259054384499121 -0.047139103516922638 -0.094649406093780711 0.25625597825165009 -0.024394635853773237 0.24564468982913604 -0.00028417153120798683 0.21533196130150681 0.020051137068690408 -0.0033147300910058687 -0.00073990553309295044 0.15722327472802577 0.047587460865077001 0.055440293975494465 0.0777843998909898 -0.33072126243408601 -0.023852808370097373 -0.090513239202240359 0.1011514407161736 -0.24560175506226656 0.097577429739181654 
-0.64944002317158989 -0.060342099767035307 0.22527728546638223 -0.089207026708896256 0.24838923894001663 -0.061186080506860349 -0.055010907486985866 -0.097284807015896313 0.25922428285307247 -0.028825127414985816 0.25120752252077988 -0.0033085886156210124 0.22206414131743163 0.020905835443937912 -0.01024883060262782 -0.0023170490428744387 0.15726237747212982 0.051475545618996657 0.054597289813025855 0.086155671906930353 -0.3404476661534131 -0.027530820600384191 -0.096885952065265069 0.10593469473928531 -0.26598875890295709 0.1055298519634036 
-0.67162579244693765 -0.06341368193364684 0.23268681927937537 -0.085615522441430392 0.25151158926335482 -0.056359439881815042 -0.057286230559805834 -0.098233358195510365 0.25466505614235946 -0.030963298068212543 0.24686360821660044 -0.0018361447493350691 0.21342131917603949 0.02379811677532883 -0.0028642406314734882 -0.0059526383007857545 0.14465413352891549 0.054060620576333103 0.054636229332268277 0.079559373270121095 -0.32828453672781738 -0.017265411115134494 -0.09109426287612836 0.098235475242948511 -0.24728369169675121 0.10398590882113931 
-0.67913026169188828 -0.054894519114386579 0.22864411368018525 -0.077108505639028588 0.24336271833987258 -0.056031614932053941 -0.04707042837867547 -0.098971627714360216 0.25200936111786149 -0.026053571077678458 0.24578893485400594 -0.0032072034462161596 0.21568363581492447 0.017392480318111206 0.0096845615776459046 -0.0027322330975741208 0.15556847912529118 0.049627067107012042 0.045659589591306511 0.0803353372107765 -0.32578458081418105 -0.026227717845297042 -0.098995685566851371 0.099715492121671703 -0.24542043764949675 0.098156616109023834 
