C:/Users/vmc04/Desktop/Wing saga/Wing field landmark repeat/13 landmarks field repeat/APR  field collected/coord_Aug10_Format - {translated and scaled (first one is consensus)} - 1 50 26 0	from C:/Users/vmc04/Desktop/Wing saga/Wing field landmark repeat/13 landmarks field repeat/APR  field collected/coord_Aug10.txt - TPS like internal (simplified) format - can be converted to other format by using TET	
-0.67188979736625387 -0.060118313439228244 0.2279234480102737 -0.083582313237896194 0.24588482838713044 -0.058727085132581583 -0.044487360271783599 -0.097619183913913388 0.25416990442223486 -0.029594349099368214 0.24617553280941457 -0.0024757794205537706 0.21394887113903174 0.021486570816315873 -0.00052869870206680386 -0.0028287776476133802 0.15119824512878877 0.051927476749808979 0.053500794639644737 0.08052033314163709 -0.33413278787498613 -0.024091729677556743 -0.094384697896738506 0.10197016658590606 -0.24737828242469004 0.10313298427504362
-0.67504980049686514 -0.047202008797829313 0.21873463226646539 -0.098242997978476215 0.24255376055076711 -0.073289625490159882 -0.052349732492971444 -0.093706021162418704 0.25389620259091078 -0.040396543573742907 0.24709073736682449 -0.012040438473383448 0.21533189965442187 0.016315666626976061 -0.0047114759243674174 -0.0018322406372540418 0.1540827126376455 0.049208748543392973 0.056537711092409022 0.084370318867838773 -0.33023956247649416 -0.0075034616573258859 -0.088645547021431528 0.10932369135615506 -0.23723153774731504 0.11499491237622683
-0.66928157346738559 -0.060783470865022178 0.22870506500099733 -0.087733850170795949 0.24703132292892349 -0.061861486037253131 -0.03433063702335494 -0.099592017065336477 0.25457742913454007 -0.031677061214786473 0.24810933810115446 -0.0036486667367817238 0.21469086776199495 0.021145682224530282 -0.0095362880620431124 -0.0047266819090126143 0.15108797260036874 0.054564152563689669 0.043286455377273693 0.084748577386156404 -0.33509687007579053 -0.026286985353631619 -0.10008956252944298 0.10415285048631343 -0.23915351974723573 0.11169895669193007
-0.68087666757566823 -0.05252024389146237 0.21868342930669271 -0.086854598734300625 0.2422269869132101 -0.056444170159215303 -0.043238649065815947 -0.096664414403682966 0.25105582101565443 -0.027995704718006508 0.2422269869132101 -0.001509202410674187 0.2127975399050632 0.022034355195843368 0.0058104292810956908 -0.0024901839776124211 0.15786257215652202 0.046558894369299247 0.061726378596574982 0.075007359810508017 -0.33949508228116271 -0.019166870615562458 -0.091306745845789516 0.096588954283149231 -0.23747299931958638 0.10345582525171683
-0.66772016525111877 -0.056668004416828302 0.22682476161452839 -0.080496060182394996 0.24370296778180475 -0.060639347044422746 -0.040248030091197505 -0.09042441675138109 0.25561699566458812 -0.028868606023667295 0.24668147475250082 -0.0030548789443033829 0.21193222676104947 0.019780341164364588 0.0084009170968344874 0.00091646368329100002 0.1533549230040315 0.048572575214424325 0.053078521657271983 0.076371973607585353 -0.35001275504356372 -0.024897263396072827 -0.093861155563722348 0.098214358059354717 -0.24775068238300682 0.10119286503005059
-0.6585462796195336 -0.081501349258225941 0.22705045694296361 -0.083500438957012674 0.25003998847901054 -0.053514093475212507 -0.054821190585957615 -0.098493611697912736 0.26003543697294368 -0.020529113445232387 0.25203907817779714 0.0044595077896010579 0.22205273269599682 0.02644949447625446 -0.0068430378150775165 0.00046132839202773536 0.15208459323846321 0.057435384807447948 0.043134204654589371 0.08642218543985479 -0.32769693447033893 -0.037521375884919141 -0.099800708808657948 0.10141535818075482 -0.25872833986219868 0.098416723632574907
-0.67151385246236717 -0.041164719037932798 0.21939185453736249 -0.092984737789594915 0.24131570862460391 -0.069067806058058484 -0.051666705086716461 -0.096970893078184309 0.25526725213466678 -0.036182024927196056 0.25028455802393029 -0.0082789379070702419 0.21939185453736249 0.016634532646613475 0.0041394689535351175 -0.0032962437963335004 0.15561336991993208 0.047527236133181217 0.052969871238755191 0.082406094908338473 -0.32372180353294261 -0.016251248484249001 -0.10049710737193651 0.10931264310631687 -0.25097446951618613 0.10831610428416953
-0.68430218148030131 -0.045664265495300629 0.22479172241406442 -0.086769457784951168 0.23913074298022141 -0.062871090174689254 -0.039046256003228023 -0.098240674237876968 0.24773415531991583 -0.034193049042374822 0.24008667768463188 -0.009338746727702376 0.21045270184790715 0.015515555586970079 0.010662348626116916 0.0040443391340443027 0.15022881547004691 0.049929204945747326 0.063238757368693263 0.078607246078061729 -0.33443007966606608 -0.020809963180628124 -0.090666730041393986 0.10250561368832366 -0.23788067452060774 0.10728528721037607
-0.67647933235515623 -0.049276342621497618 0.23127964285698147 -0.082672157763081219 0.23937559804281991 -0.063444264196714922 -0.039934855868606949 -0.10088805693121776 0.24645955883042858 -0.036120415444510119 0.24443557003396896 -0.0098085610905351128 0.2110397548923853 0.015491298865210085 0.015724836034032429 -0.0047485890993860733 0.15133208539682674 0.045851130812104381 0.055192617564994891 0.0812709347501476 -0.3273412649658724 -0.013856538683454286 -0.097618536567705985 0.10758278910412254 -0.25346567389509639 0.11061877229881203
-0.66154974216035778 -0.059913624463193982 0.2278217653440506 -0.091328695982838173 0.24948733190932243 -0.064246737776248355 -0.044081095050110694 -0.10107820093721055 0.25923683686369486 -0.031748387928340609 0.24840405358105883 -0.0057497080500144831 0.21698898206141481 0.02133225015657535 -0.010499466873939486 -0.0035831513934872546 0.15307556069386294 0.055997156661010274 0.046914284524030847 0.088495506508918007 -0.32356690374211727 -0.019832326317441185 -0.10149484644808121 0.10474468143287184 -0.26073676070282903 0.10691123808939897
-0.67652942348203171 -0.013189968406398453 0.21661986575123643 -0.1017511848493597 0.24488408376494733 -0.074429107436105604 -0.055658767780846378 -0.092329778844789295 0.25524763036997472 -0.051817733025136835 0.24676836496586141 -0.024495655611882911 0.20625631914620896 0.0084792654041132703 -0.0010146129543384141 -0.0047107030022851756 0.15349644552061517 0.042396327020566518 0.058340244874454709 0.075371248036562727 -0.33735880731749945 0.0037685624018281016 -0.07827014219181512 0.10928830965301586 -0.23278120066676877 0.12342041865987143
-0.66830917035481097 -0.053470514224517186 0.23534252003953071 -0.08259026724138277 0.25037206998371947 -0.059106595453588005 -0.05303696951458884 -0.10137720467161852 0.25600815121279002 -0.033744229922769695 0.24661468249767218 -0.0055638237774160021 0.20716211389417702 0.020737888624914137 -0.0070089728105111448 -0.0046244769059041856 0.14516522037439883 0.052675682256315019 0.056866614452290715 0.082734782144692265 -0.33671972471114919 -0.025290108079163532 -0.085914110017501336 0.10527910706097526 -0.24654242504601731 0.10433976018946348
-0.66989953937309998 -0.066391065460220403 0.22766317679078166 -0.088635494609263329 0.24879538448237243 -0.05860551525805538 -0.029259979880664172 -0.097533266268880467 0.2554687132270852 -0.028575535906847447 0.24545872011001574 0.00034222198690834333 0.21209207638645139 0.022586651135951253 -0.00034222198690839076 -0.0063311067578045296 0.14424656748187059 0.051504409029707043 0.044146636311177524 0.082646609838367149 -0.33512088068000401 -0.024126650077038889 -0.091544381497984259 0.10600326044486214 -0.25170427137109319 0.10711548190231433
-0.68465986097912535 -0.067951077313302327 0.21735903612640212 -0.08331392957544026 0.24369535429006708 -0.054782918231469878 -0.017473134166277656 -0.10087147501788367 0.25357147360144161 -0.022959867117041375 0.24150066110976179 0.008863183997387265 0.20967760999533303 0.029712769210288818 0.0077658374072345406 -0.0032076284942925398 0.14273946799601786 0.058243780554259265 0.04946500783303763 0.07909336576716075 -0.3357036453105634 -0.040517412559484635 -0.088800662526203611 0.099942950980062201 -0.23913714537712497 0.09774825779975671
-0.66882826769207737 -0.077252526123106111 0.22612187219872149 -0.079506808591344902 0.24753755564699012 -0.047946854036001872 -0.046646306458171763 -0.098668209571374663 0.25317326181758681 -0.024276888119494661 0.24415613194463182 0.0039016427334901847 0.21146903615516924 0.027571608649997557 0.0097107552477978306 -0.0028612046712261801 0.15173055074684136 0.058004421971221132 0.061559252017289894 0.082801529121847864 -0.32955875622213998 -0.032166876758330396 -0.096240520759425421 0.097454365165399973 -0.26418456464321516 0.092945800228922404
-0.6752382350155095 -0.020645913497070435 0.22515732077937245 -0.091543201354935225 0.24440087034079289 -0.069261196599606306 -0.051342101866299804 -0.091543201354935225 0.25250341752454897 -0.040902281456460361 0.24845214393267098 -0.015581821507223011 0.21908041039155549 0.0077130016460753691 -0.0037396371617335468 -0.0034280007315890299 0.15223439612556885 0.042148827177038287 0.055003829920497169 0.074559015912062154 -0.33695689009369789 -0.0064664559254975469 -0.097931748172896738 0.10190511265723862 -0.2316237767048703 0.11304611503490301
-0.67361411838924456 -0.068977405304757322 0.23636030744996345 -0.067871725564976865 0.24741710484776683 -0.044652451029590028 -0.046693705933799845 -0.099936438018606327 0.25294550354666834 -0.02143317649420319 0.24410006562842573 0.0017860980411835848 0.20761263421567502 0.02279401309700977 0.01301300001433766 -0.0026366209179376548 0.14680024852775711 0.052647366071078561 0.058345869345330939 0.075866640606465488 -0.33527611801646495 -0.032489973892006446 -0.097554973963694877 0.094663196182730891 -0.25345581727272082 0.090240477223609672
-0.67167422095399232 -0.069990280378765812 0.22308882962958901 -0.085100874719139991 0.24467539297298074 -0.054879686038391697 -0.037029258658279302 -0.098052812725174909 0.2533100183103375 -0.02357916919047388 0.24359606480581128 0.0034040349887656121 0.21553353245940224 0.027149254666496394 0.0083025243628429366 -0.00091327767991267585 0.14969451426205788 0.056291115180075027 0.052554979216795826 0.081115663024975332 -0.33492383279708338 -0.027896481859152261 -0.086678354348079981 0.098384913699688534 -0.26045018926238239 0.094067601031010209
-0.66826367681140109 -0.068574025707749037 0.22523628558179526 -0.084875051247419661 0.24663138160261272 -0.057367070649225471 -0.050862334496376171 -0.09200674992102556 0.25885715075736576 -0.026802647762342979 0.24765019569884214 0.00070533283585114115 0.2170857728119597 0.024138057049127672 -0.01520384112834668 -0.0013322953566076289 0.15391929884573599 0.053683665839780736 0.056113145607712245 0.081191646437974913 -0.33613028144061208 -0.025783833666113608 -0.086520827864405625 0.099530300170104391 -0.24851226916488256 0.097492671977645509
-0.67954101381482124 -0.030060585798178333 0.22708625385823891 -0.089236996126592416 0.23713507825362995 -0.072488955467607252 -0.044232004817319773 -0.10040235656591576 0.24606736660508868 -0.040109410193569395 0.24160122242935933 -0.0088464009634639362 0.2103382131992538 0.015717392003047607 0.0026625090278385561 -0.0021471846998698967 0.16009409122229862 0.043630793101355987 0.061838919356252638 0.076010338375393907 -0.32671562393220166 -0.013312545139193345 -0.084427302398883824 0.10615681156156705 -0.25190770898873488 0.11508909991302577
-0.6771440348681087 -0.058053578905577365 0.21927412856854731 -0.09377204043068843 0.24116608885813132 -0.066119037959634683 -0.039972769597580657 -0.10183749948474574 0.25499259009365827 -0.031552784870817668 0.24923154791218891 0.0030134682179994016 0.21236087795078401 0.023753220071289709 -0.0054065165087637543 -0.006204199272351751 0.15014162239091314 0.056015056287518905 0.053356113742225326 0.082515850322278733 -0.32917708710735022 -0.022335117380466382 -0.088365523921924607 0.10440781061186288 -0.24045703751271968 0.11016885279333224
-0.66571867046561284 -0.071132044138308842 0.23388753592112163 -0.076590819662500129 0.24589684207434273 -0.056939227775411334 -0.036867730078769284 -0.097334166654427248 0.25244737270337236 -0.031828860364131094 0.24589684207434259 -0.0023514725334978039 0.21096067871951801 0.022758894877782376 0.0089859843244381489 -0.0023514725334977732 0.14763888263889829 0.054419792918092257 0.051564433413130613 0.079530160329372462 -0.33710038390929359 -0.027461839944778063 -0.10018952615938902 0.10464052774065258 -0.25740226125609988 0.10464052774065262
-0.67594099706735777 -0.053775139452167262 0.22127531946088005 -0.089338640107306896 0.24159731983524535 -0.059871739564476917 -0.057136085667927668 -0.095435240219616552 0.2537905200598648 -0.032437039059083406 0.24769391994755524 -0.0060184385724082329 0.21517871934857016 0.01938406189554864 -0.0073471847507320812 -0.0039862385349717097 0.15522881824419213 0.048850962438378658 0.062763716540828976 0.079333962999926982 -0.33656359081545362 -0.016179438759590995 -0.08355468615460282 0.10270426343044728 -0.23698578898106248 0.10676866350532035
-0.67481067307681331 -0.072792348190744649 0.22964339796055031 -0.077547627218280735 0.24581134665417309 -0.057575455302629294 -0.049967008858571582 -0.08991135268987456 0.25437084890373801 -0.027141669526398297 0.2486645140706947 -0.0005121069721962698 0.22203495151649277 0.02516639977649875 -0.0090716092217612305 -0.0014631627777034327 0.15070576610345132 0.054649129747222372 0.050844906525193571 0.081278692301424524 -0.32292002503914286 -0.025239557915383834 -0.097519799133932356 0.095544529384032781 -0.24778661640407276 0.095544529384032836
-0.66983324579623815 -0.083935283631286314 0.23374904626198134 -0.078575958055614764 0.24982702298899567 -0.051779330177257075 -0.035289097636729411 -0.098941395243166572 0.25518634856466721 -0.02176710695349671 0.24446769741332428 0.0028857906945923685 0.2133836090744293 0.025394958112412776 -0.0074206046432374623 -0.0056891302264821331 0.14585610682096797 0.061838372026979088 0.046172651113477729 0.086491269675068164 -0.33862692521973792 -0.030342027874571117 -0.099601004544787791 0.098281785941545408 -0.23787160439711319 0.096138055711276829
-0.6748964435492748 -0.052788236973846075 0.22965604126766004 -0.082097758828249559 0.24784815828073817 -0.058852275978205353 -0.051311099267655848 -0.095236510004361466 0.25391219728509751 -0.030553427291195159 0.24885883144813151 -0.0073079444411510257 0.21651729009154835 0.015937538408893115 -0.011894845739320172 -0.0032652517715781311 0.15284488054577522 0.044236387095903398 0.053798910141239255 0.072535235782913668 -0.33025689346818576 -0.01943602244986968 -0.10285543080471045 0.10386610397210357 -0.23222159623104316 0.11296216247864255
-0.67224889165418877 -0.052905368429661412 0.23281346897114782 -0.080066939809628618 0.24736431078184457 -0.057755649033226983 -0.038802244828524568 -0.097527949982464668 0.25318464750612302 -0.033504246015399156 0.24639425466113132 -0.0053726185147188266 0.20759200983260673 0.02275900898596156 0.0097005612071312877 0.00044771820955986311 0.14744853034839359 0.048950524245215607 0.055293198880647633 0.077082151745895916 -0.33369930552531152 -0.027683909291120523 -0.10670617327844262 0.1003634986430107 -0.24833436690255731 0.10521377924657631
-0.67231952922095883 -0.064603737533989569 0.23402133425832511 -0.072787402215518146 0.24731978936580909 -0.052328240511696836 -0.03910847448768924 -0.098361354345294791 0.25448049596214656 -0.02470837221153804 0.2473197893658092 0.0018885380034296673 0.21253921446931284 0.02337065779244208 0.0069246393459087129 -0.0052721685929078502 0.14809285510227588 0.049967568007409785 0.046820004668360365 0.074518562051995307 -0.33269744493752512 -0.022662456041155864 -0.098440043428770968 0.094977723755816618 -0.25495263046300409 0.096000681841007782
-0.67313494763832671 -0.069680909585538423 0.2245098389250926 -0.085069105926625671 0.24502743404654206 -0.058396232268741154 -0.031960100093027244 -0.097379662999495298 0.25323447209512212 -0.026593959830494292 0.25015683282690454 7.8913827390223224e-05 0.21630280087651263 0.02470002797312975 -0.0022095871669254117 -0.0029987254408271849 0.1455170977075117 0.056502300411376633 0.046006761368481225 0.082149294313188612 -0.33151698886619119 -0.026593959830494261 -0.091461125945231092 0.1036927691907106 -0.25047248813646533 0.099589250166420687
-0.67319233511543342 -0.049786723449212936 0.22692524777431006 -0.083005348532048648 0.24299877604019821 -0.061573977510864283 -0.020607087520369508 -0.094792602593700107 0.25371446155079042 -0.032641626632265441 0.24407034459125743 -0.0037092757536664922 0.2129948566105401 0.022008369471754715 0.010468400460347759 -0.00049457010048883769 0.14762917499592779 0.050940720350353567 0.045830162645301931 0.078801502677893209 -0.34743549559343107 -0.021925941121673294 -0.098831591747692557 0.09701816804589998 -0.24456491469174624 0.099161305148018367
-0.66983200895284523 -0.070856590821649176 0.22804777638756876 -0.078945597896788053 0.24321466465345412 -0.057711954324548516 -0.054056345357899209 -0.09107910850949627 0.25534817526616266 -0.026367051908385297 0.25130367172859297 0.0009333469702083202 0.22299214696560696 0.02317811642684026 -0.007544554675850643 -0.0041222824517534711 0.152213335058142 0.051489641189826289 0.048067368965729003 0.080812291837204647 -0.33514934121897472 -0.026367051908385265 -0.091468003080416346 0.10103480952505184 -0.24313688573927003 0.098001431871874822
-0.66806263738009652 -0.085599173106360685 0.23430828202113799 -0.073459654011276812 0.24745942770747897 -0.048168989229852015 -0.047935536939562005 -0.099761945383958536 0.25352918725502088 -0.016808564900885403 0.24644780111622211 0.0074704732892824002 0.21205249701348433 0.028714631705679148 -0.0074704732892823707 -0.0046690458058015021 0.15337815472057909 0.054005296487103886 0.055250375368651086 0.08233084104229961 -0.33624911544780389 -0.03501784354351118 -0.095481986728640306 0.097505239911154382 -0.24722597541718885 0.093458733546126452
-0.65969020098593112 -0.068255239278303306 0.23408896383553998 -0.081177347685360682 0.24808791460985219 -0.057486815605755338 -0.057735317690506535 -0.097329983194182471 0.25562581118063593 -0.026258386955366694 0.24593422987534261 -0.00041417014125187315 0.214705801224954 0.021122677203843847 -0.0017395145932578029 -0.0025678548757614422 0.15332578629143118 0.05342794822148738 0.057486815605755491 0.081425849770111774 -0.34094486027851495 -0.028412071689876209 -0.095424800544423941 0.10296269711520743 -0.25372062853087735 0.10296269711520743
-0.67220384744507677 -0.066556500459620083 0.23126703190009384 -0.084035985428813256 0.24765404905871244 -0.055631822353874302 -0.044034856364698109 -0.10260793820858098 0.25311638811158527 -0.028320127089510077 0.24546911343756342 0.0011765037960034194 0.20941767568860253 0.027395731249793061 0.0029412594900085952 -0.0042858352568695005 0.1493319461070011 0.054707426514157415 0.048824907534140503 0.084204057399670781 -0.33244635835638497 -0.028320127089510091 -0.091010972219404671 0.10386847799001306 -0.24832633694214296 0.098406138937140272
-0.67450208084924146 -0.061574870077526704 0.22630009528492612 -0.087466190110125533 0.24571858530937535 -0.061574870077526767 -0.048795180061436259 -0.092860215116916958 0.25327022031888335 -0.032447135040853073 0.2446397803080172 -0.0076346200096124653 0.21011802026455195 0.020414310025703 -0.00024895500031344559 0.00099582000125381315 0.15509896519527944 0.052778460066451503 0.058006515073033872 0.081906195103125259 -0.32389045540779904 -0.019501475024553565 -0.088710965111692922 0.1056399051330075 -0.2570045453235853 0.10132468512757432
-0.66358355408924741 -0.070746039042467651 0.23010327850176357 -0.076319969391268186 0.25147001150549886 -0.048450317647265762 -0.058812111244394852 -0.098615690786470103 0.26075989542016625 -0.022438642686196789 0.25054102311403204 0.00078606710047183712 0.21895541780416261 0.024010776887140504 -0.01236269167105754 -0.007574828422728835 0.15113926522709004 0.054667393805543148 0.049879530557214578 0.076963115200745127 -0.34029559385881919 -0.028941561426464046 -0.098758612077464933 0.097400859813013566 -0.23903585918894388 0.099258836595947031
-0.67033070228889646 -0.072642601408251128 0.22992458919536446 -0.081247192007861874 0.24713377039458592 -0.054357846384078638 -0.034666571742661981 -0.10060752085698564 0.25036049186943993 -0.026392926935344157 0.24175590126982904 0.0015719925133903538 0.21271540799614322 0.023083469012416907 -0.0002482093442194483 -0.0038058766113661605 0.15355884762382033 0.056426257585908086 0.052454908078395528 0.083315603209691294 -0.3347516689040822 -0.029619648410198016 -0.095974279764887607 0.10267593205881519 -0.25193248438283017 0.10160035823386383
-0.6724482802584657 -0.066860480354348495 0.22692527104697463 -0.080392721288342392 0.2456622200325044 -0.058532947471890778 -0.052047080515361187 -0.097047787053258061 0.25711257774588397 -0.028345640772981261 0.24774410325311882 -0.00024021729468625536 0.2175567965542094 0.024742381352687148 -0.0031228248309218077 -0.0012811589049934776 0.14885465027393266 0.055970629661903734 0.055169905346282702 0.083035111529891542 -0.32165095758493178 -0.029386582383288392 -0.094725686537957265 0.10073111890511435 -0.2550306945252695 0.097608294074192567
-0.66950258430848419 -0.051125651892647957 0.22790574776108169 -0.08277486496904897 0.24321988312063059 -0.061335075465680559 -0.050811515782708407 -0.10115182740050771 0.2534293066936632 -0.032748689461189202 0.24526176783523712 -0.0072251305286077571 0.21565443947344257 0.016256543689367294 0.0063612562262741626 -7.8534027484876778e-05 0.15541884039255027 0.048926699123071682 0.050261777590314416 0.081596854556776011 -0.33054972168380164 -0.024581150602763065 -0.09062826771753546 0.10814135584666078 -0.25602092960066369 0.10609947113205419
-0.6721895221651657 -0.079061245632897098 0.22932829262106391 -0.073570881352834794 0.24250516689321316 -0.053805569944610464 -0.038601484245976515 -0.097728484185108919 0.24909360402928793 -0.024157602832274111 0.23921094832517606 0.0065884371360746949 0.2150533454929017 0.025255675688286568 0.00092913857047202718 -0.0010980728560124596 0.15685548412424133 0.057099788512647895 0.070107728499257005 0.081257391344922075 -0.33288500965731577 -0.032942185680373784 -0.10887814703077388 0.09882655704112138 -0.25052954545638118 0.093336192761059061
-0.67416606630875575 -0.063189947880092079 0.22917727498040019 -0.07683561768808532 0.24464236742945925 -0.055002545995296109 -0.033729296653603899 -0.094120132778210144 0.2528297693142551 -0.029530629020375249 0.24282294478839336 -0.00041986676332289482 0.21098304856974248 0.023232627570532141 -0.014625358922413343 -0.0076975573275860094 0.15003239009403921 0.052343389827584484 0.063609814643414836 0.077815306802505341 -0.34939912487851543 -0.029530629020375211 -0.089221687206110026 0.10055808981582744 -0.23295607585030598 0.10237751245689326
-0.66786742185617953 -0.057907082570111838 0.23481192917360405 -0.085871126901889638 0.24599754690631476 -0.064618453209738552 -0.045947075917443951 -0.097056744634600636 0.25382747931921273 -0.032180161784876544 0.2437604233597728 -0.0053346792263698518 0.20796644661509747 0.022629365105407757 0.0055067656530270962 0.0024952531865277696 0.15315691972481316 0.049474847663914329 0.055842045450226717 0.080794577315505295 -0.33341745164811842 -0.018757420505623294 -0.09851947926118608 0.10092868923438522 -0.25511812751914098 0.1054029363274695
-0.6633049776724157 -0.06742725262086853 0.22831037657192135 -0.086504608173393754 0.24939587481418607 -0.059394681861910534 -0.046805171922389831 -0.10658603507078873 0.25542030288340456 -0.026260327481208816 0.24638366077957694 0.0038618128648835789 0.21726559177835411 0.025951382452018053 -0.0026260327481209579 0.00084959883027444622 0.14898874032721118 0.058081665487850077 0.047577534495366489 0.086195663144203113 -0.33597771924487757 -0.035296969585036544 -0.095000596476137802 0.10426894735185847 -0.24962758358607914 0.10226080466211901
-0.66672491345136953 -0.05450020566376592 0.24069491460338249 -0.081320496148142907 0.25410505984557097 -0.054500205663765858 -0.044270671793122246 -0.099200689804394074 0.25522257194908654 -0.028797427282904704 0.24628247512096102 -0.0030946489020435021 0.21163959991197409 0.02037310527178629 -0.0062752602735881525 -0.0053296731090749106 0.14123633739048463 0.050545932066710375 0.050717857005712581 0.078483734654602927 -0.33482381870720546 -0.023209866765326184 -0.095676228554844672 0.09971646462140131 -0.25212792304704318 0.10083397672491702
-0.67111729913771345 -0.059465039975499352 0.2345427239201007 -0.078872040469595367 0.2507152243318474 -0.055152373199033572 -0.04362428316194223 -0.097200874269574813 0.25610605780242945 -0.029276372540238883 0.24963705763773081 -0.00016587179909484482 0.21297939003777167 0.020319295389117614 -0.0058884488678667682 -0.0087912053520263454 0.13858588814373682 0.051586129518494589 0.048019885837955432 0.078540296871405665 -0.33904195734984838 -0.029276372540238838 -0.093219951091298797 0.10118179744785112 -0.23769428810290247 0.10657263091843328
-0.6727163275498762 -0.060048519014850421 0.22643950691333031 -0.084570950863847055 0.24585309879378589 -0.061070287008558724 -0.032067795494841539 -0.10194100675688621 0.25198370675603482 -0.030417247197312997 0.24074425882524472 -0.00078597537977557791 0.21213475500141543 0.021692920481804576 0.0026723162912367124 -0.0018077433734837378 0.15082867537892411 0.051324192299342097 0.058869555945187162 0.080955464116879691 -0.33859819360729837 -0.021221335253939256 -0.10256978706070664 0.10241259198475167 -0.24357377019243681 0.10547789596587617
-0.67552220976609667 -0.082280316967684938 0.22826933863360677 -0.075982118024133058 0.24401483599248663 -0.051839022073850605 -0.040453816291276049 -0.10327431344619147 0.25241243458388946 -0.022447427003941527 0.24191543634463611 0.0027453687702662355 0.2104244416268764 0.02793816454447394 0.0078323756092889499 -0.0025031303493603814 0.15584005078275959 0.056280059790457734 0.045621569270600716 0.082522555388590837 -0.33227036734251586 -0.032944425243194762 -0.093988507311467337 0.10246685204317195 -0.24409558213278856 0.099317752571396009
-0.67947262239061734 -0.028005241368203381 0.21509480188513602 -0.096090711291939385 0.24251811615997426 -0.065830502436945604 -0.051573288649496535 -0.092308185185065117 0.25481132600731538 -0.036515925108670355 0.24535501074012983 -0.011929505413987943 0.2160404334118548 0.0098200197005388346 -0.0033460807868503084 -0.00058192709336527633 0.15930254180874129 0.040080228555532636 0.059065599976574408 0.075068595044119196 -0.33148022055818904 -0.0081469793071136665 -0.085616023611364694 0.10532880389911302 -0.24069959399320773 0.10911133000598726
-0.64995531614146218 -0.054512381353800057 0.22446778067663661 -0.091224801449216422 0.24783022982826508 -0.063412361982991841 -0.05588160914290654 -0.096787289342461322 0.25895520561475499 -0.031149932202171462 0.25116772256421216 -0.0055624878932449039 0.22224278551933876 0.018912458837032704 -0.0102692084182982 -0.0022249951572979299 0.15771792595769787 0.050062391039204124 0.055368148721991632 0.085662313555971495 -0.3406809892770456 -0.024474946730277544 -0.095931521974269865 0.10679976755030215 -0.26503115392891508 0.10791226512895113
-0.66883793820303172 -0.088081283804657295 0.23567925308429102 -0.076996514303587171 0.25341488428600317 -0.047067636650697811 -0.053633230893639292 -0.10027453025583445 0.25563183818621732 -0.021572666798236446 0.2467640225853612 0.0072477339045459123 0.2124012371320439 0.031634226806900145 -0.00264329118871675 -0.0060539894967382929 0.14256718927530193 0.059346150559575539 0.05167207936652686 0.081515689561715815 -0.32742703757007158 -0.029332005448985586 -0.094646878047598915 0.094817412963000003 -0.25094212801268778 0.094817412962999975
-0.67967616589906443 -0.047661620652673917 0.22781028649581966 -0.079538202954140796 0.24275243444963202 -0.058619195818803198 -0.048121379051252869 -0.098464923695636725 0.25171772322191954 -0.028734899911178034 0.24574086404039452 -0.0058236063819987541 0.21585656813276938 0.015095400753338898 0.0096549263701558325 -0.0028351767912361829 0.15608797631751919 0.047968126251726563 0.046512224656226897 0.07984470855319338 -0.3260453309921667 -0.022758040729652949 -0.097928538897294734 0.10076371568853093 -0.24436158884465789 0.10076371568853099
