consensus aligned to its principal axes - from coord_Jul28_Format.txt
-0.3583820001246712 -0.13413844385748819
-0.066890916022880914 -0.1318872603950163
0.28452499228370848 -0.026447053387899721
0.30148824188918383 0.0023984854825794028
0.30775949206409159 0.031496619003689483
0.29844870192129969 0.061929760821389089
0.25538974795008046 0.088861866711074544
0.17729434785370596 0.11343831520859363
0.069918321205440823 0.12731743173882804
-0.098581565755601411 0.13367021462166603
-0.37133550822340944 -0.026193624388357879
-0.21149516345049579 -0.013498493721802623
-0.2079156738257199 -0.039697151461915714
-0.14172200714328964 -0.023092069471551287
-0.1397517752635381 -0.05171687941066648
-0.13620354569765758 -0.079760248443155421
0.0034262139591992903 -0.069300902059544714
0.034028096380554332 0.036619433009578817