1 20 36 0	from C:/Users/vmc04/Desktop/Lab reared wings for landmarking/18/SJU/SJUMA/coord_Jul28.txt - TPS like internal (simplified) format - can be converted to other format by using TET	
636.000	412.000	860.000	360.000	1166.000	388.000	1184.000	406.000	1192.000	423.000	1189.000	449.000	1160.000	474.000	1103.000	507.000	1014.000	540.000	886.000	578.000	650.000	500.000	770.000	483.000	770.000	460.000	828.000	463.000	824.000	441.000	821.000	414.000	933.000	400.000	974.000	474.000			
446.000	472.000	664.000	427.000	961.000	438.000	982.000	458.000	990.000	476.000	986.000	503.000	954.000	536.000	898.000	571.000	814.000	600.000	682.000	635.000	459.000	556.000	584.000	534.000	583.000	518.000	631.000	517.000	628.000	496.000	625.000	473.000	734.000	460.000	769.000	535.000			
548.000	420.000	761.000	342.000	1045.000	326.000	1062.000	338.000	1078.000	362.000	1081.000	385.000	1055.000	419.000	1003.000	458.000	934.000	495.000	808.000	541.000	562.000	492.000	678.000	465.000	673.000	444.000	725.000	440.000	717.000	420.000	706.000	400.000	820.000	375.000	874.000	443.000			
560.000	438.000	783.000	507.000	1020.000	667.000	1027.000	699.000	1025.000	726.000	1012.000	748.000	975.000	752.000	906.000	752.000	818.000	740.000	687.000	708.000	518.000	521.000	645.000	574.000	658.000	551.000	708.000	586.000	720.000	558.000	727.000	536.000	821.000	570.000	814.000	663.000			
676.000	471.000	909.000	495.000	1184.000	605.000	1191.000	623.000	1190.000	647.000	1182.000	669.000	1145.000	686.000	1085.000	699.000	991.000	703.000	862.000	696.000	652.000	550.000	787.000	575.000	788.000	556.000	842.000	574.000	846.000	551.000	849.000	529.000	974.000	551.000	988.000	639.000			
697.000	496.000	925.000	417.000	1236.000	405.000	1252.000	420.000	1265.000	440.000	1261.000	466.000	1238.000	495.000	1186.000	536.000	1105.000	578.000	978.000	623.000	719.000	578.000	848.000	547.000	843.000	528.000	901.000	520.000	898.000	498.000	893.000	471.000	999.000	448.000	1055.000	517.000			
681.000	545.000	930.000	474.000	1206.000	470.000	1228.000	486.000	1237.000	510.000	1231.000	540.000	1209.000	568.000	1165.000	596.000	1085.000	633.000	962.000	680.000	703.000	626.000	850.000	599.000	845.000	579.000	896.000	579.000	886.000	547.000	884.000	527.000	1000.000	504.000	1041.000	578.000			
598.000	555.000	836.000	457.000	1145.000	427.000	1164.000	443.000	1177.000	466.000	1175.000	494.000	1151.000	524.000	1101.000	567.000	1026.000	612.000	897.000	676.000	626.000	641.000	751.000	600.000	744.000	578.000	806.000	569.000	800.000	549.000	793.000	524.000	899.000	487.000	961.000	555.000			
671.000	523.000	879.000	531.000	1122.000	619.000	1137.000	641.000	1141.000	662.000	1136.000	687.000	1099.000	709.000	1043.000	725.000	971.000	730.000	852.000	731.000	650.000	603.000	764.000	614.000	770.000	595.000	826.000	611.000	827.000	589.000	831.000	570.000	918.000	577.000	944.000	656.000			
659.000	422.000	836.000	548.000	1009.000	755.000	1005.000	791.000	997.000	815.000	981.000	826.000	945.000	827.000	883.000	807.000	802.000	766.000	695.000	701.000	586.000	478.000	692.000	560.000	707.000	548.000	741.000	584.000	755.000	568.000	768.000	554.000	845.000	611.000	821.000	692.000			
771.000	365.000	1003.000	391.000	1253.000	490.000	1267.000	518.000	1270.000	536.000	1260.000	561.000	1224.000	581.000	1167.000	598.000	1077.000	602.000	949.000	598.000	764.000	457.000	878.000	473.000	884.000	452.000	927.000	469.000	931.000	447.000	934.000	426.000	1043.000	443.000	1060.000	525.000			
906.000	472.000	1111.000	572.000	1325.000	773.000	1324.000	798.000	1316.000	823.000	1301.000	835.000	1261.000	839.000	1199.000	828.000	1117.000	803.000	989.000	746.000	866.000	550.000	971.000	611.000	983.000	593.000	1027.000	628.000	1037.000	612.000	1050.000	594.000	1130.000	635.000	1117.000	725.000			
474.000	616.000	706.000	555.000	994.000	572.000	1012.000	593.000	1020.000	612.000	1015.000	635.000	988.000	662.000	940.000	690.000	857.000	722.000	730.000	756.000	492.000	693.000	617.000	673.000	617.000	653.000	672.000	654.000	669.000	632.000	669.000	609.000	756.000	591.000	798.000	662.000			
572.000	385.000	790.000	439.000	1041.000	583.000	1051.000	611.000	1051.000	632.000	1040.000	658.000	998.000	670.000	934.000	670.000	849.000	658.000	719.000	628.000	531.000	456.000	644.000	490.000	650.000	473.000	705.000	501.000	711.000	479.000	718.000	463.000	839.000	503.000	848.000	590.000			
727.000	456.000	945.000	542.000	1198.000	728.000	1209.000	761.000	1213.000	789.000	1196.000	811.000	1149.000	822.000	1064.000	815.000	988.000	795.000	846.000	741.000	671.000	521.000	793.000	585.000	805.000	566.000	848.000	595.000	855.000	577.000	867.000	558.000	990.000	617.000	976.000	703.000			
744.000	454.000	988.000	508.000	1252.000	645.000	1261.000	674.000	1261.000	699.000	1250.000	721.000	1208.000	737.000	1144.000	745.000	1060.000	739.000	920.000	717.000	709.000	538.000	846.000	576.000	851.000	557.000	905.000	580.000	910.000	561.000	916.000	539.000	1040.000	571.000	1038.000	655.000			
576.000	375.000	803.000	420.000	1086.000	579.000	1092.000	603.000	1093.000	623.000	1082.000	648.000	1044.000	663.000	972.000	665.000	890.000	660.000	733.000	630.000	543.000	456.000	675.000	491.000	680.000	474.000	737.000	502.000	745.000	477.000	751.000	457.000	864.000	482.000	867.000	581.000			
480.000	651.000	679.000	581.000	970.000	561.000	987.000	579.000	1001.000	598.000	1005.000	626.000	986.000	653.000	935.000	696.000	854.000	740.000	731.000	790.000	494.000	744.000	610.000	710.000	602.000	684.000	653.000	682.000	646.000	659.000	645.000	635.000	754.000	605.000	818.000	677.000			
429.000	502.000	635.000	561.000	863.000	711.000	869.000	732.000	868.000	757.000	857.000	779.000	815.000	791.000	747.000	797.000	677.000	784.000	566.000	756.000	413.000	591.000	516.000	627.000	522.000	608.000	558.000	625.000	563.000	606.000	571.000	584.000	681.000	629.000	678.000	714.000			
459.000	701.000	685.000	609.000	990.000	572.000	1005.000	584.000	1019.000	607.000	1028.000	630.000	1008.000	664.000	954.000	711.000	876.000	754.000	760.000	816.000	504.000	784.000	620.000	745.000	613.000	721.000	660.000	713.000	654.000	691.000	650.000	667.000	760.000	628.000	818.000	698.000			