
Fichier : C:/Users/vmc04/Desktop/CLIC practice for workflow tutorial/PCA/Field 18 scaled data for tutorial_PW.txt
 - - - Bottom left button WRAP to read LONG LINES - - - hit 2 times the very first time - - - - Bottom left button WRAP to read LONG LINE  - - - - - - then only 1 time is enough - - - -

Sub-matrix: descriptive statistics.  
Creates sub-matrices from an initial, input matrix. 
Each sub-matrix is saved as a separate file.
For instance, if you enter 20 24 29, three files are created with names  
ending by _1.txt, _2.txt and _3.txt, containing the 20 first, 24 following and 29 ending lines of the total input matrix, respectively.

If more than one individual by group, computes Variance-Covariance matrix of each group. 
Also computes table of group means and standard deviations

Additional buttons appear at the end of the report to 
compute Euclidian or Procrustes distances between group means 
depending on the nature of the input matrix, either _PW.txt or _Format.txt



C:/Users/vmc04/Desktop/CLIC practice for workflow tutorial/PCA/Field 18 scaled data for tutorial_PW.txt 

C:/Users/vmc04/Desktop/CLIC practice for workflow tutorial/Field 18 scaled data for tutorial - partial warps scores - U1 y U2 en las dos ultimas columnas - Field 18 copy for tutorial, 4 from ARS, APR, RPV, RMO 

Numero de variables =	32

Numero de individuos =	16

Matrix X:	----------------------------------start---


   0.000   -0.001    0.001    0.000   -0.000   -0.002    0.002    0.001    0.004    0.000   -0.000    0.000   -0.003   -0.000   -0.003   -0.003   -0.004    0.002    0.001    0.000   -0.004   -0.000    0.006   -0.004    0.011    0.006    0.004   -0.002    0.003   -0.004   -0.012    0.011
   0.002    0.003   -0.002    0.001    0.002   -0.001    0.005    0.001    0.001    0.002    0.006   -0.002   -0.010    0.001    0.011   -0.003    0.013    0.001   -0.018   -0.002    0.004    0.002   -0.008    0.004    0.015    0.000    0.019   -0.005   -0.005   -0.001   -0.009    0.004
   0.001    0.003   -0.001    0.003    0.001    0.001    0.002    0.003    0.007    0.002    0.004   -0.004   -0.002    0.002   -0.002   -0.001    0.010   -0.001   -0.007   -0.003   -0.003    0.005   -0.010   -0.000   -0.010    0.001   -0.003    0.001   -0.005    0.006    0.013   -0.023
   0.003    0.002    0.000    0.002   -0.002   -0.003   -0.003   -0.001    0.005   -0.003    0.001    0.003    0.007   -0.003   -0.001   -0.000    0.002   -0.003   -0.011   -0.005    0.002   -0.001   -0.005    0.000   -0.006    0.003   -0.004   -0.001   -0.009   -0.001   -0.007   -0.025
   0.002   -0.000    0.000   -0.004   -0.001   -0.002   -0.002    0.001   -0.006   -0.002    0.008    0.002   -0.008    0.001    0.005    0.006   -0.028   -0.001   -0.008    0.004    0.017   -0.003   -0.004    0.002   -0.033   -0.001   -0.020    0.005    0.000   -0.001    0.015    0.009
  -0.000   -0.002   -0.001   -0.002   -0.002   -0.000    0.002   -0.001    0.001    0.000    0.008    0.001    0.007    0.001   -0.006   -0.002   -0.004   -0.002   -0.010   -0.004   -0.009    0.004   -0.023   -0.002    0.001    0.003    0.004    0.002    0.008   -0.004    0.005    0.019
  -0.001   -0.001   -0.002    0.000   -0.002    0.002   -0.002    0.001    0.003   -0.000   -0.002   -0.004    0.000    0.002    0.001   -0.000    0.018   -0.001    0.000   -0.001   -0.004   -0.000    0.011    0.003    0.019    0.002    0.018   -0.002    0.008   -0.001    0.002    0.005
  -0.001   -0.002   -0.001   -0.002   -0.003    0.004   -0.001    0.002    0.002    0.002    0.001    0.000    0.001    0.003   -0.003   -0.004   -0.002    0.000   -0.002    0.005   -0.005    0.002   -0.002    0.003    0.005    0.005    0.002    0.002    0.023   -0.004   -0.002    0.012
   0.002   -0.002    0.001    0.000    0.002    0.002    0.005   -0.000   -0.002    0.005    0.002   -0.002    0.006   -0.001    0.001   -0.005    0.006    0.003   -0.003    0.003   -0.009    0.001    0.009   -0.001   -0.003   -0.005   -0.001   -0.001   -0.015   -0.001    0.003    0.001
  -0.002    0.001    0.000   -0.002    0.000    0.001   -0.003   -0.000    0.004   -0.003    0.002    0.002   -0.003    0.001    0.002    0.002   -0.005    0.003    0.003   -0.001   -0.010    0.002   -0.004   -0.006   -0.004   -0.003   -0.007    0.008    0.014   -0.000    0.011   -0.011
   0.000    0.002    0.002   -0.000    0.002    0.001   -0.002    0.001   -0.003   -0.002   -0.008   -0.001    0.011   -0.003   -0.006    0.005   -0.004    0.002    0.014    0.002    0.008   -0.002    0.004   -0.002    0.004   -0.001   -0.002   -0.001   -0.008   -0.002   -0.002   -0.001
  -0.000   -0.003    0.001   -0.001    0.000    0.000   -0.004   -0.001   -0.002   -0.001   -0.002    0.002    0.006    0.001   -0.012    0.006   -0.006   -0.004    0.007   -0.003    0.003   -0.003    0.014    0.004   -0.019    0.004   -0.012   -0.008    0.006    0.002    0.003    0.001
   0.001    0.003    0.000    0.001    0.001    0.002    0.001    0.004   -0.001    0.001   -0.005    0.002    0.000   -0.000    0.001    0.003    0.002    0.002   -0.001    0.001    0.006   -0.003   -0.003   -0.002    0.007   -0.008   -0.005   -0.000   -0.001    0.002   -0.005    0.007
  -0.003   -0.002   -0.001    0.002    0.000    0.001   -0.000   -0.003   -0.004   -0.001   -0.005    0.002    0.003    0.001   -0.003    0.001    0.006   -0.000    0.004    0.002    0.002   -0.001    0.001   -0.002    0.008    0.000    0.014   -0.002   -0.009    0.004   -0.009    0.018
  -0.000    0.001    0.001    0.001   -0.001   -0.002   -0.004    0.000   -0.000   -0.003   -0.003    0.001    0.002    0.000    0.005    0.001    0.000    0.001    0.010    0.001   -0.004   -0.002    0.003    0.002    0.006   -0.004   -0.002    0.004   -0.016   -0.000    0.000   -0.006
  -0.005   -0.001    0.001   -0.000    0.002   -0.003    0.003   -0.005   -0.007    0.002   -0.005   -0.001   -0.016   -0.004    0.009   -0.004   -0.004   -0.002    0.022    0.001    0.007   -0.001    0.011    0.003   -0.001   -0.000   -0.003    0.000    0.005    0.005   -0.009   -0.012
Matrix X:	----------------------------------end----


Group(s): 4
Group size(s): 4 4 4 4

Sub-matrix 1:	 4 rows 	32 cols

VarCov Matrix of group 1 

0.0000012 0.0000011 -0.0000003 0.0000001 -0.0000005 -0.0000008 -0.0000016 -0.0000015 -0.0000005 -0.0000015 0.0000009 0.0000013 0.0000034 -0.0000014 0.0000028 0.0000008 0.0000030 -0.0000022 -0.0000069 -0.0000020 0.0000034 -0.0000007 -0.0000041 0.0000023 -0.0000038 -0.0000011 -0.0000001 -0.0000003 -0.0000053 -0.0000000 -0.0000013 -0.0000117
0.0000011 0.0000030 -0.0000018 0.0000012 0.0000014 0.0000012 0.0000010 0.0000004 0.0000006 0.0000008 0.0000042 -0.0000027 -0.0000011 0.0000010 0.0000049 0.0000004 0.0000120 -0.0000025 -0.0000112 -0.0000024 0.0000034 0.0000031 -0.0000123 0.0000043 -0.0000092 -0.0000037 0.0000014 0.0000007 -0.0000073 0.0000058 0.0000121 -0.0000201
-0.0000003 -0.0000018 0.0000021 0.0000000 -0.0000019 -0.0000012 -0.0000039 -0.0000007 0.0000013 -0.0000023 -0.0000043 0.0000029 0.0000074 -0.0000018 -0.0000078 0.0000010 -0.0000101 -0.0000005 0.0000089 0.0000001 -0.0000029 -0.0000023 0.0000073 -0.0000038 -0.0000051 0.0000031 -0.0000108 0.0000016 0.0000023 -0.0000026 -0.0000031 -0.0000030
0.0000001 0.0000012 0.0000000 0.0000015 0.0000002 0.0000009 -0.0000012 0.0000009 0.0000025 -0.0000001 0.0000004 -0.0000017 0.0000032 0.0000006 -0.0000037 0.0000009 0.0000029 -0.0000019 0.0000000 -0.0000014 -0.0000013 0.0000022 -0.0000052 -0.0000001 -0.0000137 -0.0000008 -0.0000089 0.0000027 -0.0000028 0.0000048 0.0000135 -0.0000193
-0.0000005 0.0000014 -0.0000019 0.0000002 0.0000023 0.0000020 0.0000048 0.0000019 -0.0000005 0.0000034 0.0000040 -0.0000042 -0.0000091 0.0000030 0.0000053 -0.0000014 0.0000090 0.0000016 -0.0000045 0.0000009 0.0000004 0.0000034 -0.0000059 0.0000023 0.0000046 -0.0000026 0.0000090 -0.0000007 0.0000005 0.0000038 0.0000072 0.0000064
-0.0000008 0.0000012 -0.0000012 0.0000009 0.0000020 0.0000023 0.0000034 0.0000025 0.0000013 0.0000030 0.0000027 -0.0000045 -0.0000061 0.0000030 0.0000004 -0.0000008 0.0000067 0.0000010 -0.0000002 0.0000007 -0.0000019 0.0000039 -0.0000054 0.0000006 -0.0000028 -0.0000018 0.0000014 0.0000011 0.0000011 0.0000054 0.0000132 -0.0000013
-0.0000016 0.0000010 -0.0000039 -0.0000012 0.0000048 0.0000034 0.0000120 0.0000036 -0.0000036 0.0000078 0.0000075 -0.0000075 -0.0000240 0.0000061 0.0000142 -0.0000043 0.0000145 0.0000062 -0.0000068 0.0000043 0.0000010 0.0000048 -0.0000050 0.0000041 0.0000266 -0.0000042 0.0000289 -0.0000045 0.0000063 0.0000025 0.0000005 0.0000397
-0.0000015 0.0000004 -0.0000007 0.0000009 0.0000019 0.0000025 0.0000036 0.0000033 0.0000018 0.0000035 0.0000016 -0.0000048 -0.0000066 0.0000036 -0.0000025 -0.0000011 0.0000038 0.0000020 0.0000049 0.0000018 -0.0000043 0.0000041 -0.0000023 -0.0000013 -0.0000023 -0.0000009 -0.0000006 0.0000017 0.0000041 0.0000053 0.0000142 0.0000035
-0.0000005 0.0000006 0.0000013 0.0000025 -0.0000005 0.0000013 -0.0000036 0.0000018 0.0000051 -0.0000008 -0.0000021 -0.0000018 0.0000082 0.0000006 -0.0000120 0.0000018 -0.0000021 -0.0000025 0.0000080 -0.0000015 -0.0000054 0.0000028 -0.0000030 -0.0000033 -0.0000246 0.0000008 -0.0000211 0.0000056 -0.0000012 0.0000068 0.0000216 -0.0000296
-0.0000015 0.0000008 -0.0000023 -0.0000001 0.0000034 0.0000030 0.0000078 0.0000035 -0.0000008 0.0000057 0.0000046 -0.0000063 -0.0000154 0.0000049 0.0000059 -0.0000027 0.0000094 0.0000041 -0.0000011 0.0000030 -0.0000016 0.0000045 -0.0000039 0.0000015 0.0000119 -0.0000026 0.0000141 -0.0000013 0.0000051 0.0000041 0.0000078 0.0000211
0.0000009 0.0000042 -0.0000043 0.0000004 0.0000040 0.0000027 0.0000075 0.0000016 -0.0000021 0.0000046 0.0000093 -0.0000064 -0.0000140 0.0000038 0.0000156 -0.0000017 0.0000224 0.0000002 -0.0000194 -0.0000008 0.0000061 0.0000055 -0.0000173 0.0000082 0.0000059 -0.0000068 0.0000197 -0.0000025 -0.0000063 0.0000069 0.0000105 -0.0000012
0.0000013 -0.0000027 0.0000029 -0.0000017 -0.0000042 -0.0000045 -0.0000075 -0.0000048 -0.0000018 -0.0000063 -0.0000064 0.0000091 0.0000136 -0.0000061 -0.0000036 0.0000018 -0.0000158 -0.0000020 0.0000036 -0.0000013 0.0000024 -0.0000079 0.0000123 -0.0000024 0.0000032 0.0000044 -0.0000065 -0.0000015 -0.0000011 -0.0000106 -0.0000249 0.0000013
0.0000034 -0.0000011 0.0000074 0.0000032 -0.0000091 -0.0000061 -0.0000240 -0.0000066 0.0000082 -0.0000154 -0.0000140 0.0000136 0.0000484 -0.0000116 -0.0000288 0.0000089 -0.0000257 -0.0000134 0.0000119 -0.0000094 -0.0000021 -0.0000081 0.0000059 -0.0000075 -0.0000595 0.0000074 -0.0000605 0.0000101 -0.0000146 -0.0000020 0.0000065 -0.0000891
-0.0000014 0.0000010 -0.0000018 0.0000006 0.0000030 0.0000030 0.0000061 0.0000036 0.0000006 0.0000049 0.0000038 -0.0000061 -0.0000116 0.0000045 0.0000025 -0.0000019 0.0000084 0.0000029 0.0000005 0.0000022 -0.0000026 0.0000049 -0.0000048 0.0000007 0.0000040 -0.0000023 0.0000073 0.0000003 0.0000039 0.0000056 0.0000129 0.0000104
0.0000028 0.0000049 -0.0000078 -0.0000037 0.0000053 0.0000004 0.0000142 -0.0000025 -0.0000120 0.0000059 0.0000156 -0.0000036 -0.0000288 0.0000025 0.0000421 -0.0000046 0.0000330 0.0000030 -0.0000431 0.0000001 0.0000196 0.0000012 -0.0000188 0.0000177 0.0000477 -0.0000105 0.0000611 -0.0000132 -0.0000096 -0.0000036 -0.0000266 0.0000418
0.0000008 0.0000004 0.0000010 0.0000009 -0.0000014 -0.0000008 -0.0000043 -0.0000011 0.0000018 -0.0000027 -0.0000017 0.0000018 0.0000089 -0.0000019 -0.0000046 0.0000018 -0.0000023 -0.0000030 0.0000002 -0.0000023 0.0000001 -0.0000007 -0.0000015 -0.0000006 -0.0000135 0.0000006 -0.0000114 0.0000022 -0.0000042 0.0000010 0.0000044 -0.0000213
0.0000030 0.0000120 -0.0000101 0.0000029 0.0000090 0.0000067 0.0000145 0.0000038 -0.0000021 0.0000094 0.0000224 -0.0000158 -0.0000257 0.0000084 0.0000330 -0.0000023 0.0000568 -0.0000034 -0.0000492 -0.0000050 0.0000148 0.0000147 -0.0000488 0.0000203 -0.0000057 -0.0000172 0.0000343 -0.0000026 -0.0000215 0.0000217 0.0000395 -0.0000344
-0.0000022 -0.0000025 -0.0000005 -0.0000019 0.0000016 0.0000010 0.0000062 0.0000020 -0.0000025 0.0000041 0.0000002 -0.0000020 -0.0000134 0.0000029 0.0000030 -0.0000030 -0.0000034 0.0000063 0.0000078 0.0000051 -0.0000032 -0.0000000 0.0000094 -0.0000021 0.0000246 0.0000012 0.0000154 -0.0000032 0.0000114 -0.0000040 -0.0000108 0.0000438
-0.0000069 -0.0000112 0.0000089 0.0000000 -0.0000045 -0.0000002 -0.0000068 0.0000049 0.0000080 -0.0000011 -0.0000194 0.0000036 0.0000119 0.0000005 -0.0000431 0.0000002 -0.0000492 0.0000078 0.0000644 0.0000091 -0.0000272 -0.0000041 0.0000432 -0.0000248 -0.0000063 0.0000157 -0.0000421 0.0000084 0.0000318 -0.0000072 0.0000008 0.0000359
-0.0000020 -0.0000024 0.0000001 -0.0000014 0.0000009 0.0000007 0.0000043 0.0000018 -0.0000015 0.0000030 -0.0000008 -0.0000013 -0.0000094 0.0000022 0.0000001 -0.0000023 -0.0000050 0.0000051 0.0000091 0.0000043 -0.0000038 -0.0000002 0.0000092 -0.0000029 0.0000181 0.0000017 0.0000094 -0.0000019 0.0000101 -0.0000033 -0.0000080 0.0000346
0.0000034 0.0000034 -0.0000029 -0.0000013 0.0000004 -0.0000019 0.0000010 -0.0000043 -0.0000054 -0.0000016 0.0000061 0.0000024 -0.0000021 -0.0000026 0.0000196 0.0000001 0.0000148 -0.0000032 -0.0000272 -0.0000038 0.0000135 -0.0000020 -0.0000122 0.0000101 0.0000107 -0.0000050 0.0000207 -0.0000055 -0.0000130 -0.0000029 -0.0000156 -0.0000059
-0.0000007 0.0000031 -0.0000023 0.0000022 0.0000034 0.0000039 0.0000048 0.0000041 0.0000028 0.0000045 0.0000055 -0.0000079 -0.0000081 0.0000049 0.0000012 -0.0000007 0.0000147 -0.0000000 -0.0000041 -0.0000002 -0.0000020 0.0000074 -0.0000136 0.0000023 -0.0000114 -0.0000042 -0.0000002 0.0000027 -0.0000018 0.0000112 0.0000273 -0.0000148
-0.0000041 -0.0000123 0.0000073 -0.0000052 -0.0000059 -0.0000054 -0.0000050 -0.0000023 -0.0000030 -0.0000039 -0.0000173 0.0000123 0.0000059 -0.0000048 -0.0000188 -0.0000015 -0.0000488 0.0000094 0.0000432 0.0000092 -0.0000122 -0.0000136 0.0000497 -0.0000169 0.0000376 0.0000149 -0.0000049 -0.0000033 0.0000279 -0.0000247 -0.0000526 0.0000799
0.0000023 0.0000043 -0.0000038 -0.0000001 0.0000023 0.0000006 0.0000041 -0.0000013 -0.0000033 0.0000015 0.0000082 -0.0000024 -0.0000075 0.0000007 0.0000177 -0.0000006 0.0000203 -0.0000021 -0.0000248 -0.0000029 0.0000101 0.0000023 -0.0000169 0.0000097 0.0000052 -0.0000064 0.0000191 -0.0000036 -0.0000111 0.0000033 0.0000005 -0.0000089
-0.0000038 -0.0000092 -0.0000051 -0.0000137 0.0000046 -0.0000028 0.0000266 -0.0000023 -0.0000246 0.0000119 0.0000059 0.0000032 -0.0000595 0.0000040 0.0000477 -0.0000135 -0.0000057 0.0000246 -0.0000063 0.0000181 0.0000107 -0.0000114 0.0000376 0.0000052 0.0001485 0.0000014 0.0001103 -0.0000278 0.0000334 -0.0000361 -0.0001081 0.0002149
-0.0000011 -0.0000037 0.0000031 -0.0000008 -0.0000026 -0.0000018 -0.0000042 -0.0000009 0.0000008 -0.0000026 -0.0000068 0.0000044 0.0000074 -0.0000023 -0.0000105 0.0000006 -0.0000172 0.0000012 0.0000157 0.0000017 -0.0000050 -0.0000042 0.0000149 -0.0000064 0.0000014 0.0000053 -0.0000108 0.0000010 0.0000070 -0.0000062 -0.0000108 0.0000108
-0.0000001 0.0000014 -0.0000108 -0.0000089 0.0000090 0.0000014 0.0000289 -0.0000006 -0.0000211 0.0000141 0.0000197 -0.0000065 -0.0000605 0.0000073 0.0000611 -0.0000114 0.0000343 0.0000154 -0.0000421 0.0000094 0.0000207 -0.0000002 -0.0000049 0.0000191 0.0001103 -0.0000108 0.0001089 -0.0000238 0.0000083 -0.0000146 -0.0000612 0.0001379
-0.0000003 0.0000007 0.0000016 0.0000027 -0.0000007 0.0000011 -0.0000045 0.0000017 0.0000056 -0.0000013 -0.0000025 -0.0000015 0.0000101 0.0000003 -0.0000132 0.0000022 -0.0000026 -0.0000032 0.0000084 -0.0000019 -0.0000055 0.0000027 -0.0000033 -0.0000036 -0.0000278 0.0000010 -0.0000238 0.0000062 -0.0000020 0.0000072 0.0000231 -0.0000343
-0.0000053 -0.0000073 0.0000023 -0.0000028 0.0000005 0.0000011 0.0000063 0.0000041 -0.0000012 0.0000051 -0.0000063 -0.0000011 -0.0000146 0.0000039 -0.0000096 -0.0000042 -0.0000215 0.0000114 0.0000318 0.0000101 -0.0000130 -0.0000018 0.0000279 -0.0000111 0.0000334 0.0000070 0.0000083 -0.0000020 0.0000263 -0.0000087 -0.0000168 0.0000742
-0.0000000 0.0000058 -0.0000026 0.0000048 0.0000038 0.0000054 0.0000025 0.0000053 0.0000068 0.0000041 0.0000069 -0.0000106 -0.0000020 0.0000056 -0.0000036 0.0000010 0.0000217 -0.0000040 -0.0000072 -0.0000033 -0.0000029 0.0000112 -0.0000247 0.0000033 -0.0000361 -0.0000062 -0.0000146 0.0000072 -0.0000087 0.0000199 0.0000505 -0.0000520
-0.0000013 0.0000121 -0.0000031 0.0000135 0.0000072 0.0000132 0.0000005 0.0000142 0.0000216 0.0000078 0.0000105 -0.0000249 0.0000065 0.0000129 -0.0000266 0.0000044 0.0000395 -0.0000108 0.0000008 -0.0000080 -0.0000156 0.0000273 -0.0000526 0.0000005 -0.0001081 -0.0000108 -0.0000612 0.0000231 -0.0000168 0.0000505 0.0001355 -0.0001440
-0.0000117 -0.0000201 -0.0000030 -0.0000193 0.0000064 -0.0000013 0.0000397 0.0000035 -0.0000296 0.0000211 -0.0000012 0.0000013 -0.0000891 0.0000104 0.0000418 -0.0000213 -0.0000344 0.0000438 0.0000359 0.0000346 -0.0000059 -0.0000148 0.0000799 -0.0000089 0.0002149 0.0000108 0.0001379 -0.0000343 0.0000742 -0.0000520 -0.0001440 0.0003466


TRACE of the VCV matrix: 0.0011630914930641

Means
0.0016877536146731 0.0017931754198492 -0.00059554076360473 0.0014051024262223 0.00023862249079383 -0.0012866487622924 0.0016485121224359 0.00092224360710382 0.0041072432065721 0.0001293820380033 0.0027487344578921 -0.00089754498928558 -0.002133611121143 -0.0002815466072574 0.0014168656140887 -0.001764394537696 0.0050718956262103 -0.00039032091947612 -0.0087848360919308 -0.0022845773434308 -0.00021851018514108 0.0016703933538261 -0.0044853975086909 -6.379137375276e-05 0.0026913703725489 0.0026563497203286 0.0037717610985181 -0.0015281492227879 -0.0037460264016103 8.6458840319515e-05 -0.0037202273444121 -0.008426647272543

Sigmas
0.0011127056171585 0.0017463573818262 0.0014337977129162 0.0012181032242329 0.0015177606883229 0.0015007516837759 0.003461533623759 0.001812770183097 0.0022672468150056 0.0023889059948319 0.0030480887885808 0.0030205412068203 0.0069587301017459 0.0021310877289436 0.0064919220356988 0.0013268509295783 0.0075373688487567 0.0025077703136292 0.0080272018256657 0.0020730016692988 0.0036724707936114 0.0027199672061461 0.0070514356268689 0.0031182814315184 0.012185686276288 0.0022929079994949 0.010435574934991 0.0024882673406494 0.00512959017007 0.0044594410111488 0.011639241959693 0.018617971139

Sub-matrix 2:	 4 rows 	32 cols

VarCov Matrix of group 2 

0.0000012 0.0000008 0.0000008 -0.0000015 0.0000006 -0.0000022 -0.0000000 -0.0000002 -0.0000046 -0.0000017 0.0000043 0.0000019 -0.0000048 -0.0000006 0.0000031 0.0000043 -0.0000182 -0.0000001 -0.0000036 0.0000011 0.0000114 -0.0000022 -0.0000037 -0.0000008 -0.0000232 -0.0000024 -0.0000153 0.0000024 -0.0000081 0.0000010 0.0000079 0.0000002
0.0000008 0.0000007 0.0000004 -0.0000006 0.0000005 -0.0000015 -0.0000009 0.0000002 -0.0000029 -0.0000013 0.0000013 0.0000002 -0.0000043 -0.0000004 0.0000036 0.0000035 -0.0000077 -0.0000001 -0.0000007 0.0000007 0.0000087 -0.0000022 0.0000033 0.0000004 -0.0000123 -0.0000021 -0.0000073 0.0000007 -0.0000067 0.0000014 0.0000053 -0.0000024
0.0000008 0.0000004 0.0000008 -0.0000014 0.0000002 -0.0000011 -0.0000001 0.0000002 -0.0000035 -0.0000009 0.0000029 0.0000020 -0.0000041 -0.0000001 0.0000022 0.0000025 -0.0000166 0.0000003 -0.0000023 0.0000026 0.0000089 -0.0000016 -0.0000027 -0.0000002 -0.0000195 -0.0000012 -0.0000143 0.0000022 -0.0000027 0.0000004 0.0000047 0.0000006
-0.0000015 -0.0000006 -0.0000014 0.0000027 -0.0000003 0.0000023 -0.0000009 0.0000003 0.0000061 0.0000016 -0.0000070 -0.0000043 0.0000053 0.0000005 -0.0000021 -0.0000041 0.0000307 -0.0000001 0.0000061 -0.0000030 -0.0000134 0.0000018 0.0000114 0.0000017 0.0000348 0.0000020 0.0000252 -0.0000043 0.0000058 -0.0000002 -0.0000089 -0.0000037
0.0000006 0.0000005 0.0000002 -0.0000003 0.0000004 -0.0000012 -0.0000007 0.0000001 -0.0000020 -0.0000011 0.0000008 -0.0000001 -0.0000031 -0.0000003 0.0000028 0.0000027 -0.0000046 -0.0000001 -0.0000004 0.0000002 0.0000063 -0.0000017 0.0000030 0.0000003 -0.0000082 -0.0000017 -0.0000045 0.0000004 -0.0000056 0.0000011 0.0000041 -0.0000021
-0.0000022 -0.0000015 -0.0000011 0.0000023 -0.0000012 0.0000051 -0.0000008 0.0000013 0.0000075 0.0000035 -0.0000089 -0.0000028 0.0000062 0.0000018 -0.0000045 -0.0000083 0.0000269 0.0000011 0.0000079 0.0000023 -0.0000174 0.0000031 0.0000105 0.0000027 0.0000361 0.0000049 0.0000214 -0.0000035 0.0000199 -0.0000020 -0.0000158 -0.0000012
-0.0000000 -0.0000009 -0.0000001 -0.0000009 -0.0000007 -0.0000008 0.0000047 -0.0000026 0.0000014 0.0000008 0.0000069 0.0000034 0.0000091 -0.0000008 -0.0000086 -0.0000031 -0.0000068 -0.0000011 -0.0000079 -0.0000055 -0.0000117 0.0000048 -0.0000287 -0.0000052 -0.0000003 0.0000020 -0.0000005 0.0000020 0.0000010 -0.0000030 -0.0000003 0.0000121
-0.0000002 0.0000002 0.0000002 0.0000003 0.0000001 0.0000013 -0.0000026 0.0000017 -0.0000004 0.0000002 -0.0000044 -0.0000013 -0.0000049 0.0000009 0.0000040 0.0000004 0.0000021 0.0000010 0.0000049 0.0000048 0.0000055 -0.0000023 0.0000155 0.0000032 0.0000000 -0.0000002 -0.0000014 -0.0000008 0.0000039 0.0000011 -0.0000019 -0.0000059
-0.0000046 -0.0000029 -0.0000035 0.0000061 -0.0000020 0.0000075 0.0000014 -0.0000004 0.0000181 0.0000062 -0.0000141 -0.0000074 0.0000217 0.0000015 -0.0000141 -0.0000162 0.0000723 -0.0000003 0.0000110 -0.0000082 -0.0000474 0.0000095 0.0000064 0.0000010 0.0000920 0.0000090 0.0000628 -0.0000091 0.0000264 -0.0000042 -0.0000287 0.0000017
-0.0000017 -0.0000013 -0.0000009 0.0000016 -0.0000011 0.0000035 0.0000008 0.0000002 0.0000062 0.0000028 -0.0000046 -0.0000012 0.0000075 0.0000010 -0.0000059 -0.0000071 0.0000192 0.0000005 0.0000036 -0.0000003 -0.0000168 0.0000038 -0.0000005 0.0000005 0.0000279 0.0000042 0.0000168 -0.0000022 0.0000147 -0.0000023 -0.0000118 0.0000025
0.0000043 0.0000013 0.0000029 -0.0000070 0.0000008 -0.0000089 0.0000069 -0.0000044 -0.0000141 -0.0000046 0.0000255 0.0000124 -0.0000037 -0.0000032 -0.0000019 0.0000102 -0.0000763 -0.0000020 -0.0000244 -0.0000036 0.0000230 -0.0000003 -0.0000565 -0.0000104 -0.0000838 -0.0000053 -0.0000565 0.0000117 -0.0000256 -0.0000011 0.0000270 0.0000193
0.0000019 0.0000002 0.0000020 -0.0000043 -0.0000001 -0.0000028 0.0000034 -0.0000013 -0.0000074 -0.0000012 0.0000124 0.0000080 -0.0000030 -0.0000007 -0.0000018 0.0000030 -0.0000473 0.0000001 -0.0000117 0.0000032 0.0000123 0.0000001 -0.0000295 -0.0000044 -0.0000484 -0.0000010 -0.0000366 0.0000073 -0.0000033 -0.0000017 0.0000103 0.0000115
-0.0000048 -0.0000043 -0.0000041 0.0000053 -0.0000031 0.0000062 0.0000091 -0.0000049 0.0000217 0.0000075 -0.0000037 -0.0000030 0.0000381 -0.0000000 -0.0000285 -0.0000216 0.0000691 -0.0000024 -0.0000011 -0.0000193 -0.0000696 0.0000178 -0.0000390 -0.0000075 0.0000997 0.0000122 0.0000689 -0.0000069 0.0000267 -0.0000089 -0.0000300 0.0000207
-0.0000006 -0.0000004 -0.0000001 0.0000005 -0.0000003 0.0000018 -0.0000008 0.0000009 0.0000015 0.0000010 -0.0000032 -0.0000007 -0.0000000 0.0000008 -0.0000002 -0.0000021 0.0000051 0.0000007 0.0000031 0.0000026 -0.0000025 0.0000002 0.0000061 0.0000016 0.0000072 0.0000014 0.0000031 -0.0000008 0.0000071 -0.0000004 -0.0000046 -0.0000015
0.0000031 0.0000036 0.0000022 -0.0000021 0.0000028 -0.0000045 -0.0000086 0.0000040 -0.0000141 -0.0000059 -0.0000019 -0.0000018 -0.0000285 -0.0000002 0.0000237 0.0000169 -0.0000314 0.0000014 0.0000054 0.0000116 0.0000499 -0.0000143 0.0000435 0.0000074 -0.0000564 -0.0000101 -0.0000359 0.0000019 -0.0000242 0.0000083 0.0000211 -0.0000220
0.0000043 0.0000035 0.0000025 -0.0000041 0.0000027 -0.0000083 -0.0000031 0.0000004 -0.0000162 -0.0000071 0.0000102 0.0000030 -0.0000216 -0.0000021 0.0000169 0.0000181 -0.0000503 -0.0000006 -0.0000072 0.0000036 0.0000458 -0.0000107 0.0000074 0.0000003 -0.0000734 -0.0000107 -0.0000454 0.0000055 -0.0000350 0.0000063 0.0000294 -0.0000087
-0.0000182 -0.0000077 -0.0000166 0.0000307 -0.0000046 0.0000269 -0.0000068 0.0000021 0.0000723 0.0000192 -0.0000763 -0.0000473 0.0000691 0.0000051 -0.0000314 -0.0000503 0.0003534 -0.0000024 0.0000657 -0.0000382 -0.0001669 0.0000247 0.0001109 0.0000155 0.0004069 0.0000253 0.0002935 -0.0000491 0.0000703 -0.0000044 -0.0001055 -0.0000338
-0.0000001 -0.0000001 0.0000003 -0.0000001 -0.0000001 0.0000011 -0.0000011 0.0000010 -0.0000003 0.0000005 -0.0000020 0.0000001 -0.0000024 0.0000007 0.0000014 -0.0000006 -0.0000024 0.0000008 0.0000022 0.0000038 0.0000025 -0.0000008 0.0000060 0.0000016 -0.0000023 0.0000005 -0.0000036 0.0000002 0.0000050 0.0000000 -0.0000019 -0.0000018
-0.0000036 -0.0000007 -0.0000023 0.0000061 -0.0000004 0.0000079 -0.0000079 0.0000049 0.0000110 0.0000036 -0.0000244 -0.0000117 -0.0000011 0.0000031 0.0000054 -0.0000072 0.0000657 0.0000022 0.0000240 0.0000059 -0.0000137 -0.0000019 0.0000600 0.0000111 0.0000691 0.0000037 0.0000464 -0.0000105 0.0000216 0.0000022 -0.0000226 -0.0000214
0.0000011 0.0000007 0.0000026 -0.0000030 0.0000002 0.0000023 -0.0000055 0.0000048 -0.0000082 -0.0000003 -0.0000036 0.0000032 -0.0000193 0.0000026 0.0000116 0.0000036 -0.0000382 0.0000038 0.0000059 0.0000202 0.0000296 -0.0000075 0.0000251 0.0000070 -0.0000454 -0.0000011 -0.0000399 0.0000042 0.0000126 0.0000018 0.0000021 -0.0000088
0.0000114 0.0000087 0.0000089 -0.0000134 0.0000063 -0.0000174 -0.0000117 0.0000055 -0.0000474 -0.0000168 0.0000230 0.0000123 -0.0000696 -0.0000025 0.0000499 0.0000458 -0.0001669 0.0000025 -0.0000137 0.0000296 0.0001380 -0.0000319 0.0000341 0.0000064 -0.0002273 -0.0000259 -0.0001543 0.0000190 -0.0000681 0.0000156 0.0000720 -0.0000254
-0.0000022 -0.0000022 -0.0000016 0.0000018 -0.0000017 0.0000031 0.0000048 -0.0000023 0.0000095 0.0000038 -0.0000003 0.0000001 0.0000178 0.0000002 -0.0000143 -0.0000107 0.0000247 -0.0000008 -0.0000019 -0.0000075 -0.0000319 0.0000087 -0.0000231 -0.0000040 0.0000402 0.0000063 0.0000262 -0.0000020 0.0000153 -0.0000049 -0.0000142 0.0000121
-0.0000037 0.0000033 -0.0000027 0.0000114 0.0000030 0.0000105 -0.0000287 0.0000155 0.0000064 -0.0000005 -0.0000565 -0.0000295 -0.0000390 0.0000061 0.0000435 0.0000074 0.0001109 0.0000060 0.0000600 0.0000251 0.0000341 -0.0000231 0.0001911 0.0000337 0.0000843 -0.0000060 0.0000618 -0.0000219 0.0000104 0.0000165 -0.0000206 -0.0000775
-0.0000008 0.0000004 -0.0000002 0.0000017 0.0000003 0.0000027 -0.0000052 0.0000032 0.0000010 0.0000005 -0.0000104 -0.0000044 -0.0000075 0.0000016 0.0000074 0.0000003 0.0000155 0.0000016 0.0000111 0.0000070 0.0000064 -0.0000040 0.0000337 0.0000065 0.0000120 -0.0000003 0.0000071 -0.0000032 0.0000065 0.0000024 -0.0000053 -0.0000130
-0.0000232 -0.0000123 -0.0000195 0.0000348 -0.0000082 0.0000361 -0.0000003 0.0000000 0.0000920 0.0000279 -0.0000838 -0.0000484 0.0000997 0.0000072 -0.0000564 -0.0000734 0.0004069 -0.0000023 0.0000691 -0.0000454 -0.0002273 0.0000402 0.0000843 0.0000120 0.0004913 0.0000391 0.0003452 -0.0000541 0.0001122 -0.0000136 -0.0001399 -0.0000161
-0.0000024 -0.0000021 -0.0000012 0.0000020 -0.0000017 0.0000049 0.0000020 -0.0000002 0.0000090 0.0000042 -0.0000053 -0.0000010 0.0000122 0.0000014 -0.0000101 -0.0000107 0.0000253 0.0000005 0.0000037 -0.0000011 -0.0000259 0.0000063 -0.0000060 -0.0000003 0.0000391 0.0000065 0.0000231 -0.0000026 0.0000217 -0.0000039 -0.0000171 0.0000059
-0.0000153 -0.0000073 -0.0000143 0.0000252 -0.0000045 0.0000214 -0.0000005 -0.0000014 0.0000628 0.0000168 -0.0000565 -0.0000366 0.0000689 0.0000031 -0.0000359 -0.0000454 0.0002935 -0.0000036 0.0000464 -0.0000399 -0.0001543 0.0000262 0.0000618 0.0000071 0.0003452 0.0000231 0.0002498 -0.0000396 0.0000577 -0.0000068 -0.0000885 -0.0000155
0.0000024 0.0000007 0.0000022 -0.0000043 0.0000004 -0.0000035 0.0000020 -0.0000008 -0.0000091 -0.0000022 0.0000117 0.0000073 -0.0000069 -0.0000008 0.0000019 0.0000055 -0.0000491 0.0000002 -0.0000105 0.0000042 0.0000190 -0.0000020 -0.0000219 -0.0000032 -0.0000541 -0.0000026 -0.0000396 0.0000071 -0.0000078 -0.0000003 0.0000133 0.0000077
-0.0000081 -0.0000067 -0.0000027 0.0000058 -0.0000056 0.0000199 0.0000010 0.0000039 0.0000264 0.0000147 -0.0000256 -0.0000033 0.0000267 0.0000071 -0.0000242 -0.0000350 0.0000703 0.0000050 0.0000216 0.0000126 -0.0000681 0.0000153 0.0000104 0.0000065 0.0001122 0.0000217 0.0000577 -0.0000078 0.0000871 -0.0000115 -0.0000606 0.0000092
0.0000010 0.0000014 0.0000004 -0.0000002 0.0000011 -0.0000020 -0.0000030 0.0000011 -0.0000042 -0.0000023 -0.0000011 -0.0000017 -0.0000089 -0.0000004 0.0000083 0.0000063 -0.0000044 0.0000000 0.0000022 0.0000018 0.0000156 -0.0000049 0.0000165 0.0000024 -0.0000136 -0.0000039 -0.0000068 -0.0000003 -0.0000115 0.0000033 0.0000077 -0.0000086
0.0000079 0.0000053 0.0000047 -0.0000089 0.0000041 -0.0000158 -0.0000003 -0.0000019 -0.0000287 -0.0000118 0.0000270 0.0000103 -0.0000300 -0.0000046 0.0000211 0.0000294 -0.0001055 -0.0000019 -0.0000226 0.0000021 0.0000720 -0.0000142 -0.0000206 -0.0000053 -0.0001399 -0.0000171 -0.0000885 0.0000133 -0.0000606 0.0000077 0.0000532 -0.0000011
0.0000002 -0.0000024 0.0000006 -0.0000037 -0.0000021 -0.0000012 0.0000121 -0.0000059 0.0000017 0.0000025 0.0000193 0.0000115 0.0000207 -0.0000015 -0.0000220 -0.0000087 -0.0000338 -0.0000018 -0.0000214 -0.0000088 -0.0000254 0.0000121 -0.0000775 -0.0000130 -0.0000161 0.0000059 -0.0000155 0.0000077 0.0000092 -0.0000086 -0.0000011 0.0000335


TRACE of the VCV matrix: 0.0018271451819222

Means
-3.2195261736939e-05 -0.0014881361907552 -0.00084179728962093 -0.0017487650422959 -0.0019412447865274 0.00088513427561833 -0.00062381036231569 0.00055146547324222 -0.00014207160335476 -0.00026340896805763 0.0035733647281474 -0.00019974089148579 -0.00011882745178109 0.0014507437086659 -0.00081557045461339 -0.00028464785004464 -0.0040122685751762 -0.00070874501854716 -0.0049732286346843 0.0010028374066167 -0.00048430061661329 0.0005668410501572 -0.0043144804585331 0.0013611001498895 -0.0020207410407414 0.0019152622683814 0.00079023503934214 0.00168824231176 0.0097617911142372 -0.0025457660875605 0.0049130513396683 0.011160336455257

Sigmas
0.0011070165547105 0.00083186237139298 0.00090816318572133 0.0016400069720864 0.0006688144849823 0.0022537654616455 0.0021589731813234 0.0013160005591979 0.0042564999084812 0.0016796715686669 0.0050538247606453 0.0028362096427292 0.0061740271686804 0.00088067672971873 0.0048687230195953 0.0042586040312822 0.018798053020026 0.00089789482343991 0.0048959599355723 0.0044990082277926 0.011746662153961 0.0029522065085543 0.013823289167657 0.0025402437235337 0.022166380118184 0.0025401695528638 0.015806219173913 0.0026660074350768 0.009332934928216 0.0018127361505395 0.0072967339087463 0.005791158898596

Sub-matrix 3:	 4 rows 	32 cols

VarCov Matrix of group 3 

0.0000020 -0.0000011 0.0000004 0.0000011 0.0000012 0.0000002 0.0000047 0.0000000 -0.0000034 0.0000042 -0.0000009 -0.0000030 0.0000059 -0.0000016 0.0000000 -0.0000038 0.0000061 0.0000011 -0.0000017 0.0000023 0.0000018 -0.0000006 0.0000061 0.0000023 0.0000034 -0.0000016 0.0000047 -0.0000041 -0.0000178 -0.0000008 -0.0000055 0.0000069
-0.0000011 0.0000041 0.0000003 -0.0000001 0.0000001 0.0000005 -0.0000025 0.0000015 0.0000024 -0.0000042 -0.0000033 0.0000004 -0.0000013 -0.0000016 0.0000054 0.0000021 -0.0000031 0.0000042 0.0000067 0.0000017 0.0000022 0.0000016 -0.0000134 -0.0000066 0.0000151 -0.0000031 0.0000039 0.0000094 0.0000049 -0.0000026 0.0000008 -0.0000077
0.0000004 0.0000003 0.0000006 0.0000003 0.0000002 -0.0000002 -0.0000005 0.0000003 -0.0000018 -0.0000005 -0.0000033 -0.0000005 0.0000042 -0.0000010 -0.0000031 0.0000020 -0.0000008 -0.0000006 0.0000044 0.0000003 0.0000062 -0.0000015 0.0000018 0.0000010 0.0000017 0.0000013 0.0000009 -0.0000027 -0.0000042 -0.0000004 -0.0000038 0.0000025
0.0000011 -0.0000001 0.0000003 0.0000008 0.0000009 0.0000003 0.0000030 0.0000003 -0.0000017 0.0000023 -0.0000007 -0.0000020 0.0000033 -0.0000013 0.0000015 -0.0000026 0.0000039 0.0000017 -0.0000007 0.0000019 0.0000007 0.0000001 0.0000015 0.0000002 0.0000050 -0.0000020 0.0000040 -0.0000007 -0.0000112 -0.0000010 -0.0000032 0.0000031
0.0000012 0.0000001 0.0000002 0.0000009 0.0000010 0.0000004 0.0000035 0.0000004 -0.0000015 0.0000026 -0.0000003 -0.0000023 0.0000029 -0.0000014 0.0000029 -0.0000035 0.0000046 0.0000024 -0.0000014 0.0000023 -0.0000005 0.0000006 0.0000006 -0.0000004 0.0000066 -0.0000028 0.0000048 0.0000004 -0.0000121 -0.0000012 -0.0000029 0.0000027
0.0000002 0.0000005 -0.0000002 0.0000003 0.0000004 0.0000005 0.0000018 0.0000002 0.0000008 0.0000010 0.0000015 -0.0000008 -0.0000015 -0.0000004 0.0000045 -0.0000029 0.0000025 0.0000024 -0.0000026 0.0000013 -0.0000040 0.0000016 -0.0000031 -0.0000020 0.0000048 -0.0000029 0.0000026 0.0000035 -0.0000028 -0.0000008 0.0000011 -0.0000015
0.0000047 -0.0000025 -0.0000005 0.0000030 0.0000035 0.0000018 0.0000171 -0.0000000 -0.0000041 0.0000142 0.0000072 -0.0000087 0.0000042 -0.0000029 0.0000148 -0.0000196 0.0000224 0.0000086 -0.0000186 0.0000079 -0.0000157 0.0000045 0.0000067 0.0000003 0.0000145 -0.0000123 0.0000155 0.0000013 -0.0000439 -0.0000026 -0.0000046 0.0000105
0.0000000 0.0000015 0.0000003 0.0000003 0.0000004 0.0000002 -0.0000000 0.0000007 -0.0000000 -0.0000009 -0.0000020 -0.0000006 0.0000013 -0.0000012 0.0000019 0.0000003 -0.0000000 0.0000020 0.0000030 0.0000013 0.0000021 0.0000004 -0.0000041 -0.0000022 0.0000074 -0.0000016 0.0000029 0.0000027 -0.0000026 -0.0000013 -0.0000014 -0.0000014
-0.0000034 0.0000024 -0.0000018 -0.0000017 -0.0000015 0.0000008 -0.0000041 -0.0000000 0.0000089 -0.0000047 0.0000075 0.0000042 -0.0000170 0.0000032 0.0000108 -0.0000007 -0.0000052 0.0000029 -0.0000065 -0.0000020 -0.0000166 0.0000053 -0.0000173 -0.0000083 0.0000004 -0.0000035 -0.0000045 0.0000157 0.0000296 0.0000004 0.0000152 -0.0000168
0.0000042 -0.0000042 -0.0000005 0.0000023 0.0000026 0.0000010 0.0000142 -0.0000009 -0.0000047 0.0000131 0.0000068 -0.0000069 0.0000046 -0.0000014 0.0000075 -0.0000157 0.0000185 0.0000039 -0.0000172 0.0000050 -0.0000121 0.0000022 0.0000132 0.0000043 0.0000023 -0.0000073 0.0000095 -0.0000049 -0.0000365 -0.0000005 -0.0000045 0.0000128
-0.0000009 -0.0000033 -0.0000033 -0.0000007 -0.0000003 0.0000015 0.0000072 -0.0000020 0.0000075 0.0000068 0.0000194 0.0000004 -0.0000205 0.0000050 0.0000173 -0.0000153 0.0000095 0.0000037 -0.0000290 -0.0000005 -0.0000361 0.0000082 -0.0000037 -0.0000032 -0.0000107 -0.0000082 -0.0000027 0.0000113 0.0000113 0.0000025 0.0000184 -0.0000082
-0.0000030 0.0000004 -0.0000005 -0.0000020 -0.0000023 -0.0000008 -0.0000087 -0.0000006 0.0000042 -0.0000069 0.0000004 0.0000055 -0.0000074 0.0000031 -0.0000055 0.0000084 -0.0000114 -0.0000049 0.0000041 -0.0000052 0.0000010 -0.0000010 -0.0000040 -0.0000004 -0.0000128 0.0000060 -0.0000106 0.0000011 0.0000297 0.0000024 0.0000072 -0.0000079
0.0000059 -0.0000013 0.0000042 0.0000033 0.0000029 -0.0000015 0.0000042 0.0000013 -0.0000170 0.0000046 -0.0000205 -0.0000074 0.0000356 -0.0000079 -0.0000216 0.0000066 0.0000051 -0.0000040 0.0000230 0.0000045 0.0000410 -0.0000110 0.0000254 0.0000125 0.0000098 0.0000071 0.0000109 -0.0000267 -0.0000542 -0.0000028 -0.0000321 0.0000287
-0.0000016 -0.0000016 -0.0000010 -0.0000013 -0.0000014 -0.0000004 -0.0000029 -0.0000012 0.0000032 -0.0000014 0.0000050 0.0000031 -0.0000079 0.0000032 -0.0000014 0.0000012 -0.0000038 -0.0000033 -0.0000052 -0.0000036 -0.0000071 0.0000006 0.0000010 0.0000011 -0.0000139 0.0000028 -0.0000078 0.0000001 0.0000178 0.0000027 0.0000075 -0.0000038
0.0000000 0.0000054 -0.0000031 0.0000015 0.0000029 0.0000045 0.0000148 0.0000019 0.0000108 0.0000075 0.0000173 -0.0000055 -0.0000216 -0.0000014 0.0000445 -0.0000262 0.0000199 0.0000221 -0.0000276 0.0000104 -0.0000448 0.0000165 -0.0000343 -0.0000209 0.0000408 -0.0000271 0.0000203 0.0000379 -0.0000110 -0.0000064 0.0000176 -0.0000207
-0.0000038 0.0000021 0.0000020 -0.0000026 -0.0000035 -0.0000029 -0.0000196 0.0000003 -0.0000007 -0.0000157 -0.0000153 0.0000084 0.0000066 0.0000012 -0.0000262 0.0000263 -0.0000258 -0.0000126 0.0000299 -0.0000086 0.0000327 -0.0000094 0.0000017 0.0000046 -0.0000168 0.0000181 -0.0000162 -0.0000116 0.0000364 0.0000027 -0.0000049 -0.0000027
0.0000061 -0.0000031 -0.0000008 0.0000039 0.0000046 0.0000025 0.0000224 -0.0000000 -0.0000052 0.0000185 0.0000095 -0.0000114 0.0000051 -0.0000038 0.0000199 -0.0000258 0.0000293 0.0000116 -0.0000245 0.0000105 -0.0000210 0.0000061 0.0000081 0.0000000 0.0000195 -0.0000165 0.0000204 0.0000023 -0.0000571 -0.0000035 -0.0000057 0.0000132
0.0000011 0.0000042 -0.0000006 0.0000017 0.0000024 0.0000024 0.0000086 0.0000020 0.0000029 0.0000039 0.0000037 -0.0000049 -0.0000040 -0.0000033 0.0000221 -0.0000126 0.0000116 0.0000132 -0.0000077 0.0000077 -0.0000147 0.0000073 -0.0000182 -0.0000113 0.0000313 -0.0000149 0.0000157 0.0000185 -0.0000180 -0.0000053 0.0000025 -0.0000076
-0.0000017 0.0000067 0.0000044 -0.0000007 -0.0000014 -0.0000026 -0.0000186 0.0000030 -0.0000065 -0.0000172 -0.0000290 0.0000041 0.0000230 -0.0000052 -0.0000276 0.0000299 -0.0000245 -0.0000077 0.0000479 -0.0000030 0.0000539 -0.0000121 -0.0000031 0.0000017 0.0000105 0.0000157 -0.0000034 -0.0000119 0.0000103 -0.0000025 -0.0000202 0.0000024
0.0000023 0.0000017 0.0000003 0.0000019 0.0000023 0.0000013 0.0000079 0.0000013 -0.0000020 0.0000050 -0.0000005 -0.0000052 0.0000045 -0.0000036 0.0000104 -0.0000086 0.0000105 0.0000077 -0.0000030 0.0000061 -0.0000033 0.0000027 -0.0000044 -0.0000039 0.0000207 -0.0000087 0.0000127 0.0000056 -0.0000255 -0.0000037 -0.0000048 0.0000024
0.0000018 0.0000022 0.0000062 0.0000007 -0.0000005 -0.0000040 -0.0000157 0.0000021 -0.0000166 -0.0000121 -0.0000361 0.0000010 0.0000410 -0.0000071 -0.0000448 0.0000327 -0.0000210 -0.0000147 0.0000539 -0.0000033 0.0000727 -0.0000194 0.0000220 0.0000144 -0.0000014 0.0000234 -0.0000036 -0.0000342 -0.0000164 -0.0000010 -0.0000359 0.0000229
-0.0000006 0.0000016 -0.0000015 0.0000001 0.0000006 0.0000016 0.0000045 0.0000004 0.0000053 0.0000022 0.0000082 -0.0000010 -0.0000110 0.0000006 0.0000165 -0.0000094 0.0000061 0.0000073 -0.0000121 0.0000027 -0.0000194 0.0000065 -0.0000131 -0.0000077 0.0000110 -0.0000094 0.0000050 0.0000147 0.0000024 -0.0000016 0.0000094 -0.0000095
0.0000061 -0.0000134 0.0000018 0.0000015 0.0000006 -0.0000031 0.0000067 -0.0000041 -0.0000173 0.0000132 -0.0000037 -0.0000040 0.0000254 0.0000010 -0.0000343 0.0000017 0.0000081 -0.0000182 -0.0000031 -0.0000044 0.0000220 -0.0000131 0.0000578 0.0000293 -0.0000463 0.0000175 -0.0000096 -0.0000473 -0.0000392 0.0000073 -0.0000215 0.0000404
0.0000023 -0.0000066 0.0000010 0.0000002 -0.0000004 -0.0000020 0.0000003 -0.0000022 -0.0000083 0.0000043 -0.0000032 -0.0000004 0.0000125 0.0000011 -0.0000209 0.0000046 0.0000000 -0.0000113 0.0000017 -0.0000039 0.0000144 -0.0000077 0.0000293 0.0000154 -0.0000273 0.0000116 -0.0000081 -0.0000252 -0.0000121 0.0000044 -0.0000103 0.0000193
0.0000034 0.0000151 0.0000017 0.0000050 0.0000066 0.0000048 0.0000145 0.0000074 0.0000004 0.0000023 -0.0000107 -0.0000128 0.0000098 -0.0000139 0.0000408 -0.0000168 0.0000195 0.0000313 0.0000105 0.0000207 -0.0000014 0.0000110 -0.0000463 -0.0000273 0.0000946 -0.0000309 0.0000441 0.0000385 -0.0000563 -0.0000167 -0.0000118 -0.0000130
-0.0000016 -0.0000031 0.0000013 -0.0000020 -0.0000028 -0.0000029 -0.0000123 -0.0000016 -0.0000035 -0.0000073 -0.0000082 0.0000060 0.0000071 0.0000028 -0.0000271 0.0000181 -0.0000165 -0.0000149 0.0000157 -0.0000087 0.0000234 -0.0000094 0.0000175 0.0000116 -0.0000309 0.0000180 -0.0000173 -0.0000204 0.0000222 0.0000051 -0.0000051 0.0000073
0.0000047 0.0000039 0.0000009 0.0000040 0.0000048 0.0000026 0.0000155 0.0000029 -0.0000045 0.0000095 -0.0000027 -0.0000106 0.0000109 -0.0000078 0.0000203 -0.0000162 0.0000204 0.0000157 -0.0000034 0.0000127 -0.0000036 0.0000050 -0.0000096 -0.0000081 0.0000441 -0.0000173 0.0000264 0.0000111 -0.0000528 -0.0000080 -0.0000114 0.0000051
-0.0000041 0.0000094 -0.0000027 -0.0000007 0.0000004 0.0000035 0.0000013 0.0000027 0.0000157 -0.0000049 0.0000113 0.0000011 -0.0000267 0.0000001 0.0000379 -0.0000116 0.0000023 0.0000185 -0.0000119 0.0000056 -0.0000342 0.0000147 -0.0000473 -0.0000252 0.0000385 -0.0000204 0.0000111 0.0000432 0.0000246 -0.0000059 0.0000226 -0.0000334
-0.0000178 0.0000049 -0.0000042 -0.0000112 -0.0000121 -0.0000028 -0.0000439 -0.0000026 0.0000296 -0.0000365 0.0000113 0.0000297 -0.0000542 0.0000178 -0.0000110 0.0000364 -0.0000571 -0.0000180 0.0000103 -0.0000255 -0.0000164 0.0000024 -0.0000392 -0.0000121 -0.0000563 0.0000222 -0.0000528 0.0000246 0.0001688 0.0000114 0.0000509 -0.0000559
-0.0000008 -0.0000026 -0.0000004 -0.0000010 -0.0000012 -0.0000008 -0.0000026 -0.0000013 0.0000004 -0.0000005 0.0000025 0.0000024 -0.0000028 0.0000027 -0.0000064 0.0000027 -0.0000035 -0.0000053 -0.0000025 -0.0000037 -0.0000010 -0.0000016 0.0000073 0.0000044 -0.0000167 0.0000051 -0.0000080 -0.0000059 0.0000114 0.0000030 0.0000030 0.0000014
-0.0000055 0.0000008 -0.0000038 -0.0000032 -0.0000029 0.0000011 -0.0000046 -0.0000014 0.0000152 -0.0000045 0.0000184 0.0000072 -0.0000321 0.0000075 0.0000176 -0.0000049 -0.0000057 0.0000025 -0.0000202 -0.0000048 -0.0000359 0.0000094 -0.0000215 -0.0000103 -0.0000118 -0.0000051 -0.0000114 0.0000226 0.0000509 0.0000030 0.0000289 -0.0000254
0.0000069 -0.0000077 0.0000025 0.0000031 0.0000027 -0.0000015 0.0000105 -0.0000014 -0.0000168 0.0000128 -0.0000082 -0.0000079 0.0000287 -0.0000038 -0.0000207 -0.0000027 0.0000132 -0.0000076 0.0000024 0.0000024 0.0000229 -0.0000095 0.0000404 0.0000193 -0.0000130 0.0000073 0.0000051 -0.0000334 -0.0000559 0.0000014 -0.0000254 0.0000347


TRACE of the VCV matrix: 0.00084994269624991

Means
-5.2293903281616e-05 -0.00042153272760379 0.0011753694263888 -0.00066396219338782 0.0010049289584922 0.0010245134563252 -0.0008367394237813 -0.000250815713199 -0.00089951560664357 0.00017212489676831 -0.0016504992255623 0.00040754053131852 0.0051110542245733 -0.00050739739390341 -0.0037267604678511 0.0018765822381263 -0.0022387252788189 0.00090008483737523 0.0050160039239993 0.00023936880501941 -0.0020108977546302 -0.00066847067434902 0.0058186896807787 -0.0013235336294827 -0.0055385342426016 -0.0013886057882395 -0.0054858280214984 -0.00062330553321363 -0.00078034185476707 -0.00014469805393659 0.0041010885684183 -0.00279084282888

Sigmas
0.0013977398255433 0.0020133507715511 0.00076675513083168 0.00087823456870146 0.00099001333688447 0.00068235216809624 0.0041299272766009 0.00082921824378194 0.0029877088229577 0.0036160584326217 0.0044063738396691 0.002349461830263 0.0059704410650981 0.0018025140290938 0.0066728588037539 0.0051330645610162 0.0054128451407001 0.0036338785930144 0.0069210635904245 0.0024735359079978 0.0085279310171593 0.002553318136284 0.0076057326636732 0.0039233299507941 0.0097272605126503 0.0042412318676317 0.0051341530535527 0.0065746219996373 0.012993120926417 0.0017248253239754 0.0053801909419208 0.0058935474456403

Sub-matrix 4:	 4 rows 	32 cols

VarCov Matrix of group 4 

0.0000072 0.0000053 0.0000005 0.0000005 -0.0000014 0.0000039 -0.0000039 0.0000104 0.0000079 -0.0000022 0.0000006 0.0000030 0.0000171 0.0000032 -0.0000043 0.0000067 0.0000041 0.0000041 -0.0000208 0.0000002 -0.0000048 -0.0000027 -0.0000134 -0.0000031 0.0000071 -0.0000096 -0.0000073 0.0000022 -0.0000105 -0.0000041 0.0000076 0.0000091
0.0000053 0.0000053 0.0000015 -0.0000009 -0.0000002 0.0000015 -0.0000017 0.0000082 0.0000053 -0.0000002 0.0000005 0.0000009 0.0000050 0.0000003 0.0000025 0.0000036 -0.0000014 0.0000029 -0.0000085 -0.0000003 -0.0000014 -0.0000025 -0.0000068 0.0000000 0.0000014 -0.0000087 -0.0000154 0.0000035 -0.0000018 -0.0000030 0.0000065 -0.0000074
0.0000005 0.0000015 0.0000011 -0.0000011 0.0000000 -0.0000015 -0.0000005 0.0000008 0.0000007 0.0000001 0.0000005 -0.0000009 -0.0000036 -0.0000011 0.0000048 -0.0000008 -0.0000035 0.0000003 0.0000055 -0.0000003 -0.0000009 -0.0000005 0.0000022 0.0000023 -0.0000025 -0.0000014 -0.0000079 0.0000026 0.0000004 -0.0000010 0.0000027 -0.0000128
0.0000005 -0.0000009 -0.0000011 0.0000012 -0.0000006 0.0000018 -0.0000008 0.0000003 0.0000007 -0.0000010 -0.0000002 0.0000014 0.0000072 0.0000019 -0.0000056 0.0000017 0.0000043 0.0000003 -0.0000081 0.0000004 -0.0000012 0.0000003 -0.0000039 -0.0000026 0.0000039 0.0000006 0.0000082 -0.0000020 -0.0000043 0.0000000 -0.0000010 0.0000142
-0.0000014 -0.0000002 0.0000000 -0.0000006 0.0000017 -0.0000002 0.0000036 -0.0000012 -0.0000029 0.0000029 -0.0000008 -0.0000009 -0.0000091 -0.0000021 0.0000023 -0.0000018 -0.0000025 -0.0000012 0.0000045 -0.0000003 0.0000062 0.0000001 0.0000028 0.0000005 -0.0000034 0.0000003 -0.0000043 -0.0000014 0.0000119 0.0000022 -0.0000039 -0.0000041
0.0000039 0.0000015 -0.0000015 0.0000018 -0.0000002 0.0000052 -0.0000002 0.0000058 0.0000033 -0.0000003 -0.0000008 0.0000033 0.0000137 0.0000031 -0.0000098 0.0000053 0.0000074 0.0000020 -0.0000221 0.0000004 0.0000012 -0.0000011 -0.0000120 -0.0000058 0.0000076 -0.0000048 0.0000051 -0.0000033 -0.0000021 -0.0000004 -0.0000008 0.0000256
-0.0000039 -0.0000017 -0.0000005 -0.0000008 0.0000036 -0.0000002 0.0000079 -0.0000039 -0.0000069 0.0000061 -0.0000019 -0.0000017 -0.0000189 -0.0000041 0.0000032 -0.0000040 -0.0000041 -0.0000030 0.0000090 -0.0000006 0.0000135 0.0000008 0.0000062 0.0000003 -0.0000067 0.0000022 -0.0000046 -0.0000041 0.0000252 0.0000052 -0.0000098 -0.0000038
0.0000104 0.0000082 0.0000008 0.0000003 -0.0000012 0.0000058 -0.0000039 0.0000156 0.0000107 -0.0000018 0.0000004 0.0000040 0.0000209 0.0000036 -0.0000049 0.0000094 0.0000047 0.0000058 -0.0000295 0.0000001 -0.0000038 -0.0000042 -0.0000191 -0.0000045 0.0000089 -0.0000150 -0.0000145 0.0000029 -0.0000093 -0.0000052 0.0000097 0.0000109
0.0000079 0.0000053 0.0000007 0.0000007 -0.0000029 0.0000033 -0.0000069 0.0000107 0.0000099 -0.0000047 0.0000014 0.0000032 0.0000229 0.0000045 -0.0000048 0.0000075 0.0000052 0.0000049 -0.0000215 0.0000004 -0.0000103 -0.0000027 -0.0000141 -0.0000027 0.0000090 -0.0000092 -0.0000044 0.0000039 -0.0000205 -0.0000059 0.0000110 0.0000089
-0.0000022 -0.0000002 0.0000001 -0.0000010 0.0000029 -0.0000003 0.0000061 -0.0000018 -0.0000047 0.0000049 -0.0000014 -0.0000015 -0.0000155 -0.0000036 0.0000041 -0.0000029 -0.0000044 -0.0000019 0.0000073 -0.0000006 0.0000106 0.0000001 0.0000046 0.0000008 -0.0000058 0.0000001 -0.0000080 -0.0000022 0.0000204 0.0000036 -0.0000063 -0.0000073
0.0000006 0.0000005 0.0000005 -0.0000002 -0.0000008 -0.0000008 -0.0000019 0.0000004 0.0000014 -0.0000014 0.0000006 -0.0000002 0.0000021 0.0000004 0.0000013 0.0000002 -0.0000006 0.0000005 0.0000014 0.0000000 -0.0000034 -0.0000002 0.0000003 0.0000010 0.0000002 -0.0000003 -0.0000011 0.0000018 -0.0000055 -0.0000014 0.0000029 -0.0000045
0.0000030 0.0000009 -0.0000009 0.0000014 -0.0000009 0.0000033 -0.0000017 0.0000040 0.0000032 -0.0000015 -0.0000002 0.0000024 0.0000126 0.0000029 -0.0000071 0.0000040 0.0000057 0.0000017 -0.0000155 0.0000004 -0.0000021 -0.0000007 -0.0000086 -0.0000038 0.0000062 -0.0000029 0.0000054 -0.0000014 -0.0000067 -0.0000012 0.0000012 0.0000177
0.0000171 0.0000050 -0.0000036 0.0000072 -0.0000091 0.0000137 -0.0000189 0.0000209 0.0000229 -0.0000155 0.0000021 0.0000126 0.0000804 0.0000182 -0.0000355 0.0000222 0.0000307 0.0000109 -0.0000769 0.0000027 -0.0000291 -0.0000035 -0.0000440 -0.0000164 0.0000360 -0.0000134 0.0000336 -0.0000006 -0.0000663 -0.0000122 0.0000182 0.0000823
0.0000032 0.0000003 -0.0000011 0.0000019 -0.0000021 0.0000031 -0.0000041 0.0000036 0.0000045 -0.0000036 0.0000004 0.0000029 0.0000182 0.0000043 -0.0000090 0.0000047 0.0000076 0.0000021 -0.0000171 0.0000007 -0.0000065 -0.0000004 -0.0000094 -0.0000040 0.0000084 -0.0000017 0.0000107 -0.0000009 -0.0000151 -0.0000023 0.0000031 0.0000212
-0.0000043 0.0000025 0.0000048 -0.0000056 0.0000023 -0.0000098 0.0000032 -0.0000049 -0.0000048 0.0000041 0.0000013 -0.0000071 -0.0000355 -0.0000090 0.0000266 -0.0000097 -0.0000205 -0.0000025 0.0000433 -0.0000017 0.0000040 -0.0000003 0.0000217 0.0000130 -0.0000190 0.0000008 -0.0000336 0.0000090 0.0000179 0.0000003 0.0000039 -0.0000679
0.0000067 0.0000036 -0.0000008 0.0000017 -0.0000018 0.0000053 -0.0000040 0.0000094 0.0000075 -0.0000029 0.0000002 0.0000040 0.0000222 0.0000047 -0.0000097 0.0000077 0.0000082 0.0000039 -0.0000267 0.0000006 -0.0000050 -0.0000021 -0.0000158 -0.0000055 0.0000102 -0.0000078 0.0000023 -0.0000003 -0.0000131 -0.0000034 0.0000053 0.0000232
0.0000041 -0.0000014 -0.0000035 0.0000043 -0.0000025 0.0000074 -0.0000041 0.0000047 0.0000052 -0.0000044 -0.0000006 0.0000057 0.0000307 0.0000076 -0.0000205 0.0000082 0.0000162 0.0000025 -0.0000345 0.0000014 -0.0000059 0.0000000 -0.0000177 -0.0000098 0.0000157 -0.0000013 0.0000258 -0.0000058 -0.0000189 -0.0000014 -0.0000007 0.0000515
0.0000041 0.0000029 0.0000003 0.0000003 -0.0000012 0.0000020 -0.0000030 0.0000058 0.0000049 -0.0000019 0.0000005 0.0000017 0.0000109 0.0000021 -0.0000025 0.0000039 0.0000025 0.0000025 -0.0000115 0.0000002 -0.0000042 -0.0000015 -0.0000075 -0.0000016 0.0000044 -0.0000052 -0.0000032 0.0000017 -0.0000085 -0.0000028 0.0000051 0.0000048
-0.0000208 -0.0000085 0.0000055 -0.0000081 0.0000045 -0.0000221 0.0000090 -0.0000295 -0.0000215 0.0000073 0.0000014 -0.0000155 -0.0000769 -0.0000171 0.0000433 -0.0000267 -0.0000345 -0.0000115 0.0001021 -0.0000024 0.0000089 0.0000057 0.0000573 0.0000245 -0.0000383 0.0000232 -0.0000237 0.0000088 0.0000343 0.0000073 -0.0000076 -0.0001089
0.0000002 -0.0000003 -0.0000003 0.0000004 -0.0000003 0.0000004 -0.0000006 0.0000001 0.0000004 -0.0000006 0.0000000 0.0000004 0.0000027 0.0000007 -0.0000017 0.0000006 0.0000014 0.0000002 -0.0000024 0.0000001 -0.0000010 0.0000001 -0.0000012 -0.0000007 0.0000013 0.0000003 0.0000028 -0.0000004 -0.0000024 -0.0000002 0.0000001 0.0000041
-0.0000048 -0.0000014 -0.0000009 -0.0000012 0.0000062 0.0000012 0.0000135 -0.0000038 -0.0000103 0.0000106 -0.0000034 -0.0000021 -0.0000291 -0.0000065 0.0000040 -0.0000050 -0.0000059 -0.0000042 0.0000089 -0.0000010 0.0000239 0.0000006 0.0000068 -0.0000008 -0.0000098 0.0000008 -0.0000105 -0.0000073 0.0000437 0.0000085 -0.0000160 -0.0000027
-0.0000027 -0.0000025 -0.0000005 0.0000003 0.0000001 -0.0000011 0.0000008 -0.0000042 -0.0000027 0.0000001 -0.0000002 -0.0000007 -0.0000035 -0.0000004 -0.0000003 -0.0000021 0.0000000 -0.0000015 0.0000057 0.0000001 0.0000006 0.0000012 0.0000041 0.0000005 -0.0000013 0.0000043 0.0000065 -0.0000013 0.0000010 0.0000014 -0.0000029 0.0000012
-0.0000134 -0.0000068 0.0000022 -0.0000039 0.0000028 -0.0000120 0.0000062 -0.0000191 -0.0000141 0.0000046 0.0000003 -0.0000086 -0.0000440 -0.0000094 0.0000217 -0.0000158 -0.0000177 -0.0000075 0.0000573 -0.0000012 0.0000068 0.0000041 0.0000331 0.0000127 -0.0000212 0.0000158 -0.0000064 0.0000026 0.0000214 0.0000056 -0.0000077 -0.0000536
-0.0000031 0.0000000 0.0000023 -0.0000026 0.0000005 -0.0000058 0.0000003 -0.0000045 -0.0000027 0.0000008 0.0000010 -0.0000038 -0.0000164 -0.0000040 0.0000130 -0.0000055 -0.0000098 -0.0000016 0.0000245 -0.0000007 -0.0000008 0.0000005 0.0000127 0.0000071 -0.0000092 0.0000028 -0.0000122 0.0000049 0.0000040 -0.0000002 0.0000025 -0.0000340
0.0000071 0.0000014 -0.0000025 0.0000039 -0.0000034 0.0000076 -0.0000067 0.0000089 0.0000090 -0.0000058 0.0000002 0.0000062 0.0000360 0.0000084 -0.0000190 0.0000102 0.0000157 0.0000044 -0.0000383 0.0000013 -0.0000098 -0.0000013 -0.0000212 -0.0000092 0.0000171 -0.0000054 0.0000189 -0.0000028 -0.0000252 -0.0000040 0.0000048 0.0000461
-0.0000096 -0.0000087 -0.0000014 0.0000006 0.0000003 -0.0000048 0.0000022 -0.0000150 -0.0000092 0.0000001 -0.0000003 -0.0000029 -0.0000134 -0.0000017 0.0000008 -0.0000078 -0.0000013 -0.0000052 0.0000232 0.0000003 0.0000008 0.0000043 0.0000158 0.0000028 -0.0000054 0.0000153 0.0000209 -0.0000035 0.0000023 0.0000044 -0.0000089 -0.0000012
-0.0000073 -0.0000154 -0.0000079 0.0000082 -0.0000043 0.0000051 -0.0000046 -0.0000145 -0.0000044 -0.0000080 -0.0000011 0.0000054 0.0000336 0.0000107 -0.0000336 0.0000023 0.0000258 -0.0000032 -0.0000237 0.0000028 -0.0000105 0.0000065 -0.0000064 -0.0000122 0.0000189 0.0000209 0.0000759 -0.0000144 -0.0000313 0.0000038 -0.0000134 0.0000850
0.0000022 0.0000035 0.0000026 -0.0000020 -0.0000014 -0.0000033 -0.0000041 0.0000029 0.0000039 -0.0000022 0.0000018 -0.0000014 -0.0000006 -0.0000009 0.0000090 -0.0000003 -0.0000058 0.0000017 0.0000088 -0.0000004 -0.0000073 -0.0000013 0.0000026 0.0000049 -0.0000028 -0.0000035 -0.0000144 0.0000070 -0.0000092 -0.0000040 0.0000094 -0.0000260
-0.0000105 -0.0000018 0.0000004 -0.0000043 0.0000119 -0.0000021 0.0000252 -0.0000093 -0.0000205 0.0000204 -0.0000055 -0.0000067 -0.0000663 -0.0000151 0.0000179 -0.0000131 -0.0000189 -0.0000085 0.0000343 -0.0000024 0.0000437 0.0000010 0.0000214 0.0000040 -0.0000252 0.0000023 -0.0000313 -0.0000092 0.0000844 0.0000153 -0.0000270 -0.0000324
-0.0000041 -0.0000030 -0.0000010 0.0000000 0.0000022 -0.0000004 0.0000052 -0.0000052 -0.0000059 0.0000036 -0.0000014 -0.0000012 -0.0000122 -0.0000023 0.0000003 -0.0000034 -0.0000014 -0.0000028 0.0000073 -0.0000002 0.0000085 0.0000014 0.0000056 -0.0000002 -0.0000040 0.0000044 0.0000038 -0.0000040 0.0000153 0.0000042 -0.0000083 0.0000023
0.0000076 0.0000065 0.0000027 -0.0000010 -0.0000039 -0.0000008 -0.0000098 0.0000097 0.0000110 -0.0000063 0.0000029 0.0000012 0.0000182 0.0000031 0.0000039 0.0000053 -0.0000007 0.0000051 -0.0000076 0.0000001 -0.0000160 -0.0000029 -0.0000077 0.0000025 0.0000048 -0.0000089 -0.0000134 0.0000094 -0.0000270 -0.0000083 0.0000172 -0.0000158
0.0000091 -0.0000074 -0.0000128 0.0000142 -0.0000041 0.0000256 -0.0000038 0.0000109 0.0000089 -0.0000073 -0.0000045 0.0000177 0.0000823 0.0000212 -0.0000679 0.0000232 0.0000515 0.0000048 -0.0001089 0.0000041 -0.0000027 0.0000012 -0.0000536 -0.0000340 0.0000461 -0.0000012 0.0000850 -0.0000260 -0.0000324 0.0000023 -0.0000158 0.0001758


TRACE of the VCV matrix: 0.00076536413963298

Means
-0.0016032644496545 0.00011649349850981 0.00026196862683681 0.0010076248094613 0.00069769333724128 -0.00062299896965108 -0.00018796233633902 -0.0012228933671471 -0.0030656559965739 -3.8097966713979e-05 -0.0046715999604771 0.00068974534945284 -0.0028586156516492 -0.00066179970750512 0.003125465308376 0.00017246014961435 0.0011790982277848 0.00019898110064804 0.0087420608026159 0.0010423711317947 0.0027137085563844 -0.0015687637296342 0.0029811882864453 2.6224853345949e-05 0.004867904910794 -0.0031830062004706 0.00092383188363797 0.00046321244424156 -0.0052354228578597 0.0026040053011775 -0.0056012630131902 0.0017680627842588

Sigmas
0.0026853690550303 0.0023116926240748 0.0010633507526822 0.0011028487062331 0.0012974934052995 0.0022852443094833 0.0028096318313285 0.0039526930273907 0.003141970846327 0.0022220912538304 0.00079556111954634 0.0015536214967158 0.0089680197725092 0.0020685097157212 0.0051584812801874 0.00276852616831 0.0040286637609703 0.0015713330253346 0.010102607289689 0.0003694958587746 0.0048867386583235 0.0011124380685294 0.0057571780130203 0.0026647147853264 0.0041329137853667 0.003910478595057 0.0087125793640311 0.0026539602545548 0.0091846976159741 0.0020573641267893 0.0041466522313018 0.013260083266687

Trace of each variance covariance matrix
 Trace of VCV of group 1: 0.0011630914930641
Trace of VCV of group 2: 0.0018271451819222
Trace of VCV of group 3: 0.00084994269624991
Trace of VCV of group 4: 0.00076536413963298

Table of means of each variable, in each group
 
0.00168775 0.00179318 -0.00059554 0.00140510 0.00023862 -0.00128665 0.00164851 0.00092224 0.00410724 0.00012938 0.00274873 -0.00089754 -0.00213361 -0.00028155 0.00141687 -0.00176439 0.00507190 -0.00039032 -0.00878484 -0.00228458 -0.00021851 0.00167039 -0.00448540 -0.00006379 0.00269137 0.00265635 0.00377176 -0.00152815 -0.00374603 0.00008646 -0.00372023 -0.00842665
-0.00003220 -0.00148814 -0.00084180 -0.00174877 -0.00194124 0.00088513 -0.00062381 0.00055147 -0.00014207 -0.00026341 0.00357336 -0.00019974 -0.00011883 0.00145074 -0.00081557 -0.00028465 -0.00401227 -0.00070875 -0.00497323 0.00100284 -0.00048430 0.00056684 -0.00431448 0.00136110 -0.00202074 0.00191526 0.00079024 0.00168824 0.00976179 -0.00254577 0.00491305 0.01116034
-0.00005229 -0.00042153 0.00117537 -0.00066396 0.00100493 0.00102451 -0.00083674 -0.00025082 -0.00089952 0.00017212 -0.00165050 0.00040754 0.00511105 -0.00050740 -0.00372676 0.00187658 -0.00223873 0.00090008 0.00501600 0.00023937 -0.00201090 -0.00066847 0.00581869 -0.00132353 -0.00553853 -0.00138861 -0.00548583 -0.00062331 -0.00078034 -0.00014470 0.00410109 -0.00279084
-0.00160326 0.00011649 0.00026197 0.00100762 0.00069769 -0.00062300 -0.00018796 -0.00122289 -0.00306566 -0.00003810 -0.00467160 0.00068975 -0.00285862 -0.00066180 0.00312547 0.00017246 0.00117910 0.00019898 0.00874206 0.00104237 0.00271371 -0.00156876 0.00298119 0.00002622 0.00486790 -0.00318301 0.00092383 0.00046321 -0.00523542 0.00260401 -0.00560126 0.00176806



---------------------------------------------------- 
Sub - matrices saved as ... 
C:/Users/vmc04/Desktop/CLIC practice for workflow tutorial/PCA/Field 18 scaled data for tutorial_PW_sub_1.txt ... 
to :
C:/Users/vmc04/Desktop/CLIC practice for workflow tutorial/PCA/Field 18 scaled data for tutorial_PW_4.txt

EUCLIDEAN DISTANCES among groups, based on group means

0.0000000 0.0000000 0.0000000 0.0000000
0.0295463 0.0000000 0.0000000 0.0000000
0.0284252 0.0262410 0.0000000 0.0000000
0.0267415 0.0306979 0.0222181 0.0000000

Your attention please:The distances matrix above has been computed without checking for the nature of  your input variables. If you wanted Euclidean distances between group's mean shapes, you had to enter  either PARTIAL or RELATIVE WARPS. The file you entered was : 
C:/Users/vmc04/Desktop/CLIC practice for workflow tutorial/PCA/Field 18 scaled data for tutorial_PW.txt

EUCLIDEAN DISTANCES between groups (PW, or equivalently RW),  formatted to be introduced as infile by a PHYLIP module
 4
_1        0
_2        0.029546261763146 0
_3        0.028425225457779 0.026241005899743 0
_4        0.026741529197512 0.030697928648043 0.022218126012033 0

C:/Users/vmc04/Desktop/CLIC practice for workflow tutorial/PCA/Field 18 scaled data for tutorial_PW


Data directory C:/Users/vmc04/Desktop/CLIC practice for workflow tutorial/PCA/Field 18 scaled data for tutorial_PW.txt <-> C:/Users/vmc04/Desktop/CLIC practice for workflow tutorial/PCA/Field 18 scaled data for tutorial_PW.txt
