consensus aligned to its principal axes - from coord_Jul28_Format.txt
-0.34637307731047323 -0.15685721139711528
-0.061991270939012841 -0.14366736807126285
0.2867022339802302 -0.0094005283079848737
0.29944033374460133 0.021667180594111692
0.30239128262105835 0.053883601036471607
0.28989207643984927 0.08269156841024014
0.25030275808867275 0.10555520982453973
0.17812678048792668 0.12767418218744206
0.0708417941091323 0.13992325715358234
-0.099683958775465112 0.13448502995816775
-0.35901295541450307 -0.0507684855992796
-0.20886098193528113 -0.027030737458745228
-0.20489318140135379 -0.054149439019145498
-0.14050321738076099 -0.032317419032308635
-0.13704477877767512 -0.06163207455831414
-0.1336326502544439 -0.091309576189305491
-0.0064975000949231395 -0.076047969081764907
0.020796312812422051 0.037300779550671556