TPS like internal (simplified) format - can be converted to other format by using TET

LM=18
524.000	454.000
752.000	503.000
1044.000	687.000
1051.000	718.000
1043.000	748.000
1019.000	769.000
991.000	776.000
931.000	782.000
829.000	773.000
683.000	742.000
493.000	543.000
617.000	585.000
625.000	562.000
671.000	590.000
678.000	565.000
686.000	539.000
782.000	568.000
803.000	675.000
IMAGE=C:/Users/vmc04/Desktop/Lab reared wings for landmarking/18/SJU/SJUFA/SJU 014.gif
ID=1 : SJU 014 18
COMMENT=FA-18
VARIABLES=NA
SCALE=NA

LM=18
519.000	363.000
748.000	417.000
1001.000	575.000
1009.000	610.000
1012.000	635.000
998.000	651.000
964.000	665.000
894.000	676.000
793.000	670.000
663.000	637.000
493.000	446.000
608.000	490.000
618.000	470.000
660.000	499.000
665.000	472.000
674.000	448.000
775.000	478.000
777.000	575.000
IMAGE=C:/Users/vmc04/Desktop/Lab reared wings for landmarking/18/SJU/SJUFA/SJU 022.gif
ID=2 : SJU 022 18
COMMENT=FA-18
VARIABLES=NA
SCALE=NA

LM=18
626.000	387.000
867.000	411.000
1200.000	541.000
1207.000	564.000
1209.000	591.000
1202.000	623.000
1172.000	641.000
1097.000	661.000
993.000	671.000
842.000	661.000
599.000	481.000
753.000	512.000
758.000	486.000
804.000	506.000
807.000	484.000
810.000	457.000
923.000	471.000
952.000	576.000
IMAGE=C:/Users/vmc04/Desktop/Lab reared wings for landmarking/18/SJU/SJUFA/SJU 060.gif
ID=3 : SJU 060 18
COMMENT=FA-18
VARIABLES=NA
SCALE=NA

LM=18
543.000	366.000
772.000	446.000
1039.000	641.000
1043.000	675.000
1039.000	712.000
1020.000	734.000
976.000	744.000
913.000	743.000
811.000	725.000
663.000	684.000
489.000	448.000
616.000	515.000
629.000	489.000
681.000	525.000
689.000	497.000
702.000	471.000
816.000	527.000
799.000	623.000
IMAGE=C:/Users/vmc04/Desktop/Lab reared wings for landmarking/18/SJU/SJUFA/SJU 062.gif
ID=4 : SJU 062 18
COMMENT=FA-18
VARIABLES=NA
SCALE=NA

LM=18
604.000	395.000
869.000	390.000
1151.000	483.000
1163.000	510.000
1167.000	532.000
1161.000	555.000
1123.000	578.000
1075.000	602.000
984.000	614.000
847.000	621.000
614.000	485.000
750.000	496.000
753.000	472.000
813.000	489.000
813.000	461.000
815.000	436.000
913.000	443.000
941.000	533.000
IMAGE=C:/Users/vmc04/Desktop/Lab reared wings for landmarking/18/SJU/SJUFA/SJU 104.gif
ID=5 : SJU 104 18
COMMENT=FA-18
VARIABLES=NA
SCALE=NA

LM=18
591.000	379.000
821.000	424.000
1118.000	585.000
1126.000	612.000
1125.000	639.000
1112.000	666.000
1073.000	682.000
997.000	687.000
919.000	686.000
771.000	656.000
575.000	468.000
700.000	504.000
704.000	486.000
771.000	515.000
775.000	490.000
779.000	467.000
887.000	499.000
894.000	592.000
IMAGE=C:/Users/vmc04/Desktop/Lab reared wings for landmarking/18/SJU/SJUFA/SJU 111.gif
ID=6 : SJU 111 18
COMMENT=FA-18
VARIABLES=NA
SCALE=NA

LM=18
568.000	454.000
820.000	464.000
1128.000	583.000
1138.000	610.000
1138.000	639.000
1132.000	664.000
1100.000	682.000
1041.000	702.000
948.000	714.000
795.000	711.000
563.000	549.000
695.000	568.000
695.000	546.000
753.000	566.000
758.000	539.000
761.000	513.000
862.000	523.000
894.000	627.000
IMAGE=C:/Users/vmc04/Desktop/Lab reared wings for landmarking/18/SJU/SJUFA/SJU 150.gif
ID=7 : SJU 150 18
COMMENT=FA-18
VARIABLES=NA
SCALE=NA

LM=18
694.000	312.000
952.000	341.000
1289.000	481.000
1298.000	508.000
1301.000	542.000
1290.000	565.000
1251.000	584.000
1188.000	597.000
1072.000	607.000
920.000	596.000
681.000	406.000
820.000	438.000
826.000	414.000
886.000	436.000
889.000	415.000
893.000	384.000
1017.000	410.000
1040.000	514.000
IMAGE=C:/Users/vmc04/Desktop/Lab reared wings for landmarking/18/SJU/SJUFA/SJU 152.gif
ID=8 : SJU 152 18
COMMENT=FA-18
VARIABLES=NA
SCALE=NA

LM=18
621.000	505.000
871.000	446.000
1190.000	463.000
1208.000	484.000
1219.000	514.000
1213.000	544.000
1185.000	569.000
1136.000	603.000
1047.000	642.000
916.000	681.000
646.000	596.000
767.000	580.000
763.000	555.000
824.000	559.000
821.000	532.000
816.000	507.000
941.000	486.000
978.000	570.000
IMAGE=C:/Users/vmc04/Desktop/Lab reared wings for landmarking/18/SJU/SJUFA/SJU 206-1.gif
ID=9 : SJU 206 18
COMMENT=FA-18
VARIABLES=NA
SCALE=NA

LM=18
667.000	513.000
854.000	363.000
1145.000	251.000
1175.000	265.000
1189.000	282.000
1195.000	308.000
1183.000	343.000
1144.000	409.000
1084.000	472.000
972.000	563.000
719.000	591.000
826.000	527.000
807.000	502.000
859.000	479.000
846.000	460.000
831.000	438.000
912.000	382.000
1009.000	433.000
IMAGE=C:/Users/vmc04/Desktop/Lab reared wings for landmarking/18/SJU/SJUFA/SJU 250.gif
ID=10 : SJU 250 18
COMMENT=FA-18
VARIABLES=NA
SCALE=NA

LM=18
614.000	360.000
864.000	355.000
1157.000	442.000
1173.000	472.000
1179.000	501.000
1165.000	530.000
1136.000	552.000
1083.000	577.000
989.000	599.000
846.000	606.000
609.000	461.000
733.000	465.000
734.000	444.000
807.000	461.000
811.000	435.000
810.000	410.000
901.000	409.000
937.000	507.000
IMAGE=C:/Users/vmc04/Desktop/Lab reared wings for landmarking/18/SJU/SJUFA/SJU 252.gif
ID=11 : SJU 252 18
COMMENT=FA-18
VARIABLES=NA
SCALE=NA

LM=18
594.000	443.000
830.000	301.000
1174.000	229.000
1197.000	246.000
1212.000	270.000
1210.000	300.000
1188.000	336.000
1142.000	394.000
1074.000	453.000
943.000	535.000
655.000	526.000
781.000	468.000
771.000	445.000
824.000	427.000
813.000	401.000
799.000	377.000
915.000	319.000
991.000	397.000
IMAGE=C:/Users/vmc04/Desktop/Lab reared wings for landmarking/18/SJU/SJUFA/SJU 289.gif
ID=12 : SJU 289 18
COMMENT=FA-18
VARIABLES=NA
SCALE=NA

LM=18
743.000	362.000
979.000	489.000
1218.000	748.000
1218.000	777.000
1210.000	807.000
1186.000	826.000
1139.000	827.000
1063.000	810.000
977.000	782.000
834.000	704.000
686.000	443.000
805.000	523.000
821.000	503.000
856.000	539.000
872.000	518.000
891.000	496.000
997.000	566.000
978.000	668.000
IMAGE=C:/Users/vmc04/Desktop/Lab reared wings for landmarking/18/SJU/SJUFA/SJU 291.gif
ID=13 : SJU 291 18
COMMENT=FA-18
VARIABLES=NA
SCALE=NA

LM=18
573.000	535.000
819.000	416.000
1138.000	377.000
1166.000	400.000
1181.000	425.000
1183.000	447.000
1162.000	485.000
1117.000	527.000
1039.000	579.000
900.000	645.000
613.000	619.000
741.000	572.000
733.000	550.000
788.000	541.000
778.000	517.000
769.000	494.000
880.000	448.000
954.000	525.000
IMAGE=C:/Users/vmc04/Desktop/Lab reared wings for landmarking/18/SJU/SJUFA/SJU 321-1.gif
ID=14 : SJU 321 18
COMMENT=FA-18
VARIABLES=NA
SCALE=NA

LM=18
873.000	352.000
1072.000	462.000
1282.000	703.000
1278.000	731.000
1268.000	753.000
1249.000	768.000
1209.000	772.000
1140.000	759.000
1067.000	734.000
940.000	662.000
816.000	422.000
916.000	493.000
928.000	477.000
969.000	516.000
983.000	497.000
1001.000	475.000
1091.000	537.000
1061.000	634.000
IMAGE=C:/Users/vmc04/Desktop/Lab reared wings for landmarking/18/SJU/SJUFA/SJU 325.gif
ID=15 : SJU 325 18
COMMENT=FA-18
VARIABLES=NA
SCALE=NA

LM=18
488.000	416.000
751.000	509.000
1020.000	714.000
1023.000	741.000
1020.000	770.000
1001.000	797.000
958.000	809.000
897.000	807.000
796.000	791.000
649.000	739.000
446.000	497.000
582.000	565.000
591.000	545.000
636.000	576.000
648.000	553.000
655.000	530.000
775.000	577.000
764.000	675.000
IMAGE=C:/Users/vmc04/Desktop/Lab reared wings for landmarking/18/SJU/SJUFA/SJU 376.gif
ID=16 : SJU 376 18
COMMENT=FA-18
VARIABLES=NA
SCALE=NA

LM=18
741.000	402.000
979.000	433.000
1264.000	594.000
1272.000	620.000
1270.000	652.000
1256.000	677.000
1215.000	693.000
1152.000	701.000
1062.000	702.000
900.000	677.000
719.000	489.000
838.000	522.000
844.000	500.000
897.000	525.000
905.000	497.000
909.000	469.000
1021.000	502.000
1025.000	605.000
IMAGE=C:/Users/vmc04/Desktop/Lab reared wings for landmarking/18/SJU/SJUFA/SJU 422-1.gif
ID=17 : SJU 422 18
COMMENT=FA-18
VARIABLES=NA
SCALE=NA

LM=18
542.000	409.000
796.000	411.000
1117.000	515.000
1128.000	536.000
1134.000	568.000
1130.000	596.000
1084.000	624.000
1017.000	649.000
934.000	665.000
769.000	668.000
527.000	506.000
665.000	522.000
665.000	495.000
728.000	518.000
728.000	486.000
732.000	459.000
848.000	470.000
878.000	577.000
IMAGE=C:/Users/vmc04/Desktop/Lab reared wings for landmarking/18/SJU/SJUFA/SJU 423.gif
ID=18 : SJU 423 18
COMMENT=FA-18
VARIABLES=NA
SCALE=NA

LM=18
623.000	470.000
883.000	447.000
1224.000	529.000
1239.000	558.000
1246.000	586.000
1242.000	616.000
1216.000	644.000
1154.000	676.000
1054.000	699.000
888.000	718.000
628.000	579.000
774.000	581.000
772.000	554.000
841.000	568.000
843.000	540.000
841.000	514.000
954.000	507.000
995.000	616.000
IMAGE=C:/Users/vmc04/Desktop/Lab reared wings for landmarking/18/SJU/SJUFA/SJU 461.gif
ID=19 : SJU 461 18
COMMENT=FA-18
VARIABLES=NA
SCALE=NA

LM=18
582.000	354.000
861.000	404.000
1174.000	590.000
1180.000	617.000
1177.000	644.000
1161.000	667.000
1126.000	683.000
1055.000	699.000
932.000	685.000
769.000	656.000
552.000	448.000
687.000	489.000
697.000	464.000
760.000	492.000
764.000	469.000
771.000	445.000
890.000	472.000
899.000	581.000
IMAGE=C:/Users/vmc04/Desktop/Lab reared wings for landmarking/18/SJU/SJUFA/SJU 465.gif
ID=20 : SJU 465 18
COMMENT=FA-18
VARIABLES=NA
SCALE=NA