
Fichier : C:/Users/vmc04/Documents/GitHub/wingproj/Gomez analysis plan/Field 18 allometry/2017_09_06 Field 18 RMO scaled_PW_CS.txt
 - - - Bottom left button WRAP to read LONG LINES - - - hit 2 times the very first time - - - - Bottom left button WRAP to read LONG LINE  - - - - - - then only 1 time is enough - - - -

The first column of a ..._PW_CS.file contains the SIZE (centroid size) and the next columns contain the SHAPE variables (partial warps). Please enter the successive files having this format (..._PW_CS.txt) for the relevant groups. The question is: are the allometric trends similar among groups?
This analysis follows the steps indicated in the help of TPSregr (Rohlf) for testing a common slope

Nb permutations = 1000

C:/Users/vmc04/Documents/GitHub/wingproj/Gomez analysis plan/Field 18 allometry/2017_09_06 Field 18 ARS scaled_PW_CS.txt 

C:/Users/vmc04/Documents/GitHub/wingproj/Gomez analysis plan/Field 18 Procrustes analysis MOG individual/2017_09_06 Field 18 ARS scaled - centroid size AND partial warps scores - U1, U2 last columns - first column is size - Field18ARS scaled- 17 

Numero de variables =	33

Numero de individuos =	17

Matrix X:	----------------------------------start---


   2.405    0.001   -0.000    0.001   -0.004    0.003   -0.002   -0.001    0.001   -0.003   -0.001   -0.002    0.004   -0.002    0.001    0.000   -0.005    0.035   -0.005    0.004    0.002   -0.023    0.002   -0.007    0.001   -0.037   -0.002   -0.019    0.003   -0.009   -0.001    0.010    0.004
   2.714    0.002    0.002    0.002   -0.002   -0.001    0.001   -0.000    0.003    0.000    0.001   -0.001    0.000    0.014   -0.002    0.004   -0.001    0.018    0.003    0.001    0.000   -0.003   -0.002    0.019    0.004   -0.010    0.002   -0.012    0.002    0.019   -0.004    0.002    0.013
   2.730    0.000    0.001    0.001    0.000   -0.001   -0.001   -0.000   -0.001    0.003    0.003   -0.003   -0.002    0.000   -0.002    0.006   -0.000   -0.002    0.006    0.003   -0.002    0.006   -0.000   -0.012   -0.001    0.008    0.001    0.005   -0.005    0.009   -0.005   -0.000    0.005
   2.680    0.001    0.002    0.000    0.001   -0.000    0.003   -0.001    0.002   -0.003    0.001    0.002   -0.002   -0.013   -0.000   -0.002    0.000   -0.002    0.000    0.001    0.008    0.011   -0.001    0.008   -0.004    0.015    0.000    0.010    0.000    0.009   -0.006    0.006    0.013
   2.648    0.002    0.001   -0.001    0.001   -0.003   -0.001    0.001    0.001    0.004   -0.003    0.002   -0.000   -0.007    0.000   -0.014    0.005    0.003   -0.003   -0.008   -0.000   -0.006   -0.004   -0.005    0.002   -0.008    0.003   -0.015   -0.004    0.001    0.010    0.005   -0.011
   2.738   -0.000    0.001    0.001    0.002    0.002   -0.001   -0.000   -0.002   -0.002   -0.003    0.002   -0.000   -0.005   -0.002    0.000   -0.003   -0.005   -0.003   -0.001   -0.002   -0.015    0.001   -0.007    0.003   -0.007    0.003   -0.005   -0.005   -0.016    0.003   -0.008    0.004
   2.861   -0.003    0.001    0.001   -0.002   -0.001   -0.000   -0.003   -0.004   -0.003   -0.002   -0.004   -0.001    0.001   -0.001    0.006    0.000   -0.001   -0.001    0.015   -0.003    0.011    0.000   -0.007   -0.001    0.004    0.000   -0.007    0.010    0.007    0.003    0.002   -0.021
   2.938    0.002    0.001    0.002   -0.002    0.002   -0.000    0.005    0.001    0.003    0.004   -0.003    0.006    0.015   -0.002    0.002    0.005    0.009    0.002    0.014   -0.002    0.002   -0.002   -0.014   -0.005    0.002   -0.005   -0.000    0.001    0.008   -0.002    0.011   -0.017
   3.059   -0.001   -0.002   -0.001    0.003    0.000   -0.001   -0.001    0.000   -0.002    0.003    0.000   -0.001    0.001   -0.000    0.001    0.000   -0.006    0.002    0.002    0.002    0.005    0.004    0.001   -0.002    0.021    0.001    0.012   -0.005    0.020   -0.007   -0.001   -0.001
   2.791   -0.001   -0.001   -0.001    0.000    0.002   -0.001    0.004    0.004    0.006    0.000    0.002   -0.002    0.008    0.001   -0.002    0.002   -0.011   -0.002   -0.012   -0.002   -0.010   -0.003    0.002    0.000   -0.010    0.001   -0.008   -0.001   -0.021    0.001    0.000   -0.006
   2.681   -0.001   -0.001    0.000    0.005   -0.003   -0.004   -0.000   -0.000    0.003   -0.001    0.004   -0.002   -0.003    0.001   -0.009    0.002   -0.007   -0.001   -0.015    0.002    0.007    0.006    0.024   -0.002    0.004    0.000    0.004   -0.001   -0.010   -0.001   -0.023    0.006
   2.665   -0.002    0.002    0.002    0.003    0.002    0.001   -0.000   -0.003    0.001   -0.003   -0.000   -0.001    0.002    0.001    0.010   -0.001    0.008    0.004    0.009   -0.004    0.005    0.002   -0.002   -0.003   -0.007   -0.003   -0.011   -0.001   -0.001   -0.001    0.013   -0.006
   2.746   -0.002   -0.003    0.001    0.001   -0.000   -0.003    0.000    0.002    0.000    0.000   -0.005   -0.000    0.012    0.001    0.009    0.002   -0.004   -0.002    0.007    0.003    0.004   -0.004   -0.005    0.006    0.003   -0.002    0.006    0.004   -0.012   -0.000   -0.005    0.015
   2.585   -0.001    0.001   -0.004   -0.001   -0.001    0.002    0.001   -0.003   -0.002    0.001    0.007   -0.003    0.002    0.002   -0.002   -0.002   -0.008   -0.002   -0.016   -0.003    0.008    0.000    0.015   -0.005    0.009    0.004    0.010    0.001   -0.019    0.001   -0.012    0.011
   2.721    0.002    0.000   -0.001   -0.001    0.000    0.003   -0.004    0.000    0.000   -0.001    0.002    0.001   -0.013   -0.002   -0.007    0.000    0.000    0.002    0.004    0.002    0.001    0.002    0.004    0.002    0.002   -0.003    0.022    0.001    0.010    0.003    0.001   -0.003
   2.292    0.002   -0.003   -0.003   -0.001   -0.001   -0.000   -0.001   -0.002    0.001    0.002    0.007   -0.002   -0.018    0.002   -0.007    0.001   -0.015    0.001   -0.011    0.004    0.002   -0.004   -0.007   -0.001    0.012    0.002    0.015    0.001   -0.005    0.004   -0.012    0.012
   2.690   -0.001   -0.002   -0.000   -0.001    0.001    0.004    0.001   -0.000   -0.006   -0.001   -0.009    0.006    0.005    0.001    0.006   -0.005   -0.012   -0.003    0.004   -0.005   -0.003    0.002   -0.007    0.004    0.000   -0.002   -0.006    0.001    0.010    0.003    0.008   -0.009
Matrix X:	----------------------------------end----



C:/Users/vmc04/Documents/GitHub/wingproj/Gomez analysis plan/Field 18 allometry/2017_09_06 Field 18 APR scaled_PW_CS.txt 

C:/Users/vmc04/Documents/GitHub/wingproj/Gomez analysis plan/Field 18 Procrustes analysis MOG individual/2017_09_06 Field 18 APR scaled - centroid size AND partial warps scores - U1, U2 last columns - first column is size - Field18APR scaled- 50 

Numero de variables =	33

Numero de individuos =	50

Matrix X:	----------------------------------start---


   2.510    0.003   -0.002    0.002   -0.000    0.000    0.001   -0.001    0.001    0.003   -0.000   -0.007   -0.000    0.002   -0.000   -0.008   -0.001   -0.007    0.002    0.015    0.001    0.001    0.000   -0.009    0.001    0.006    0.005    0.001   -0.001   -0.015   -0.000   -0.001    0.012
   2.685    0.000    0.001    0.002   -0.003    0.002    0.001   -0.002    0.001    0.002    0.000   -0.000    0.001   -0.004   -0.001    0.007    0.001   -0.022   -0.000    0.005    0.001    0.007   -0.005    0.007   -0.002    0.003   -0.001    0.007   -0.004   -0.009    0.002   -0.003    0.003
   2.932    0.001    0.002    0.003    0.002   -0.000    0.003   -0.003    0.001    0.001   -0.000   -0.004   -0.003   -0.006    0.001   -0.002    0.000   -0.010   -0.001    0.023    0.001    0.004   -0.000    0.000    0.001    0.004    0.002    0.003    0.003   -0.002   -0.004    0.013   -0.016
   2.892   -0.002   -0.001    0.002   -0.001   -0.004   -0.001   -0.000    0.003    0.007   -0.001   -0.004    0.004    0.007    0.001   -0.004   -0.001   -0.017   -0.004    0.007   -0.004    0.000   -0.000    0.000   -0.000   -0.009    0.001   -0.007   -0.002    0.006    0.001   -0.005   -0.020
   2.869   -0.001   -0.004   -0.001    0.001    0.002    0.002    0.002   -0.001   -0.000    0.004   -0.002   -0.002    0.014   -0.002    0.000   -0.001    0.002   -0.003   -0.002    0.000   -0.005    0.003    0.009    0.004    0.017   -0.002    0.018    0.002   -0.011    0.009    0.004    0.009
   2.854   -0.001   -0.002   -0.001   -0.002   -0.000   -0.001    0.001   -0.002   -0.002    0.001   -0.001   -0.002    0.006   -0.004    0.001   -0.003   -0.001    0.001   -0.002    0.005    0.000    0.001   -0.001   -0.003    0.010    0.001   -0.003    0.000   -0.018    0.004   -0.004    0.007
   2.956   -0.002   -0.002    0.000   -0.000   -0.002   -0.003    0.003    0.003    0.000    0.001   -0.001   -0.000    0.001    0.002   -0.001    0.002   -0.009   -0.001    0.000   -0.004   -0.002   -0.002    0.008    0.003   -0.013    0.001   -0.017   -0.001    0.008   -0.001   -0.003    0.000
   2.804    0.001   -0.001    0.002    0.000   -0.004    0.002   -0.000   -0.002   -0.001   -0.001   -0.006    0.002    0.005   -0.001   -0.007    0.001   -0.015    0.001    0.008    0.001    0.008    0.004   -0.000    0.001   -0.013   -0.004   -0.018    0.002   -0.006   -0.004   -0.004    0.012
   2.634   -0.000    0.000   -0.002    0.001    0.004    0.003   -0.001   -0.003    0.004    0.002    0.001   -0.000   -0.004   -0.001    0.003   -0.005    0.002    0.000   -0.002    0.002    0.002    0.002    0.006    0.006    0.013    0.002    0.011    0.001   -0.010    0.002   -0.008    0.018
   3.045    0.003   -0.001    0.001    0.001   -0.003    0.003   -0.002   -0.004    0.012   -0.000   -0.004   -0.002    0.002    0.001   -0.005    0.002   -0.005    0.001    0.004    0.003    0.001   -0.002   -0.008   -0.003   -0.007    0.000    0.001    0.001   -0.001    0.002    0.001   -0.004
   3.074   -0.000   -0.003    0.002   -0.001   -0.002   -0.001   -0.002    0.003    0.000   -0.001   -0.006    0.003    0.008   -0.004   -0.000   -0.000   -0.010    0.000    0.020    0.001    0.004    0.000   -0.014    0.001   -0.016   -0.001   -0.004   -0.003   -0.010   -0.001   -0.001    0.005
   2.569   -0.001    0.001   -0.000   -0.000   -0.000    0.001   -0.001    0.001    0.008    0.000    0.006    0.000   -0.004   -0.001    0.005   -0.002   -0.014   -0.001   -0.004    0.003    0.007    0.003    0.007   -0.002   -0.007   -0.002    0.007    0.001    0.004   -0.001   -0.011    0.008
   2.557    0.002   -0.002    0.001   -0.001    0.003   -0.000   -0.001   -0.003    0.003    0.001    0.004    0.002   -0.006    0.006   -0.004    0.002   -0.020   -0.006   -0.008   -0.003    0.010   -0.001   -0.007   -0.005    0.004    0.010    0.003   -0.007    0.029   -0.000    0.001    0.013
   2.458    0.001    0.000   -0.001    0.002   -0.002    0.002    0.001    0.001   -0.000   -0.003   -0.000   -0.004    0.004    0.001   -0.006    0.005    0.007   -0.000   -0.003    0.005   -0.011    0.001    0.020   -0.001    0.011    0.004    0.015    0.002    0.014   -0.000    0.002    0.016
   2.828    0.001    0.001   -0.000    0.003    0.002    0.001    0.003    0.002   -0.008    0.003    0.005   -0.002   -0.005   -0.002    0.000    0.001    0.014    0.001   -0.012   -0.001   -0.007   -0.000    0.004    0.004    0.005   -0.004    0.006    0.001   -0.010   -0.002   -0.004   -0.009
   2.572   -0.000   -0.003   -0.002    0.001   -0.002   -0.002    0.001    0.000   -0.005    0.003    0.003   -0.003   -0.001    0.000   -0.005    0.002   -0.003    0.003    0.002   -0.000   -0.001   -0.008    0.011   -0.004   -0.005    0.003    0.010    0.002    0.018   -0.006   -0.003   -0.013
   2.634    0.002    0.000    0.003   -0.000   -0.002    0.001   -0.002   -0.001    0.001    0.000   -0.005    0.003    0.008    0.001   -0.007   -0.002    0.001    0.002   -0.004   -0.008    0.011    0.001   -0.007    0.001    0.001   -0.000    0.001   -0.004    0.013   -0.006    0.004    0.009
   2.812   -0.000   -0.000   -0.000   -0.002    0.000   -0.001   -0.001    0.001    0.001   -0.004   -0.004   -0.000   -0.007   -0.001    0.004   -0.003    0.007    0.001    0.002   -0.003    0.006   -0.001   -0.021    0.000    0.003    0.004   -0.014   -0.001   -0.000    0.005    0.001   -0.002
   2.530    0.000    0.002   -0.001    0.000   -0.002   -0.005   -0.001   -0.000    0.002   -0.001    0.001    0.002   -0.002    0.004    0.003   -0.001   -0.006    0.002    0.008   -0.003   -0.001   -0.000   -0.000    0.001   -0.003   -0.005   -0.010   -0.000   -0.013   -0.006    0.007    0.009
   2.462   -0.001    0.001    0.002   -0.000    0.005   -0.001   -0.001    0.001   -0.002    0.004   -0.007    0.000    0.015   -0.004   -0.010   -0.001    0.001   -0.002    0.005    0.001    0.002    0.001   -0.023   -0.006    0.002    0.008   -0.005   -0.004   -0.005   -0.002    0.006    0.015
   2.610   -0.002   -0.001   -0.001   -0.003   -0.003   -0.002    0.003    0.002   -0.005   -0.003    0.002    0.003   -0.002    0.001   -0.003    0.010   -0.007    0.002    0.003   -0.000    0.001   -0.008    0.006   -0.001   -0.007   -0.003    0.005   -0.004    0.008   -0.001   -0.015    0.005
   2.814   -0.001   -0.001    0.004    0.001   -0.002    0.003   -0.002    0.000    0.003   -0.004   -0.009    0.001    0.008    0.002   -0.008    0.003   -0.013    0.000    0.022   -0.005    0.011    0.003   -0.020    0.002    0.000    0.003   -0.011   -0.001    0.005   -0.001    0.001   -0.002
   2.955   -0.002   -0.005   -0.002    0.003   -0.004   -0.005   -0.000   -0.001   -0.003   -0.003    0.004    0.001   -0.003    0.000    0.003   -0.000    0.011    0.003   -0.005    0.002   -0.007    0.002   -0.002    0.002    0.012    0.001    0.014   -0.004   -0.003    0.007   -0.011   -0.009
   2.650   -0.001   -0.001   -0.005   -0.003    0.004   -0.000    0.000   -0.002   -0.002    0.006    0.005   -0.004   -0.013   -0.002    0.009    0.000    0.020    0.002   -0.019   -0.000   -0.007   -0.005    0.004    0.003    0.012    0.002    0.019   -0.007    0.026   -0.001   -0.016    0.009
   2.808    0.001    0.003    0.001    0.002    0.001    0.001   -0.001   -0.001   -0.001    0.003   -0.004    0.001   -0.002    0.003    0.001    0.002   -0.003   -0.003    0.013   -0.002    0.001    0.003   -0.002   -0.002    0.004   -0.006   -0.002    0.008   -0.015    0.002   -0.005   -0.007
   2.961   -0.002    0.001   -0.002   -0.000   -0.002   -0.000    0.001    0.003    0.002   -0.000    0.003    0.003    0.000    0.005   -0.003    0.002    0.009   -0.001   -0.008    0.001   -0.008    0.002    0.019    0.002   -0.008   -0.005    0.003    0.003    0.007    0.000   -0.002   -0.006
   2.768   -0.001    0.003    0.000   -0.001   -0.001   -0.005   -0.000    0.001   -0.004   -0.003   -0.005   -0.000    0.009    0.002    0.003   -0.001    0.002   -0.001   -0.000    0.002    0.001    0.002    0.002    0.001   -0.004   -0.001   -0.004    0.009   -0.001   -0.005   -0.010   -0.007
   2.781    0.004    0.004    0.001    0.000    0.004    0.002   -0.001   -0.002    0.001    0.001    0.000    0.004   -0.009    0.000    0.000   -0.004   -0.014    0.002   -0.004   -0.002    0.003    0.007   -0.012    0.004   -0.002    0.001   -0.005    0.004   -0.005    0.000   -0.005    0.010
   2.650   -0.000    0.002   -0.003   -0.000   -0.004   -0.000    0.001   -0.001   -0.004   -0.001    0.005   -0.003   -0.009    0.003    0.008    0.003    0.008    0.005   -0.026   -0.005    0.003    0.001    0.003    0.004    0.003    0.001    0.000   -0.005    0.030   -0.001   -0.016   -0.002
   2.847   -0.001    0.001    0.001   -0.002    0.001   -0.003    0.000    0.002   -0.004   -0.000   -0.009   -0.001    0.010   -0.000    0.001   -0.002    0.001    0.001    0.007    0.001    0.001   -0.003   -0.013    0.001    0.008   -0.002    0.010    0.002   -0.006    0.004   -0.005   -0.013 
...
etc. etc.

Matrix X:	----------------------------------end----



C:/Users/vmc04/Documents/GitHub/wingproj/Gomez analysis plan/Field 18 allometry/2017_09_06 Field 18 RPV scaled_PW_CS.txt 

C:/Users/vmc04/Documents/GitHub/wingproj/Gomez analysis plan/Field 18 Procrustes analysis MOG individual/2017_09_06 Field 18 RPV scaled - centroid size AND partial warps scores - U1, U2 last columns - first column is size - Field18RPV scaled- 47 

Numero de variables =	33

Numero de individuos =	47

Matrix X:	----------------------------------start---


   2.492    0.002   -0.002    0.002    0.001    0.000    0.001    0.001    0.006   -0.005    0.004   -0.005   -0.004   -0.007   -0.004    0.006    0.003    0.004    0.000   -0.006    0.007    0.000   -0.004   -0.001    0.005    0.001   -0.006   -0.007   -0.000    0.022   -0.002    0.009    0.001
   2.868    0.001   -0.001    0.003    0.006    0.002    0.002   -0.004   -0.004   -0.005   -0.005   -0.005    0.000   -0.009    0.002   -0.007    0.002   -0.006   -0.003    0.002    0.003   -0.007   -0.001   -0.006   -0.003    0.006    0.001    0.022    0.003    0.006   -0.005    0.003    0.019
   3.080   -0.000   -0.000   -0.001    0.001    0.000   -0.006    0.004    0.000   -0.005   -0.000   -0.003   -0.004   -0.004   -0.001    0.005    0.002   -0.005    0.004   -0.000   -0.000    0.005   -0.002    0.001   -0.001   -0.006   -0.004   -0.011    0.001    0.003   -0.001    0.013   -0.007
   2.725   -0.003   -0.001    0.002    0.001    0.001   -0.002    0.001   -0.005   -0.011    0.003   -0.006    0.001   -0.010   -0.000   -0.005    0.002   -0.005   -0.003    0.018   -0.001   -0.015   -0.002   -0.003   -0.000   -0.011   -0.003    0.015    0.004    0.016    0.007    0.012   -0.012
   2.675   -0.002    0.003    0.003    0.003   -0.000   -0.000    0.001   -0.004    0.008   -0.005   -0.009   -0.000   -0.014   -0.002   -0.004    0.003   -0.010   -0.001    0.008   -0.002    0.002   -0.000   -0.001   -0.003   -0.001    0.011    0.031    0.004   -0.002   -0.003    0.006    0.014
   2.722    0.003    0.000   -0.001   -0.005    0.003   -0.002   -0.003    0.001    0.002    0.000   -0.001    0.001    0.014   -0.002   -0.018   -0.001   -0.002   -0.000    0.005    0.002   -0.016   -0.003   -0.004   -0.000   -0.002   -0.002    0.017    0.006   -0.011   -0.002    0.016   -0.008
   2.729    0.002   -0.000   -0.003   -0.003    0.002   -0.000   -0.005    0.003    0.000    0.001    0.005   -0.000    0.002   -0.000    0.005    0.003   -0.005   -0.002    0.004    0.005    0.008   -0.001   -0.001    0.001   -0.016   -0.005   -0.019   -0.001    0.026    0.002   -0.004   -0.013
   2.888   -0.001    0.000   -0.003   -0.001    0.001   -0.003   -0.001    0.000    0.006   -0.004    0.002   -0.001    0.001   -0.004   -0.003    0.001   -0.004    0.000    0.007   -0.003   -0.003    0.002    0.010   -0.002    0.002    0.008    0.015    0.001    0.010   -0.009    0.001    0.007
   2.709    0.003    0.002    0.001   -0.005   -0.002   -0.002    0.001   -0.003    0.001   -0.001   -0.003   -0.002   -0.002    0.001   -0.002   -0.001    0.000   -0.002   -0.015   -0.005   -0.001    0.005   -0.008   -0.003   -0.002    0.007   -0.004    0.001   -0.009   -0.007    0.012    0.015
   2.702   -0.001    0.001   -0.001    0.003    0.001    0.003   -0.002    0.001    0.002   -0.004    0.001   -0.000   -0.009   -0.003   -0.005   -0.001   -0.022    0.005    0.007   -0.004    0.002   -0.002   -0.010    0.007    0.008   -0.001   -0.002   -0.001   -0.005   -0.010   -0.003    0.002
   2.676    0.003   -0.001    0.006    0.003   -0.006   -0.005   -0.008   -0.005    0.004   -0.008   -0.012    0.005   -0.003    0.005    0.000   -0.004   -0.013   -0.004   -0.001   -0.002   -0.012    0.002   -0.020   -0.004    0.000    0.004    0.012    0.000   -0.016    0.005    0.014    0.008
   2.783   -0.007   -0.005   -0.003    0.000   -0.002   -0.004   -0.002   -0.003   -0.004   -0.000    0.001   -0.000    0.009    0.002   -0.012    0.005   -0.005    0.002   -0.001   -0.002   -0.001   -0.000   -0.008   -0.001   -0.013    0.003   -0.003    0.001   -0.006    0.003    0.008   -0.004
   2.798   -0.001    0.002   -0.001   -0.005   -0.003   -0.003    0.008    0.001    0.000    0.005   -0.002   -0.001   -0.007   -0.000    0.002    0.001    0.008    0.002   -0.008   -0.001   -0.004    0.004   -0.012    0.003    0.003    0.008    0.008   -0.001   -0.011    0.002   -0.002    0.013
   2.843    0.000   -0.002    0.001    0.002   -0.000    0.000    0.001    0.002   -0.002    0.003    0.008   -0.005    0.014   -0.003    0.003    0.002    0.008    0.002   -0.002   -0.005   -0.002    0.001   -0.005    0.006   -0.004   -0.005   -0.005    0.001    0.018    0.003    0.007   -0.013
   2.364    0.002    0.001   -0.002    0.000   -0.003    0.001    0.000    0.003   -0.008   -0.000    0.002   -0.001   -0.002    0.005   -0.006   -0.002   -0.007   -0.002   -0.002    0.005   -0.011   -0.002   -0.013    0.000    0.007   -0.001    0.020    0.000    0.001    0.001    0.000    0.020
   2.606    0.001    0.002    0.007    0.001   -0.000   -0.003   -0.001    0.003    0.012    0.000   -0.004    0.004   -0.005   -0.001    0.001   -0.003   -0.013   -0.002   -0.007   -0.004   -0.010    0.000   -0.011   -0.002    0.004    0.003    0.028    0.006   -0.017    0.006    0.008    0.009
   2.896    0.002    0.002   -0.002    0.000    0.001    0.002    0.002    0.002    0.012    0.004   -0.005    0.000   -0.002   -0.002   -0.002   -0.004   -0.003    0.002   -0.001   -0.003    0.004    0.000   -0.004    0.009   -0.007    0.004    0.002   -0.004    0.011   -0.001    0.002   -0.022
   2.910    0.003    0.004    0.001   -0.001    0.001    0.001    0.003    0.002    0.002    0.004    0.002   -0.001   -0.007    0.000    0.006    0.003    0.003    0.004    0.001    0.003    0.014   -0.002    0.016   -0.003   -0.012   -0.004   -0.028    0.004    0.003    0.008    0.008   -0.009
   2.372   -0.000   -0.000   -0.001    0.002    0.005    0.002   -0.001   -0.000   -0.008    0.000    0.002    0.001    0.009    0.001   -0.010    0.002   -0.004   -0.003    0.004    0.010    0.005   -0.001    0.012   -0.004   -0.006    0.005    0.005    0.002    0.004   -0.005    0.001    0.014
   2.783    0.000   -0.003    0.001   -0.002    0.001   -0.005   -0.001    0.001    0.004   -0.000   -0.003    0.003   -0.000   -0.000   -0.006   -0.005   -0.005   -0.000    0.008    0.004   -0.007    0.007    0.000   -0.007    0.010    0.001    0.022    0.005    0.009    0.004    0.007    0.015
   2.811   -0.001   -0.002   -0.002   -0.001   -0.001   -0.001   -0.003   -0.001    0.000   -0.003    0.001    0.003   -0.000    0.002   -0.003   -0.002   -0.004   -0.002    0.011    0.003   -0.006    0.002   -0.003    0.001    0.005   -0.002    0.008   -0.003   -0.010   -0.000   -0.009    0.002
   2.918    0.000    0.003   -0.000    0.001   -0.001   -0.003    0.004    0.002   -0.002    0.003    0.007   -0.003   -0.003    0.001    0.008    0.004    0.002    0.002   -0.002    0.000    0.012   -0.003    0.013   -0.003   -0.011   -0.004   -0.025    0.003   -0.010   -0.003   -0.006   -0.002
   3.002   -0.001    0.004   -0.003   -0.001    0.001    0.002   -0.001   -0.002   -0.004    0.001    0.007   -0.000    0.020   -0.000   -0.004   -0.000    0.006   -0.001    0.003    0.004    0.006    0.002    0.008   -0.003   -0.001    0.003   -0.006   -0.007    0.011   -0.005   -0.002    0.000
   2.870    0.000   -0.001    0.001   -0.001    0.001   -0.003   -0.001    0.000    0.005   -0.003   -0.002   -0.004   -0.001   -0.005   -0.001   -0.001   -0.004    0.001    0.007    0.001   -0.001   -0.000   -0.001    0.007   -0.001   -0.003   -0.012   -0.002   -0.003    0.000   -0.002   -0.009
   2.764    0.002    0.002   -0.002    0.001    0.002    0.001   -0.001    0.000   -0.003   -0.003    0.004    0.001   -0.001    0.000    0.006   -0.002   -0.001   -0.002    0.007    0.008    0.008    0.003    0.014   -0.004   -0.004   -0.007   -0.001    0.007    0.007    0.005   -0.006    0.002
   2.824   -0.002    0.002    0.001    0.001    0.000   -0.001    0.001   -0.008   -0.003    0.000   -0.006   -0.004    0.002    0.000   -0.004   -0.001   -0.001    0.001   -0.013   -0.003    0.011    0.006   -0.008    0.000   -0.002    0.004   -0.011   -0.006    0.000    0.003   -0.003   -0.003
   2.815    0.001    0.001    0.001   -0.000    0.001    0.000    0.000    0.004   -0.000    0.003    0.004    0.002   -0.002    0.003    0.002   -0.003    0.002    0.000    0.002    0.000    0.007   -0.000    0.010    0.004   -0.006   -0.002   -0.013   -0.006   -0.006    0.006   -0.003   -0.008
   2.802   -0.005   -0.003   -0.002    0.001    0.001   -0.001   -0.004    0.000    0.002   -0.002    0.003   -0.001    0.009   -0.001    0.002    0.002    0.008    0.003    0.004   -0.001   -0.004    0.005    0.000   -0.002   -0.005   -0.006   -0.004    0.001    0.009   -0.004   -0.013   -0.001
   2.564    0.001    0.001    0.000    0.001    0.001    0.001    0.000   -0.001   -0.006    0.002    0.001   -0.001    0.017   -0.001   -0.008    0.006    0.013   -0.005   -0.002    0.003    0.006   -0.003    0.016    0.002    0.005    0.000   -0.000   -0.007   -0.010   -0.005    0.001    0.010
   2.594    0.000    0.002   -0.001    0.000    0.002   -0.001   -0.002   -0.001    0.003   -0.001    0.002   -0.001    0.009    0.003   -0.006   -0.004    0.005    0.002    0.003   -0.003    0.002   -0.003    0.007    0.005    0.009   -0.002   -0.002   -0.008   -0.026   -0.003   -0.002    0.001 
...
etc. etc.

Matrix X:	----------------------------------end----



C:/Users/vmc04/Documents/GitHub/wingproj/Gomez analysis plan/Field 18 allometry/2017_09_06 Field 18 RMO scaled_PW_CS.txt 

C:/Users/vmc04/Documents/GitHub/wingproj/Gomez analysis plan/Field 18 Procrustes analysis MOG individual/2017_09_06 Field 18 RMO scaled - centroid size AND partial warps scores - U1, U2 last columns - first column is size - Field18RMO scaled- 45 

Numero de variables =	33

Numero de individuos =	45

Matrix X:	----------------------------------start---


   2.570   -0.002   -0.001   -0.002    0.001    0.001    0.000   -0.002    0.001    0.000   -0.004   -0.005    0.002    0.003    0.001   -0.002    0.004    0.033    0.001    0.015    0.003   -0.006   -0.000    0.010    0.001   -0.006    0.000   -0.011   -0.002   -0.032   -0.000   -0.002    0.005
   2.681    0.003   -0.001    0.004    0.002   -0.002    0.000    0.002    0.003   -0.002    0.003    0.010   -0.000    0.004    0.000    0.006    0.001   -0.012    0.004   -0.016    0.002    0.000    0.001    0.003   -0.004   -0.005    0.005    0.001   -0.007    0.005    0.003    0.001   -0.002
   2.813   -0.000    0.004    0.002   -0.000    0.002    0.002    0.001    0.003    0.005   -0.001    0.014   -0.001    0.015   -0.000    0.010   -0.004    0.000    0.003   -0.010   -0.003    0.009    0.001    0.007    0.000   -0.003   -0.001   -0.001   -0.000   -0.008   -0.003   -0.005   -0.000
   2.689   -0.002   -0.003    0.000    0.003   -0.003   -0.000    0.001    0.001    0.003    0.003   -0.001   -0.003   -0.001    0.001    0.008   -0.004    0.007    0.000   -0.004   -0.001    0.003   -0.004    0.007    0.004    0.009   -0.002    0.001    0.007    0.004    0.000    0.002    0.010
   2.974    0.001   -0.000   -0.000    0.002    0.000    0.003   -0.001   -0.002   -0.007    0.004    0.001    0.001    0.001   -0.004   -0.002   -0.001   -0.006   -0.004    0.001    0.004    0.010   -0.004    0.003   -0.006   -0.004   -0.002    0.007   -0.002   -0.015   -0.007   -0.011    0.006
   2.905    0.003    0.001    0.002    0.002    0.004    0.005    0.000   -0.001   -0.007   -0.005    0.004   -0.002   -0.002    0.002    0.004    0.004   -0.010   -0.004    0.002    0.002   -0.001    0.003    0.001   -0.002   -0.008    0.001    0.001   -0.001   -0.016    0.003   -0.016    0.007
   2.720   -0.000   -0.002    0.002    0.001    0.001   -0.000   -0.000   -0.003    0.002   -0.002    0.004    0.003    0.001   -0.001    0.000    0.001    0.000    0.002   -0.004   -0.000    0.001   -0.005    0.013    0.001   -0.003    0.005    0.006    0.006   -0.007   -0.006   -0.014    0.010
   3.010   -0.001    0.003    0.000   -0.002   -0.000   -0.003   -0.001   -0.001   -0.000    0.004    0.004    0.000   -0.005   -0.003   -0.002   -0.002    0.011   -0.000   -0.014    0.001   -0.002    0.003    0.012   -0.004    0.009    0.003    0.015   -0.011   -0.008    0.013    0.018   -0.007
   2.906    0.002    0.001    0.001   -0.002   -0.004    0.002    0.002    0.001   -0.005    0.005    0.001   -0.002   -0.005    0.006   -0.001   -0.005   -0.015   -0.001   -0.009    0.001   -0.002    0.003   -0.009   -0.006   -0.006   -0.002   -0.003    0.002    0.003   -0.010   -0.004    0.008
   2.670    0.002   -0.006   -0.001   -0.000   -0.005   -0.002    0.001   -0.000   -0.001    0.003    0.001    0.001   -0.004    0.001   -0.007   -0.002    0.002   -0.001   -0.007    0.003   -0.010    0.003   -0.002    0.003   -0.014   -0.004   -0.028   -0.005    0.003    0.004   -0.004    0.025
   3.105    0.001    0.001   -0.001   -0.001    0.001    0.002    0.001    0.001    0.001   -0.003   -0.001    0.002    0.008   -0.003    0.005   -0.003   -0.017    0.001    0.004    0.003    0.007    0.002    0.002   -0.002   -0.005   -0.005   -0.004    0.002    0.006   -0.008   -0.011   -0.006
   2.753   -0.000   -0.001    0.002    0.001   -0.001   -0.000   -0.000   -0.002   -0.003    0.001    0.002    0.001    0.012    0.004   -0.003    0.001    0.008   -0.000   -0.000    0.004    0.000   -0.004    0.003   -0.006   -0.002    0.005    0.002   -0.005   -0.026    0.001    0.010   -0.002
   3.006   -0.003   -0.000   -0.000   -0.001   -0.001    0.001   -0.001    0.000    0.000    0.001   -0.005    0.002   -0.012    0.001   -0.000   -0.000    0.004    0.004    0.001    0.002   -0.001    0.004   -0.008   -0.003    0.013    0.002    0.005    0.000   -0.001   -0.001    0.010   -0.011
   2.685   -0.001    0.001    0.001   -0.001    0.004    0.000   -0.000   -0.001    0.006   -0.002    0.008    0.001    0.012   -0.001    0.009    0.001    0.015   -0.002   -0.002   -0.002   -0.011    0.001    0.006   -0.005   -0.009    0.001   -0.011   -0.003    0.004   -0.003    0.001   -0.001
   2.818   -0.002   -0.004    0.000    0.002    0.001   -0.003    0.000    0.000    0.002   -0.004    0.001    0.007    0.013   -0.002    0.006    0.001    0.000   -0.001    0.006    0.001   -0.003    0.004    0.003   -0.002   -0.001   -0.000   -0.012   -0.001   -0.012   -0.005   -0.006    0.004
   2.388    0.002    0.004   -0.003   -0.000   -0.000   -0.003   -0.002    0.004    0.003    0.002   -0.006    0.004   -0.006   -0.007   -0.009    0.001    0.015   -0.001    0.009   -0.001   -0.004    0.002   -0.005   -0.001   -0.015   -0.003   -0.026   -0.003   -0.025    0.009   -0.017    0.009
   2.781   -0.000   -0.003    0.003   -0.002    0.000    0.001    0.001    0.001   -0.003    0.001    0.004   -0.003    0.005    0.000   -0.001   -0.000   -0.010   -0.002   -0.010    0.001   -0.009    0.004   -0.001    0.001    0.007    0.006    0.006   -0.010    0.009   -0.002    0.003    0.002
   2.938   -0.002   -0.003   -0.003   -0.003   -0.002   -0.001   -0.002    0.000    0.000   -0.001   -0.012   -0.003   -0.006   -0.002   -0.004    0.002   -0.012   -0.001    0.011   -0.003   -0.008   -0.002   -0.019    0.004    0.000   -0.000    0.002    0.000    0.010   -0.008   -0.006    0.004
   2.690   -0.003   -0.001   -0.002    0.001   -0.002   -0.000   -0.002   -0.000   -0.002    0.001   -0.004    0.004    0.004   -0.003   -0.008   -0.001    0.018    0.006    0.018   -0.002   -0.005   -0.013   -0.005    0.004   -0.008   -0.007   -0.018    0.004   -0.004    0.001   -0.012    0.015
   2.956   -0.000    0.004    0.001    0.001   -0.001    0.001    0.001    0.003   -0.001    0.001    0.002    0.002   -0.000   -0.002   -0.007    0.004    0.001    0.000   -0.000   -0.000    0.004   -0.002    0.006    0.004    0.005    0.007    0.013    0.000    0.009    0.008   -0.003   -0.012
   2.989    0.004    0.003    0.002    0.001   -0.001    0.000    0.002    0.001    0.008   -0.001    0.003   -0.002   -0.003    0.003    0.001   -0.006    0.010    0.003   -0.006    0.000    0.003    0.005    0.015    0.001    0.003    0.005    0.010   -0.001   -0.007    0.007    0.007   -0.011
   2.376    0.001   -0.001    0.002    0.001   -0.004   -0.003   -0.000   -0.002   -0.012    0.005    0.002    0.002    0.001    0.003   -0.001    0.004    0.000    0.000    0.001    0.001   -0.007   -0.002    0.017    0.002    0.002   -0.003    0.014   -0.002   -0.010    0.001    0.006    0.006
   2.947    0.000   -0.000    0.001    0.000    0.000   -0.002   -0.003   -0.000    0.003    0.002   -0.000    0.001    0.011   -0.006    0.007   -0.005    0.004   -0.005    0.007   -0.001   -0.001    0.005   -0.006   -0.000    0.001    0.000    0.007    0.005   -0.011   -0.004   -0.002    0.002
   2.955   -0.000    0.001    0.001   -0.002    0.002   -0.000    0.000    0.003   -0.004   -0.002    0.009   -0.001    0.017   -0.003    0.011   -0.000   -0.008   -0.001   -0.005    0.002    0.004    0.007   -0.003   -0.006   -0.000    0.002    0.009    0.000   -0.005   -0.007    0.001    0.005
   2.905   -0.001   -0.001    0.002    0.003   -0.002   -0.003   -0.001   -0.001   -0.001    0.004    0.002   -0.001    0.002    0.002    0.006    0.000   -0.013    0.003   -0.001   -0.003    0.004   -0.001   -0.002    0.004    0.007   -0.003    0.007    0.002   -0.015   -0.004   -0.011   -0.005
   2.765   -0.001    0.001    0.001   -0.003   -0.003   -0.000    0.002    0.000    0.001    0.001    0.007    0.000    0.004   -0.001    0.002    0.001   -0.001    0.003   -0.015    0.000   -0.007   -0.003    0.015   -0.000    0.002   -0.007   -0.002    0.003   -0.000    0.007    0.006   -0.009
   3.035    0.001    0.003    0.001    0.002    0.001    0.002    0.001    0.002   -0.001   -0.002   -0.002   -0.000   -0.001    0.002    0.002    0.000   -0.000    0.003    0.010    0.006   -0.001   -0.001   -0.007    0.001    0.002   -0.001    0.010    0.000    0.013   -0.000    0.011   -0.009
   2.975    0.004    0.004    0.001   -0.004    0.000    0.003    0.001   -0.002    0.007   -0.001    0.003   -0.008   -0.003    0.005    0.009   -0.009   -0.014   -0.007   -0.011    0.000    0.002   -0.006    0.007    0.002    0.012   -0.003   -0.003    0.002    0.018   -0.001   -0.004   -0.004
   2.908    0.002   -0.001    0.003    0.003    0.001    0.002    0.001   -0.002   -0.002   -0.002    0.006   -0.005    0.006   -0.001   -0.006    0.002   -0.009    0.003   -0.006    0.001    0.001   -0.004   -0.001    0.002   -0.003   -0.001    0.017   -0.002    0.011   -0.000    0.010    0.006
   3.018   -0.003   -0.000    0.002    0.002   -0.002    0.001    0.001    0.001    0.004   -0.001    0.003    0.003   -0.002    0.001    0.008    0.000    0.010    0.002   -0.004   -0.002   -0.001   -0.004    0.005    0.003    0.005    0.004   -0.005    0.003   -0.007   -0.001    0.005   -0.016 
...
etc. etc.

Matrix X:	----------------------------------end----



Group 1:	17 rows
Nb permutations = 1000
Vector of observed regression coefficients:
-0.001316450180233 0.0013282683186087 -0.0015895644013673 0.0045311567006293 -0.0012979848154489 0.00013988533057953 0.0042861976487161 -0.0038582414864949 0.00034405110661255 0.0006247620097514 0.0057408771566703 -0.0043222734747459 0.0025479596539043 0.00023448312021798 0.0010060961743839 0.00263416402632 -0.034682825162404 0.00053453440133466 -0.010620695274987 -0.004303252903428 0.014581388620308 -0.0019020744870235 -0.00080711435076288 -0.0057390638964707 0.032443992519491 0.0046647588113027 0.0097431937582407 -0.0068232941550455 -0.018530636816555 0.00056595243814202 -0.016910913851342 0.0030194111546058
Sum of squared values:0.0040032405579403

Multivariate regression (with SIZE as independent variable, SHAPE as dependent variables) 
after 1000 permutations, 	120 values found higher than observed (0.0040032405579403), so that  P = 0.120 
(Good, P. 2000. permutation tests: a practical guide to resampling methods  for testing hypotheses. New York, Springer.)

...
0.120

Group 2:	50 rows
Nb permutations = 1000
Vector of observed regression coefficients:
-0.0031144674755724 -0.0013525799488163 -0.001687111642189 -0.0022272699837448 0.0011234124467172 -0.00013735626150603 -0.00036417678083751 0.00057588672316647 -0.0015628826342857 0.0006266830077126 0.0047796236437154 -0.0019234103383897 -0.013966151248841 0.00097467818026018 0.0055298687234206 0.00035803686801045 0.0058241439672154 0.00045480636102197 -0.0029289879865296 -0.00039181017147686 0.0021618415991338 -0.0042218281709519 0.0048282680958135 0.00014739479229009 0.0057135421839401 0.0052103546388375 0.022564542669157 -0.0036093319855006 0.018986669816471 -0.00073011880478661 -0.0055640726451652 -0.0055239994591061
Sum of squared values:0.0018335681644889

Multivariate regression (with SIZE as independent variable, SHAPE as dependent variables) 
after 1000 permutations, 	5 values found higher than observed (0.0018335681644889), so that  P = 0.005 
(Good, P. 2000. permutation tests: a practical guide to resampling methods  for testing hypotheses. New York, Springer.)

...
0.005

Group 3:	47 rows
Nb permutations = 1000
Vector of observed regression coefficients:
0.0015092476512559 -0.004862899713489 0.0036240852318652 0.00028873795990864 -0.0017306556036631 0.00049990187203852 -0.0033377726930853 -0.0011384512418361 -0.00033717499685722 -0.00077028114942368 -0.0073899129683819 0.0013675589796524 0.0018214341768378 0.001867405100116 0.0018799640752104 -0.00080325198577735 -0.0015950018021255 -0.0011023904451489 -0.0036460918240452 0.0058854522906875 -0.0023332102263214 0.00031294471928745 -0.011439236577838 -0.00027958698599733 -0.0012238704612037 -0.0058083760398531 0.0014878183852543 0.0017765392716813 0.0027632871267932 0.0030311100148182 0.0033703033783194 0.00070936648994414
Sum of squared values:0.0023910991480867

Multivariate regression (with SIZE as independent variable, SHAPE as dependent variables) 
after 1000 permutations, 	41 values found higher than observed (0.0023910991480867), so that  P = 0.041 
(Good, P. 2000. permutation tests: a practical guide to resampling methods  for testing hypotheses. New York, Springer.)

...
0.041

Group 4:	45 rows
Nb permutations = 1000
Vector of observed regression coefficients:
0.0014591277271731 -6.9620013738328e-05 0.0017705067993542 0.0010932361292305 -0.0012961941033847 -0.00042169643219124 -0.00060236609117565 -0.0025565797379201 0.0023176013216631 0.0051604830984867 0.0027684223950579 -0.0020079907998563 -0.0020616412054155 -0.004635826891485 -0.004365181089708 -0.00066164105808915 0.013031127355996 -0.0025495849129215 0.0015704836674276 0.00026487314513699 -0.0022221787682436 0.0016776528289156 0.0082184171519193 0.0014457338166305 -0.0047071660410985 0.00022066043923281 -0.00087552707099152 -0.0010912725781707 -0.0038668556758517 0.00060664497021135 -0.00014265271275022 0.012731900270507
Sum of squared values:0.0024038378401981

Multivariate regression (with SIZE as independent variable, SHAPE as dependent variables) 
after 1000 permutations, 	1 values found higher than observed (0.0024038378401981), so that  P = 0.001 
(Good, P. 2000. permutation tests: a practical guide to resampling methods  for testing hypotheses. New York, Springer.)

...
0.001
Data directory C:/Users/vmc04/Documents/GitHub/wingproj/Gomez analysis plan/Field 18 allometry/2017_09_06 Field 18 RMO scaled_PW_CS.txt <-> C:/Users/vmc04/Documents/GitHub/wingproj/Gomez analysis plan/Field 18 allometry/2017_09_06 Field 18 RMO scaled_PW_CS.txt
