
Fichier : C:/Users/vmc04/Documents/GitHub/wingproj/Gomez analysis plan/Field 18 allometry/2017_09_06 Field 18 SJU scaled_PW_CS.txt
 - - - Bottom left button WRAP to read LONG LINES - - - hit 2 times the very first time - - - - Bottom left button WRAP to read LONG LINE  - - - - - - then only 1 time is enough - - - -

The first column of a ..._PW_CS.file contains the SIZE (centroid size) and the next columns contain the SHAPE variables (partial warps). Please enter the successive files having this format (..._PW_CS.txt) for the relevant groups. The question is: are the allometric trends similar among groups?
This analysis follows the steps indicated in the help of TPSregr (Rohlf) for testing a common slope

Nb permutations = 1000

C:/Users/vmc04/Documents/GitHub/wingproj/Gomez analysis plan/Field 18 allometry/2017_09_06 Field 18 TLC scaled_PW_CS.txt 

C:/Users/vmc04/Documents/GitHub/wingproj/Gomez analysis plan/Field 18 Procrustes analysis MOG individual/2017_09_06 Field 18 TLC scaled - centroid size AND partial warps scores - U1, U2 last columns - first column is size - Field18TLC scaled- 54 

Numero de variables =	33

Numero de individuos =	54

Matrix X:	----------------------------------start---


   2.651   -0.001   -0.001    0.003   -0.000   -0.002    0.000   -0.003   -0.000    0.006    0.005   -0.009    0.004    0.012   -0.005   -0.006    0.007    0.004   -0.002   -0.025    0.002    0.008    0.007   -0.023   -0.002   -0.002   -0.004   -0.000    0.000    0.020    0.000    0.018   -0.010
   3.191   -0.000    0.003   -0.000   -0.003   -0.000    0.000    0.002   -0.002    0.001   -0.002   -0.004    0.001   -0.003   -0.001   -0.003   -0.001   -0.002    0.002   -0.003    0.005    0.004    0.000   -0.008   -0.002   -0.003    0.003    0.009    0.004   -0.005    0.001    0.007    0.006
   2.971    0.001   -0.000    0.001   -0.001   -0.003    0.001   -0.001    0.002   -0.003   -0.003    0.003   -0.001    0.003   -0.001   -0.001   -0.006    0.011    0.001   -0.010    0.001    0.000   -0.001    0.003    0.003    0.011    0.005   -0.021    0.007    0.021    0.010    0.011   -0.018
   3.055   -0.001   -0.002    0.000   -0.002    0.001   -0.002    0.007    0.001    0.006   -0.008   -0.003    0.001    0.006    0.001   -0.019    0.003    0.011    0.002    0.019    0.002   -0.006   -0.003   -0.009   -0.003    0.012   -0.011   -0.001   -0.006    0.007   -0.009   -0.016    0.011
   2.774    0.002   -0.001    0.001   -0.004   -0.000    0.002   -0.002   -0.000    0.001   -0.000    0.001    0.003    0.001    0.003   -0.001    0.004    0.008   -0.002   -0.003    0.002    0.001    0.000    0.011    0.003    0.004    0.002    0.002    0.000    0.013   -0.000   -0.004    0.003
   2.955    0.001   -0.002    0.001   -0.000    0.001    0.003   -0.000   -0.002   -0.002   -0.000   -0.007    0.002    0.009    0.002   -0.002   -0.003   -0.001   -0.000   -0.002    0.000   -0.007   -0.002   -0.001    0.004    0.010   -0.001   -0.002   -0.002    0.007    0.000   -0.010   -0.006
   2.809    0.000    0.002   -0.002    0.002    0.001   -0.000    0.001   -0.001   -0.001    0.000   -0.001   -0.003    0.007    0.001    0.003   -0.001   -0.009    0.001    0.006    0.002    0.001   -0.002   -0.008    0.000   -0.005   -0.001   -0.001   -0.001   -0.001   -0.002   -0.002    0.025
   2.865   -0.001   -0.008    0.000    0.002   -0.001   -0.001    0.000    0.002   -0.009   -0.000   -0.005    0.001    0.012   -0.002   -0.001   -0.003   -0.006    0.003    0.004    0.002   -0.005   -0.005   -0.005   -0.003   -0.005   -0.005   -0.002   -0.005   -0.013   -0.002    0.016    0.007
   2.990    0.000   -0.001   -0.001   -0.002    0.001    0.001   -0.001   -0.000   -0.004    0.001   -0.001    0.001   -0.004   -0.001    0.008    0.001   -0.003   -0.002   -0.003    0.002    0.015    0.003    0.001   -0.002   -0.013    0.001    0.005   -0.002   -0.003   -0.003    0.007   -0.006
   2.459    0.001    0.001   -0.004   -0.002    0.001    0.001   -0.006    0.002   -0.005    0.004    0.004   -0.000   -0.008   -0.001    0.001    0.003   -0.008   -0.004    0.019    0.002   -0.004    0.001    0.003    0.001    0.021   -0.010    0.012    0.001    0.018    0.003    0.004    0.006
   2.660    0.002    0.002   -0.000    0.001    0.003    0.002    0.002    0.004   -0.005   -0.002    0.005   -0.004   -0.007   -0.000   -0.000   -0.004   -0.001    0.004    0.008   -0.001    0.012   -0.003    0.018   -0.006   -0.014   -0.007    0.004    0.003    0.039    0.004   -0.002    0.005
   2.702    0.002    0.002    0.000    0.003   -0.001   -0.000    0.003   -0.000   -0.003    0.000    0.002   -0.003   -0.006   -0.002    0.004   -0.000    0.003    0.001    0.001   -0.004   -0.003    0.006   -0.003   -0.003   -0.001   -0.005    0.007   -0.002   -0.014    0.002   -0.002    0.006
   2.909   -0.002   -0.004    0.001    0.004    0.000   -0.002    0.003    0.001    0.006   -0.005   -0.004    0.004    0.002   -0.000   -0.009    0.001   -0.005    0.000   -0.011    0.001    0.010    0.006    0.003   -0.002   -0.015    0.003    0.001   -0.003    0.004    0.000    0.006   -0.008
   3.003   -0.001    0.002    0.001   -0.001   -0.002    0.000    0.001   -0.001    0.002   -0.000   -0.002   -0.001    0.007    0.003   -0.004    0.001    0.009   -0.001   -0.004   -0.001   -0.005   -0.002    0.008    0.005   -0.002    0.000   -0.005    0.001    0.020   -0.007   -0.003    0.015
   2.872    0.000    0.003    0.000    0.000   -0.001   -0.001    0.003   -0.000   -0.001    0.000   -0.004   -0.002    0.003   -0.001    0.005   -0.001   -0.005    0.001   -0.015   -0.002    0.001   -0.000   -0.005    0.002   -0.012    0.003    0.003    0.003   -0.007    0.002    0.002    0.001
   2.781   -0.002    0.001    0.000    0.001    0.001    0.001    0.001   -0.004    0.005   -0.001    0.003   -0.003   -0.001    0.002    0.003    0.004    0.007   -0.004    0.003   -0.004   -0.003    0.001    0.008    0.002    0.006    0.005    0.005   -0.000   -0.006   -0.001   -0.020   -0.009
   2.870    0.000    0.002   -0.000    0.002   -0.001    0.001   -0.001   -0.002   -0.000   -0.000    0.001   -0.001   -0.004    0.001   -0.000    0.002    0.010    0.005   -0.001   -0.001   -0.000   -0.001    0.004   -0.002    0.000   -0.004   -0.006   -0.005    0.002    0.001    0.001    0.019
   3.046   -0.000   -0.001    0.001   -0.000    0.001    0.000   -0.001   -0.001    0.000    0.002   -0.004    0.000    0.008    0.001   -0.000   -0.000   -0.002    0.001   -0.001   -0.002    0.001    0.001   -0.015   -0.007   -0.002   -0.003    0.001   -0.007   -0.003    0.000    0.001    0.005
   2.952   -0.002   -0.000    0.002   -0.003   -0.000   -0.001    0.001    0.000    0.002    0.001   -0.009    0.001    0.012   -0.003   -0.003    0.005   -0.013   -0.003   -0.012    0.001    0.012    0.007   -0.026   -0.002    0.003    0.006    0.001   -0.002   -0.001   -0.005   -0.003   -0.004
   3.026    0.001    0.002    0.001    0.002   -0.002    0.001   -0.002    0.001   -0.004    0.002    0.002    0.001   -0.006   -0.006    0.001    0.001   -0.006   -0.000   -0.005    0.004   -0.001   -0.002   -0.008   -0.002    0.002   -0.004    0.005    0.000   -0.007   -0.001    0.014   -0.000
   2.900   -0.002    0.000   -0.001    0.000    0.001   -0.002    0.003    0.001    0.002    0.001    0.003   -0.003    0.003    0.001    0.004    0.000    0.000    0.000    0.011    0.002    0.004   -0.003    0.018    0.004   -0.007    0.005    0.003    0.001   -0.003    0.003    0.004   -0.014
   2.963   -0.001    0.002    0.003   -0.001   -0.000    0.002    0.004   -0.001    0.006   -0.003    0.002    0.003    0.007    0.000   -0.002   -0.000    0.015    0.001   -0.002   -0.001   -0.004    0.003    0.005    0.003    0.013    0.005   -0.008    0.004   -0.001    0.007    0.008   -0.014
   3.088    0.001    0.001   -0.001    0.002    0.000    0.001   -0.002   -0.000   -0.005    0.005    0.002   -0.004    0.004    0.001    0.005   -0.002   -0.001    0.001    0.005    0.003    0.002    0.007   -0.006   -0.004    0.005    0.003    0.003   -0.001   -0.021   -0.000   -0.007   -0.013
   2.676   -0.000   -0.001   -0.001    0.001   -0.001   -0.001    0.001   -0.002   -0.003   -0.001    0.004    0.001   -0.015   -0.003   -0.001    0.001    0.000    0.003   -0.002    0.003   -0.012    0.002   -0.007   -0.003    0.003   -0.005    0.001   -0.005   -0.022    0.009   -0.011    0.014
   2.840   -0.000   -0.000   -0.000    0.005   -0.000   -0.002    0.000   -0.001    0.000    0.000   -0.002   -0.004   -0.004    0.001   -0.005   -0.001   -0.014   -0.001    0.011    0.005    0.007   -0.000    0.004   -0.005   -0.004   -0.005    0.011   -0.006   -0.017   -0.001    0.004    0.002
   2.784   -0.001   -0.002   -0.000   -0.000   -0.000    0.000   -0.003   -0.001    0.001    0.002    0.000   -0.001    0.001    0.003   -0.002   -0.001   -0.008   -0.000   -0.005    0.001    0.005    0.001   -0.005   -0.003    0.005   -0.003   -0.008    0.002   -0.008    0.003    0.008   -0.011
   2.915    0.000    0.001    0.001    0.001    0.000   -0.001    0.002    0.002   -0.001   -0.003    0.002   -0.002   -0.001   -0.001   -0.005    0.001   -0.003    0.001    0.008    0.001    0.003    0.004    0.008   -0.002   -0.001   -0.001    0.004   -0.001   -0.007    0.002    0.003   -0.006
   3.039    0.001   -0.003   -0.000    0.001   -0.001   -0.001   -0.002   -0.000    0.004    0.002    0.001    0.002   -0.006    0.002    0.007    0.001   -0.001    0.001    0.007    0.002    0.003    0.004    0.000    0.001    0.003    0.002   -0.003   -0.001   -0.009    0.001   -0.004    0.001
   2.879   -0.000   -0.002    0.002   -0.001   -0.001   -0.000   -0.002    0.000   -0.006    0.000   -0.003    0.007    0.001    0.001   -0.005   -0.002    0.016   -0.002   -0.004    0.004   -0.021   -0.002   -0.009   -0.003    0.014   -0.001   -0.029   -0.001   -0.004   -0.002    0.004    0.006
   2.920    0.001    0.003   -0.001   -0.003   -0.001    0.000    0.004   -0.000   -0.002   -0.003    0.000   -0.001    0.005    0.002   -0.007   -0.003   -0.010    0.003    0.005    0.002   -0.001   -0.003   -0.000   -0.003   -0.006   -0.008    0.010   -0.000    0.005   -0.002   -0.010    0.006 
...
etc. etc.

Matrix X:	----------------------------------end----



C:/Users/vmc04/Documents/GitHub/wingproj/Gomez analysis plan/Field 18 allometry/2017_09_06 Field 18 TPN scaled_PW_CS.txt 

C:/Users/vmc04/Documents/GitHub/wingproj/Gomez analysis plan/Field 18 Procrustes analysis MOG individual/2017_09_06 Field 18 TPN scaled - centroid size AND partial warps scores - U1, U2 last columns - first column is size - Field18TPN scaled- 17 

Numero de variables =	33

Numero de individuos =	17

Matrix X:	----------------------------------start---


   3.016    0.000   -0.001   -0.002    0.000   -0.004   -0.005    0.001    0.001    0.003    0.001   -0.007   -0.002   -0.003   -0.001    0.017    0.004   -0.010   -0.001    0.003   -0.001   -0.016   -0.000   -0.018    0.003    0.007   -0.002   -0.000   -0.001    0.038    0.003    0.006   -0.011
   2.886    0.001   -0.001   -0.001   -0.002    0.003   -0.000    0.001    0.001   -0.002    0.001   -0.000    0.001    0.000    0.003    0.001    0.001    0.006    0.002   -0.015   -0.003    0.000    0.004    0.017   -0.001   -0.007   -0.001   -0.019    0.001   -0.008    0.002    0.005   -0.001
   2.958    0.001    0.003   -0.001   -0.005   -0.004   -0.001    0.003   -0.000    0.002   -0.004   -0.011    0.000   -0.007    0.002   -0.019    0.003   -0.005    0.004    0.011   -0.007   -0.003    0.002   -0.019    0.002    0.002    0.003   -0.016   -0.002    0.006   -0.004   -0.002    0.006
   2.986   -0.002   -0.002   -0.004    0.001   -0.002   -0.002   -0.002   -0.005   -0.008   -0.002   -0.003    0.002    0.007    0.004   -0.008   -0.002    0.008   -0.002    0.009   -0.003   -0.003   -0.001   -0.006    0.004   -0.003   -0.001   -0.000    0.005    0.001   -0.002   -0.003   -0.006
   2.857    0.000   -0.002   -0.002    0.003    0.006    0.002   -0.012    0.000    0.003   -0.006    0.006   -0.004    0.011    0.001    0.009   -0.001   -0.005   -0.002   -0.016   -0.000   -0.018   -0.007    0.001   -0.001    0.004    0.008   -0.014   -0.003   -0.000    0.003    0.006    0.003
   2.461    0.005    0.001   -0.006   -0.001    0.002    0.002    0.005    0.003   -0.000    0.003    0.006    0.001    0.000   -0.002    0.014   -0.001    0.007    0.001   -0.020    0.009    0.015    0.000    0.032    0.000   -0.006   -0.004    0.009   -0.006   -0.022    0.006    0.001   -0.012
   2.921   -0.002    0.001    0.001   -0.002   -0.002   -0.001   -0.002   -0.001   -0.006   -0.004    0.009    0.001    0.004   -0.001    0.006   -0.001   -0.007   -0.007   -0.012   -0.002    0.005   -0.004    0.017   -0.003    0.007    0.005    0.003    0.001   -0.008   -0.002   -0.007   -0.004
   2.830   -0.002   -0.000   -0.003    0.001    0.003   -0.000    0.001    0.001    0.001    0.003    0.011   -0.004    0.007   -0.001    0.020   -0.002   -0.007    0.001   -0.011    0.001    0.019   -0.002    0.011   -0.002    0.012   -0.004    0.034    0.001    0.003    0.005   -0.004    0.002
   2.970   -0.002    0.001   -0.001   -0.002    0.002    0.001   -0.004   -0.006   -0.002   -0.002    0.008    0.005   -0.002    0.003    0.003    0.001   -0.004   -0.001   -0.005    0.005    0.002    0.001   -0.005   -0.000   -0.004   -0.001    0.007    0.004   -0.014    0.000   -0.006    0.011
   3.024    0.001   -0.001    0.002    0.001   -0.001    0.001    0.005    0.000    0.008    0.002   -0.007    0.002   -0.012    0.002    0.007    0.002   -0.009    0.003    0.002    0.004    0.008    0.005   -0.015    0.002    0.006   -0.002    0.002    0.001   -0.007   -0.000    0.001   -0.002
   3.106    0.004    0.002   -0.005   -0.001   -0.001   -0.002    0.000    0.003    0.001    0.001    0.003   -0.004    0.004    0.000    0.002   -0.002    0.009    0.000    0.000    0.000    0.006   -0.001    0.006    0.006    0.010    0.008    0.035   -0.002   -0.001    0.003    0.006   -0.001
   2.926    0.003    0.003    0.005    0.001   -0.000    0.003    0.007    0.002   -0.003    0.003   -0.011    0.003   -0.013   -0.000   -0.005    0.002    0.003   -0.001    0.023   -0.005   -0.006    0.001   -0.021   -0.006   -0.015   -0.004   -0.023   -0.002    0.015   -0.002    0.003    0.003
   2.894   -0.002   -0.001   -0.000    0.003    0.001    0.001   -0.001    0.003    0.001    0.001    0.006    0.003    0.001   -0.003   -0.014   -0.002    0.005    0.001    0.007    0.003    0.004    0.000    0.010   -0.004   -0.004    0.002   -0.008    0.000    0.010   -0.003    0.002   -0.005
   2.938   -0.004   -0.000    0.006   -0.000   -0.007   -0.003    0.000   -0.004   -0.010    0.001   -0.007    0.002   -0.007   -0.001   -0.016   -0.001    0.001   -0.003    0.011    0.001   -0.009   -0.001   -0.012   -0.003   -0.004   -0.001   -0.021   -0.002   -0.013   -0.001    0.004    0.014
   2.857    0.001   -0.005    0.002    0.004    0.003    0.002   -0.001    0.003    0.007    0.004   -0.010   -0.000   -0.003   -0.000   -0.003    0.001   -0.001    0.005    0.010   -0.001    0.007    0.004   -0.011    0.001   -0.003   -0.008   -0.000   -0.003   -0.008   -0.001   -0.002   -0.006
   2.778   -0.001    0.000    0.004    0.001   -0.001    0.003   -0.001   -0.000    0.002    0.000    0.007   -0.001    0.006   -0.001   -0.005   -0.003    0.004    0.001   -0.002   -0.001   -0.002   -0.003    0.001    0.001    0.005    0.005    0.010    0.003   -0.010    0.000   -0.006    0.005
   2.702   -0.001    0.001    0.003   -0.003    0.003   -0.001    0.000   -0.000    0.003   -0.001    0.001   -0.005    0.006   -0.004   -0.009   -0.000    0.003   -0.001    0.005    0.002   -0.011    0.000    0.012    0.002   -0.007   -0.004    0.000    0.004    0.017   -0.008   -0.002    0.011
Matrix X:	----------------------------------end----



C:/Users/vmc04/Documents/GitHub/wingproj/Gomez analysis plan/Field 18 allometry/2017_09_06 Field 18 SJU scaled_PW_CS.txt 

C:/Users/vmc04/Documents/GitHub/wingproj/Gomez analysis plan/Field 18 Procrustes analysis MOG individual/2017_09_06 Field 18 SJU scaled - centroid size AND partial warps scores - U1, U2 last columns - first column is size - Field18SJU scaled- 11 

Numero de variables =	33

Numero de individuos =	11

Matrix X:	----------------------------------start---


   3.446   -0.001    0.001    0.000    0.001    0.000   -0.001   -0.001   -0.001   -0.000   -0.001    0.002   -0.001   -0.007   -0.000   -0.003   -0.001   -0.008   -0.002   -0.007   -0.002    0.009    0.000    0.003    0.003    0.007    0.005    0.008   -0.006    0.006    0.003   -0.001   -0.005
   3.356    0.000    0.001    0.001   -0.001    0.002    0.003   -0.000    0.000   -0.002   -0.000   -0.002   -0.002    0.002   -0.002    0.003   -0.000    0.006    0.002   -0.004   -0.004   -0.000   -0.002    0.000   -0.000    0.007   -0.002    0.013    0.002   -0.001   -0.004   -0.006   -0.001
   3.245   -0.001   -0.004   -0.001    0.000    0.001   -0.001   -0.000   -0.001   -0.000   -0.003    0.006    0.002   -0.005    0.001    0.002    0.001   -0.008   -0.003    0.008    0.001   -0.004    0.001   -0.000   -0.002   -0.014   -0.002   -0.012    0.006    0.011   -0.003    0.015   -0.006
   3.142   -0.001    0.000   -0.000    0.001    0.005   -0.002    0.001   -0.002    0.004   -0.003   -0.003   -0.000    0.000    0.002   -0.009    0.002   -0.002   -0.001    0.002    0.006    0.004   -0.000   -0.005    0.004    0.004    0.005    0.005   -0.003   -0.003    0.009   -0.002    0.015
   3.119   -0.001   -0.000   -0.001    0.001   -0.006    0.001    0.002    0.000   -0.004    0.005   -0.000   -0.002   -0.007    0.002    0.002    0.000    0.000   -0.000    0.007    0.003   -0.001   -0.001   -0.006   -0.002    0.001   -0.002    0.000    0.004   -0.004   -0.002   -0.011    0.011
   3.215   -0.003   -0.001   -0.001   -0.001   -0.002   -0.003   -0.001    0.002    0.001    0.001    0.002   -0.001   -0.001   -0.002    0.001    0.002   -0.003    0.003    0.003    0.002   -0.001    0.000    0.003    0.001    0.004   -0.001   -0.000    0.006   -0.018    0.003    0.005    0.002
   3.367   -0.002   -0.002   -0.000    0.002   -0.003    0.001   -0.001   -0.003    0.004   -0.001   -0.004    0.004    0.013    0.001   -0.009   -0.001    0.015    0.001    0.005   -0.002   -0.015   -0.004    0.005    0.002    0.004   -0.002    0.013   -0.004    0.005   -0.007    0.000   -0.007
   3.198    0.002    0.001    0.000   -0.000   -0.002    0.001    0.002    0.002   -0.000    0.000   -0.001   -0.000    0.011    0.001   -0.002   -0.001   -0.012    0.002   -0.000    0.001    0.006    0.002   -0.002   -0.005   -0.008    0.002   -0.015   -0.002   -0.011    0.005   -0.003    0.014
   3.304    0.001    0.002    0.001   -0.001   -0.000    0.002   -0.001    0.002    0.002   -0.001    0.001    0.002    0.008    0.002    0.009    0.003    0.007    0.002    0.003    0.002   -0.003   -0.001    0.001   -0.002   -0.006   -0.008    0.001    0.003    0.006   -0.004    0.006   -0.004
   3.153    0.003    0.003   -0.001   -0.002    0.003   -0.001   -0.001    0.001    0.000    0.001    0.002    0.001   -0.009   -0.003    0.003   -0.004    0.000   -0.000   -0.011   -0.006    0.004    0.002    0.000    0.000   -0.004    0.006   -0.005   -0.004    0.012   -0.005   -0.000   -0.003
   3.310    0.002    0.000    0.001   -0.001    0.001    0.000    0.000    0.000   -0.004    0.000   -0.004   -0.003   -0.005   -0.001    0.003   -0.001    0.002   -0.002   -0.006    0.000    0.003    0.003    0.001    0.002    0.004   -0.001   -0.009   -0.001   -0.005    0.003   -0.002   -0.010
Matrix X:	----------------------------------end----



C:/Users/vmc04/Documents/GitHub/wingproj/Gomez analysis plan/Field 18 allometry/2017_09_06 Field 18 SJU scaled_PW_CS.txt 

C:/Users/vmc04/Documents/GitHub/wingproj/Gomez analysis plan/Field 18 Procrustes analysis MOG individual/2017_09_06 Field 18 SJU scaled - centroid size AND partial warps scores - U1, U2 last columns - first column is size - Field18SJU scaled- 11 

Numero de variables =	33

Numero de individuos =	11

Matrix X:	----------------------------------start---


   3.446   -0.001    0.001    0.000    0.001    0.000   -0.001   -0.001   -0.001   -0.000   -0.001    0.002   -0.001   -0.007   -0.000   -0.003   -0.001   -0.008   -0.002   -0.007   -0.002    0.009    0.000    0.003    0.003    0.007    0.005    0.008   -0.006    0.006    0.003   -0.001   -0.005
   3.356    0.000    0.001    0.001   -0.001    0.002    0.003   -0.000    0.000   -0.002   -0.000   -0.002   -0.002    0.002   -0.002    0.003   -0.000    0.006    0.002   -0.004   -0.004   -0.000   -0.002    0.000   -0.000    0.007   -0.002    0.013    0.002   -0.001   -0.004   -0.006   -0.001
   3.245   -0.001   -0.004   -0.001    0.000    0.001   -0.001   -0.000   -0.001   -0.000   -0.003    0.006    0.002   -0.005    0.001    0.002    0.001   -0.008   -0.003    0.008    0.001   -0.004    0.001   -0.000   -0.002   -0.014   -0.002   -0.012    0.006    0.011   -0.003    0.015   -0.006
   3.142   -0.001    0.000   -0.000    0.001    0.005   -0.002    0.001   -0.002    0.004   -0.003   -0.003   -0.000    0.000    0.002   -0.009    0.002   -0.002   -0.001    0.002    0.006    0.004   -0.000   -0.005    0.004    0.004    0.005    0.005   -0.003   -0.003    0.009   -0.002    0.015
   3.119   -0.001   -0.000   -0.001    0.001   -0.006    0.001    0.002    0.000   -0.004    0.005   -0.000   -0.002   -0.007    0.002    0.002    0.000    0.000   -0.000    0.007    0.003   -0.001   -0.001   -0.006   -0.002    0.001   -0.002    0.000    0.004   -0.004   -0.002   -0.011    0.011
   3.215   -0.003   -0.001   -0.001   -0.001   -0.002   -0.003   -0.001    0.002    0.001    0.001    0.002   -0.001   -0.001   -0.002    0.001    0.002   -0.003    0.003    0.003    0.002   -0.001    0.000    0.003    0.001    0.004   -0.001   -0.000    0.006   -0.018    0.003    0.005    0.002
   3.367   -0.002   -0.002   -0.000    0.002   -0.003    0.001   -0.001   -0.003    0.004   -0.001   -0.004    0.004    0.013    0.001   -0.009   -0.001    0.015    0.001    0.005   -0.002   -0.015   -0.004    0.005    0.002    0.004   -0.002    0.013   -0.004    0.005   -0.007    0.000   -0.007
   3.198    0.002    0.001    0.000   -0.000   -0.002    0.001    0.002    0.002   -0.000    0.000   -0.001   -0.000    0.011    0.001   -0.002   -0.001   -0.012    0.002   -0.000    0.001    0.006    0.002   -0.002   -0.005   -0.008    0.002   -0.015   -0.002   -0.011    0.005   -0.003    0.014
   3.304    0.001    0.002    0.001   -0.001   -0.000    0.002   -0.001    0.002    0.002   -0.001    0.001    0.002    0.008    0.002    0.009    0.003    0.007    0.002    0.003    0.002   -0.003   -0.001    0.001   -0.002   -0.006   -0.008    0.001    0.003    0.006   -0.004    0.006   -0.004
   3.153    0.003    0.003   -0.001   -0.002    0.003   -0.001   -0.001    0.001    0.000    0.001    0.002    0.001   -0.009   -0.003    0.003   -0.004    0.000   -0.000   -0.011   -0.006    0.004    0.002    0.000    0.000   -0.004    0.006   -0.005   -0.004    0.012   -0.005   -0.000   -0.003
   3.310    0.002    0.000    0.001   -0.001    0.001    0.000    0.000    0.000   -0.004    0.000   -0.004   -0.003   -0.005   -0.001    0.003   -0.001    0.002   -0.002   -0.006    0.000    0.003    0.003    0.001    0.002    0.004   -0.001   -0.009   -0.001   -0.005    0.003   -0.002   -0.010
Matrix X:	----------------------------------end----



C:/Users/vmc04/Documents/GitHub/wingproj/Gomez analysis plan/Field 18 allometry/2017_09_06 Field 18 SJU scaled_PW_CS.txt 

C:/Users/vmc04/Documents/GitHub/wingproj/Gomez analysis plan/Field 18 Procrustes analysis MOG individual/2017_09_06 Field 18 SJU scaled - centroid size AND partial warps scores - U1, U2 last columns - first column is size - Field18SJU scaled- 11 

Numero de variables =	33

Numero de individuos =	11

Matrix X:	----------------------------------start---


   3.446   -0.001    0.001    0.000    0.001    0.000   -0.001   -0.001   -0.001   -0.000   -0.001    0.002   -0.001   -0.007   -0.000   -0.003   -0.001   -0.008   -0.002   -0.007   -0.002    0.009    0.000    0.003    0.003    0.007    0.005    0.008   -0.006    0.006    0.003   -0.001   -0.005
   3.356    0.000    0.001    0.001   -0.001    0.002    0.003   -0.000    0.000   -0.002   -0.000   -0.002   -0.002    0.002   -0.002    0.003   -0.000    0.006    0.002   -0.004   -0.004   -0.000   -0.002    0.000   -0.000    0.007   -0.002    0.013    0.002   -0.001   -0.004   -0.006   -0.001
   3.245   -0.001   -0.004   -0.001    0.000    0.001   -0.001   -0.000   -0.001   -0.000   -0.003    0.006    0.002   -0.005    0.001    0.002    0.001   -0.008   -0.003    0.008    0.001   -0.004    0.001   -0.000   -0.002   -0.014   -0.002   -0.012    0.006    0.011   -0.003    0.015   -0.006
   3.142   -0.001    0.000   -0.000    0.001    0.005   -0.002    0.001   -0.002    0.004   -0.003   -0.003   -0.000    0.000    0.002   -0.009    0.002   -0.002   -0.001    0.002    0.006    0.004   -0.000   -0.005    0.004    0.004    0.005    0.005   -0.003   -0.003    0.009   -0.002    0.015
   3.119   -0.001   -0.000   -0.001    0.001   -0.006    0.001    0.002    0.000   -0.004    0.005   -0.000   -0.002   -0.007    0.002    0.002    0.000    0.000   -0.000    0.007    0.003   -0.001   -0.001   -0.006   -0.002    0.001   -0.002    0.000    0.004   -0.004   -0.002   -0.011    0.011
   3.215   -0.003   -0.001   -0.001   -0.001   -0.002   -0.003   -0.001    0.002    0.001    0.001    0.002   -0.001   -0.001   -0.002    0.001    0.002   -0.003    0.003    0.003    0.002   -0.001    0.000    0.003    0.001    0.004   -0.001   -0.000    0.006   -0.018    0.003    0.005    0.002
   3.367   -0.002   -0.002   -0.000    0.002   -0.003    0.001   -0.001   -0.003    0.004   -0.001   -0.004    0.004    0.013    0.001   -0.009   -0.001    0.015    0.001    0.005   -0.002   -0.015   -0.004    0.005    0.002    0.004   -0.002    0.013   -0.004    0.005   -0.007    0.000   -0.007
   3.198    0.002    0.001    0.000   -0.000   -0.002    0.001    0.002    0.002   -0.000    0.000   -0.001   -0.000    0.011    0.001   -0.002   -0.001   -0.012    0.002   -0.000    0.001    0.006    0.002   -0.002   -0.005   -0.008    0.002   -0.015   -0.002   -0.011    0.005   -0.003    0.014
   3.304    0.001    0.002    0.001   -0.001   -0.000    0.002   -0.001    0.002    0.002   -0.001    0.001    0.002    0.008    0.002    0.009    0.003    0.007    0.002    0.003    0.002   -0.003   -0.001    0.001   -0.002   -0.006   -0.008    0.001    0.003    0.006   -0.004    0.006   -0.004
   3.153    0.003    0.003   -0.001   -0.002    0.003   -0.001   -0.001    0.001    0.000    0.001    0.002    0.001   -0.009   -0.003    0.003   -0.004    0.000   -0.000   -0.011   -0.006    0.004    0.002    0.000    0.000   -0.004    0.006   -0.005   -0.004    0.012   -0.005   -0.000   -0.003
   3.310    0.002    0.000    0.001   -0.001    0.001    0.000    0.000    0.000   -0.004    0.000   -0.004   -0.003   -0.005   -0.001    0.003   -0.001    0.002   -0.002   -0.006    0.000    0.003    0.003    0.001    0.002    0.004   -0.001   -0.009   -0.001   -0.005    0.003   -0.002   -0.010
Matrix X:	----------------------------------end----



C:/Users/vmc04/Documents/GitHub/wingproj/Gomez analysis plan/Field 18 allometry/2017_09_06 Field 18 SJU scaled_PW_CS.txt 

C:/Users/vmc04/Documents/GitHub/wingproj/Gomez analysis plan/Field 18 Procrustes analysis MOG individual/2017_09_06 Field 18 SJU scaled - centroid size AND partial warps scores - U1, U2 last columns - first column is size - Field18SJU scaled- 11 

Numero de variables =	33

Numero de individuos =	11

Matrix X:	----------------------------------start---


   3.446   -0.001    0.001    0.000    0.001    0.000   -0.001   -0.001   -0.001   -0.000   -0.001    0.002   -0.001   -0.007   -0.000   -0.003   -0.001   -0.008   -0.002   -0.007   -0.002    0.009    0.000    0.003    0.003    0.007    0.005    0.008   -0.006    0.006    0.003   -0.001   -0.005
   3.356    0.000    0.001    0.001   -0.001    0.002    0.003   -0.000    0.000   -0.002   -0.000   -0.002   -0.002    0.002   -0.002    0.003   -0.000    0.006    0.002   -0.004   -0.004   -0.000   -0.002    0.000   -0.000    0.007   -0.002    0.013    0.002   -0.001   -0.004   -0.006   -0.001
   3.245   -0.001   -0.004   -0.001    0.000    0.001   -0.001   -0.000   -0.001   -0.000   -0.003    0.006    0.002   -0.005    0.001    0.002    0.001   -0.008   -0.003    0.008    0.001   -0.004    0.001   -0.000   -0.002   -0.014   -0.002   -0.012    0.006    0.011   -0.003    0.015   -0.006
   3.142   -0.001    0.000   -0.000    0.001    0.005   -0.002    0.001   -0.002    0.004   -0.003   -0.003   -0.000    0.000    0.002   -0.009    0.002   -0.002   -0.001    0.002    0.006    0.004   -0.000   -0.005    0.004    0.004    0.005    0.005   -0.003   -0.003    0.009   -0.002    0.015
   3.119   -0.001   -0.000   -0.001    0.001   -0.006    0.001    0.002    0.000   -0.004    0.005   -0.000   -0.002   -0.007    0.002    0.002    0.000    0.000   -0.000    0.007    0.003   -0.001   -0.001   -0.006   -0.002    0.001   -0.002    0.000    0.004   -0.004   -0.002   -0.011    0.011
   3.215   -0.003   -0.001   -0.001   -0.001   -0.002   -0.003   -0.001    0.002    0.001    0.001    0.002   -0.001   -0.001   -0.002    0.001    0.002   -0.003    0.003    0.003    0.002   -0.001    0.000    0.003    0.001    0.004   -0.001   -0.000    0.006   -0.018    0.003    0.005    0.002
   3.367   -0.002   -0.002   -0.000    0.002   -0.003    0.001   -0.001   -0.003    0.004   -0.001   -0.004    0.004    0.013    0.001   -0.009   -0.001    0.015    0.001    0.005   -0.002   -0.015   -0.004    0.005    0.002    0.004   -0.002    0.013   -0.004    0.005   -0.007    0.000   -0.007
   3.198    0.002    0.001    0.000   -0.000   -0.002    0.001    0.002    0.002   -0.000    0.000   -0.001   -0.000    0.011    0.001   -0.002   -0.001   -0.012    0.002   -0.000    0.001    0.006    0.002   -0.002   -0.005   -0.008    0.002   -0.015   -0.002   -0.011    0.005   -0.003    0.014
   3.304    0.001    0.002    0.001   -0.001   -0.000    0.002   -0.001    0.002    0.002   -0.001    0.001    0.002    0.008    0.002    0.009    0.003    0.007    0.002    0.003    0.002   -0.003   -0.001    0.001   -0.002   -0.006   -0.008    0.001    0.003    0.006   -0.004    0.006   -0.004
   3.153    0.003    0.003   -0.001   -0.002    0.003   -0.001   -0.001    0.001    0.000    0.001    0.002    0.001   -0.009   -0.003    0.003   -0.004    0.000   -0.000   -0.011   -0.006    0.004    0.002    0.000    0.000   -0.004    0.006   -0.005   -0.004    0.012   -0.005   -0.000   -0.003
   3.310    0.002    0.000    0.001   -0.001    0.001    0.000    0.000    0.000   -0.004    0.000   -0.004   -0.003   -0.005   -0.001    0.003   -0.001    0.002   -0.002   -0.006    0.000    0.003    0.003    0.001    0.002    0.004   -0.001   -0.009   -0.001   -0.005    0.003   -0.002   -0.010
Matrix X:	----------------------------------end----



C:/Users/vmc04/Documents/GitHub/wingproj/Gomez analysis plan/Field 18 allometry/2017_09_06 Field 18 SJU scaled_PW_CS.txt 

C:/Users/vmc04/Documents/GitHub/wingproj/Gomez analysis plan/Field 18 Procrustes analysis MOG individual/2017_09_06 Field 18 SJU scaled - centroid size AND partial warps scores - U1, U2 last columns - first column is size - Field18SJU scaled- 11 

Numero de variables =	33

Numero de individuos =	11

Matrix X:	----------------------------------start---


   3.446   -0.001    0.001    0.000    0.001    0.000   -0.001   -0.001   -0.001   -0.000   -0.001    0.002   -0.001   -0.007   -0.000   -0.003   -0.001   -0.008   -0.002   -0.007   -0.002    0.009    0.000    0.003    0.003    0.007    0.005    0.008   -0.006    0.006    0.003   -0.001   -0.005
   3.356    0.000    0.001    0.001   -0.001    0.002    0.003   -0.000    0.000   -0.002   -0.000   -0.002   -0.002    0.002   -0.002    0.003   -0.000    0.006    0.002   -0.004   -0.004   -0.000   -0.002    0.000   -0.000    0.007   -0.002    0.013    0.002   -0.001   -0.004   -0.006   -0.001
   3.245   -0.001   -0.004   -0.001    0.000    0.001   -0.001   -0.000   -0.001   -0.000   -0.003    0.006    0.002   -0.005    0.001    0.002    0.001   -0.008   -0.003    0.008    0.001   -0.004    0.001   -0.000   -0.002   -0.014   -0.002   -0.012    0.006    0.011   -0.003    0.015   -0.006
   3.142   -0.001    0.000   -0.000    0.001    0.005   -0.002    0.001   -0.002    0.004   -0.003   -0.003   -0.000    0.000    0.002   -0.009    0.002   -0.002   -0.001    0.002    0.006    0.004   -0.000   -0.005    0.004    0.004    0.005    0.005   -0.003   -0.003    0.009   -0.002    0.015
   3.119   -0.001   -0.000   -0.001    0.001   -0.006    0.001    0.002    0.000   -0.004    0.005   -0.000   -0.002   -0.007    0.002    0.002    0.000    0.000   -0.000    0.007    0.003   -0.001   -0.001   -0.006   -0.002    0.001   -0.002    0.000    0.004   -0.004   -0.002   -0.011    0.011
   3.215   -0.003   -0.001   -0.001   -0.001   -0.002   -0.003   -0.001    0.002    0.001    0.001    0.002   -0.001   -0.001   -0.002    0.001    0.002   -0.003    0.003    0.003    0.002   -0.001    0.000    0.003    0.001    0.004   -0.001   -0.000    0.006   -0.018    0.003    0.005    0.002
   3.367   -0.002   -0.002   -0.000    0.002   -0.003    0.001   -0.001   -0.003    0.004   -0.001   -0.004    0.004    0.013    0.001   -0.009   -0.001    0.015    0.001    0.005   -0.002   -0.015   -0.004    0.005    0.002    0.004   -0.002    0.013   -0.004    0.005   -0.007    0.000   -0.007
   3.198    0.002    0.001    0.000   -0.000   -0.002    0.001    0.002    0.002   -0.000    0.000   -0.001   -0.000    0.011    0.001   -0.002   -0.001   -0.012    0.002   -0.000    0.001    0.006    0.002   -0.002   -0.005   -0.008    0.002   -0.015   -0.002   -0.011    0.005   -0.003    0.014
   3.304    0.001    0.002    0.001   -0.001   -0.000    0.002   -0.001    0.002    0.002   -0.001    0.001    0.002    0.008    0.002    0.009    0.003    0.007    0.002    0.003    0.002   -0.003   -0.001    0.001   -0.002   -0.006   -0.008    0.001    0.003    0.006   -0.004    0.006   -0.004
   3.153    0.003    0.003   -0.001   -0.002    0.003   -0.001   -0.001    0.001    0.000    0.001    0.002    0.001   -0.009   -0.003    0.003   -0.004    0.000   -0.000   -0.011   -0.006    0.004    0.002    0.000    0.000   -0.004    0.006   -0.005   -0.004    0.012   -0.005   -0.000   -0.003
   3.310    0.002    0.000    0.001   -0.001    0.001    0.000    0.000    0.000   -0.004    0.000   -0.004   -0.003   -0.005   -0.001    0.003   -0.001    0.002   -0.002   -0.006    0.000    0.003    0.003    0.001    0.002    0.004   -0.001   -0.009   -0.001   -0.005    0.003   -0.002   -0.010
Matrix X:	----------------------------------end----



C:/Users/vmc04/Documents/GitHub/wingproj/Gomez analysis plan/Field 18 allometry/2017_09_06 Field 18 SJU scaled_PW_CS.txt 

C:/Users/vmc04/Documents/GitHub/wingproj/Gomez analysis plan/Field 18 Procrustes analysis MOG individual/2017_09_06 Field 18 SJU scaled - centroid size AND partial warps scores - U1, U2 last columns - first column is size - Field18SJU scaled- 11 

Numero de variables =	33

Numero de individuos =	11

Matrix X:	----------------------------------start---


   3.446   -0.001    0.001    0.000    0.001    0.000   -0.001   -0.001   -0.001   -0.000   -0.001    0.002   -0.001   -0.007   -0.000   -0.003   -0.001   -0.008   -0.002   -0.007   -0.002    0.009    0.000    0.003    0.003    0.007    0.005    0.008   -0.006    0.006    0.003   -0.001   -0.005
   3.356    0.000    0.001    0.001   -0.001    0.002    0.003   -0.000    0.000   -0.002   -0.000   -0.002   -0.002    0.002   -0.002    0.003   -0.000    0.006    0.002   -0.004   -0.004   -0.000   -0.002    0.000   -0.000    0.007   -0.002    0.013    0.002   -0.001   -0.004   -0.006   -0.001
   3.245   -0.001   -0.004   -0.001    0.000    0.001   -0.001   -0.000   -0.001   -0.000   -0.003    0.006    0.002   -0.005    0.001    0.002    0.001   -0.008   -0.003    0.008    0.001   -0.004    0.001   -0.000   -0.002   -0.014   -0.002   -0.012    0.006    0.011   -0.003    0.015   -0.006
   3.142   -0.001    0.000   -0.000    0.001    0.005   -0.002    0.001   -0.002    0.004   -0.003   -0.003   -0.000    0.000    0.002   -0.009    0.002   -0.002   -0.001    0.002    0.006    0.004   -0.000   -0.005    0.004    0.004    0.005    0.005   -0.003   -0.003    0.009   -0.002    0.015
   3.119   -0.001   -0.000   -0.001    0.001   -0.006    0.001    0.002    0.000   -0.004    0.005   -0.000   -0.002   -0.007    0.002    0.002    0.000    0.000   -0.000    0.007    0.003   -0.001   -0.001   -0.006   -0.002    0.001   -0.002    0.000    0.004   -0.004   -0.002   -0.011    0.011
   3.215   -0.003   -0.001   -0.001   -0.001   -0.002   -0.003   -0.001    0.002    0.001    0.001    0.002   -0.001   -0.001   -0.002    0.001    0.002   -0.003    0.003    0.003    0.002   -0.001    0.000    0.003    0.001    0.004   -0.001   -0.000    0.006   -0.018    0.003    0.005    0.002
   3.367   -0.002   -0.002   -0.000    0.002   -0.003    0.001   -0.001   -0.003    0.004   -0.001   -0.004    0.004    0.013    0.001   -0.009   -0.001    0.015    0.001    0.005   -0.002   -0.015   -0.004    0.005    0.002    0.004   -0.002    0.013   -0.004    0.005   -0.007    0.000   -0.007
   3.198    0.002    0.001    0.000   -0.000   -0.002    0.001    0.002    0.002   -0.000    0.000   -0.001   -0.000    0.011    0.001   -0.002   -0.001   -0.012    0.002   -0.000    0.001    0.006    0.002   -0.002   -0.005   -0.008    0.002   -0.015   -0.002   -0.011    0.005   -0.003    0.014
   3.304    0.001    0.002    0.001   -0.001   -0.000    0.002   -0.001    0.002    0.002   -0.001    0.001    0.002    0.008    0.002    0.009    0.003    0.007    0.002    0.003    0.002   -0.003   -0.001    0.001   -0.002   -0.006   -0.008    0.001    0.003    0.006   -0.004    0.006   -0.004
   3.153    0.003    0.003   -0.001   -0.002    0.003   -0.001   -0.001    0.001    0.000    0.001    0.002    0.001   -0.009   -0.003    0.003   -0.004    0.000   -0.000   -0.011   -0.006    0.004    0.002    0.000    0.000   -0.004    0.006   -0.005   -0.004    0.012   -0.005   -0.000   -0.003
   3.310    0.002    0.000    0.001   -0.001    0.001    0.000    0.000    0.000   -0.004    0.000   -0.004   -0.003   -0.005   -0.001    0.003   -0.001    0.002   -0.002   -0.006    0.000    0.003    0.003    0.001    0.002    0.004   -0.001   -0.009   -0.001   -0.005    0.003   -0.002   -0.010
Matrix X:	----------------------------------end----



Group 1:	54 rows
Nb permutations = 1000
Vector of observed regression coefficients:
-0.00056835270076356 0.0018541288075908 -0.00033776194807807 -0.001806179765962 -0.0019031700805657 -4.9908218908018e-05 0.0028311893025345 0.0031599062594598 -0.0012316773102386 0.00045837425267757 0.0030639088329333 0.0031268947201587 0.0016287199340236 0.0016992022022322 -0.0032997876171634 0.00046024875413821 0.010813869877969 0.00099065981997376 -0.0053015523135593 0.0050454997843689 -0.0013979477652934 0.0055693782897689 0.011754493958614 -0.0021362307696813 0.0026259961553879 0.0023553347197869 -0.01083191483234 0.0012216558264897 0.0067708275394117 0.0031822203406097 0.0057046567438844 -0.0091766211690966
Sum of squared values:0.0023676112602391

Multivariate regression (with SIZE as independent variable, SHAPE as dependent variables) 
after 1000 permutations, 	16 values found higher than observed (0.0023676112602391), so that  P = 0.016 
(Good, P. 2000. permutation tests: a practical guide to resampling methods  for testing hypotheses. New York, Springer.)

...
0.016

Group 2:	17 rows
Nb permutations = 1000
Vector of observed regression coefficients:
0.0044058359374118 -0.00014518164468511 -0.0046522059764201 0.0035219429545747 0.0035334200179044 0.001188834093406 -0.0012231098345907 0.0089652678029043 0.0035621092841834 -0.0028781619375131 0.0053827501404799 -0.0098708288184975 0.014416401855722 -0.0045891370778499 0.019295996310975 -0.0023023209767465 -0.00078370322546828 -0.00335221370663 -0.0087426613631183 -0.0068267117875494 -0.0071372502324222 -0.0084072075793325 0.018678235829328 -0.001312799252896 0.011501019504451 0.0089804087556398 0.0024603898006323 -0.0051427224539935 0.038611976668139 0.0022331176168449 0.007141868610235 -0.021301017530924
Sum of squared values:0.0073438894389992

Multivariate regression (with SIZE as independent variable, SHAPE as dependent variables) 
after 1000 permutations, 	71 values found higher than observed (0.0073438894389992), so that  P = 0.071 
(Good, P. 2000. permutation tests: a practical guide to resampling methods  for testing hypotheses. New York, Springer.)

...
0.071

Group 3:	11 rows
Nb permutations = 1000
Vector of observed regression coefficients:
0.0081892988559714 0.0040927765404094 -0.0015020912977654 -0.0033678177243938 0.0019365853503762 -0.0021975277721128 0.0046643949176404 0.0044882046814406 -0.0033375134791582 0.0060930436485044 -0.0082938207917334 -0.0063873822281952 0.00073804956451425 -0.0051558341441513 -0.010893823564332 -0.0078830662991558 -0.020667429753675 0.0033129835803456 -0.018772025331332 0.0012332028191962 0.021150442727816 0.0098266802348425 -0.0088043169965915 -0.0029292407647439 0.00015868496080408 0.017651807845597 -0.039413555846237 -0.010642529167657 -0.041595503073994 0.020128795896381 -0.02033416100794 0.034098763470276
Sum of squared values:0.0071974740495736

Multivariate regression (with SIZE as independent variable, SHAPE as dependent variables) 
after 1000 permutations, 	198 values found higher than observed (0.0071974740495736), so that  P = 0.198 
(Good, P. 2000. permutation tests: a practical guide to resampling methods  for testing hypotheses. New York, Springer.)

...
0.198

Group 4:	11 rows
Nb permutations = 1000
Vector of observed regression coefficients:
-0.0050956904296362 -0.0010152811481465 -5.7932657689582e-05 0.0026841149930121 -0.011043202426115 0.0039665105287789 0.0071850404126536 0.0031022238034556 -0.00083708172208445 0.0078305980070987 -0.0060087224224444 -0.0047452217406821 0.016521691128703 0.0076132579004725 -0.0057330193898855 0.0086217327199069 -0.0084547140551176 0.0084565204304708 0.029664581530364 0.019521242198371 -0.0019203254115501 -0.0055635754428416 -0.020261468663006 -0.0077144216308215 0.0021904597743197 -0.0057304456660563 0.0027526660683062 0.01412216249194 -0.049384650622631 0.013319742902177 -0.027178211276888 0.065458432021852
Sum of squared values:0.0071974740495736

Multivariate regression (with SIZE as independent variable, SHAPE as dependent variables) 
after 1000 permutations, 	216 values found higher than observed (0.0071974740495736), so that  P = 0.216 
(Good, P. 2000. permutation tests: a practical guide to resampling methods  for testing hypotheses. New York, Springer.)

...
0.216

Group 5:	11 rows
Nb permutations = 1000
Vector of observed regression coefficients:
0.0032730028469039 -0.0042599964568446 -0.0035821142689342 0.002453391095725 -0.0062798468002705 0.0032057538069826 0.0039154861790193 -0.0031045359681588 -0.0053526343569814 0.0076278624438192 0.0028697799601241 0.0032368948634765 -0.011913535908706 0.0029046842070007 -0.0052561224078008 -0.0074608762255962 -0.0032025109829535 -0.0034806416708491 0.013488325235259 -0.0027304504939065 -0.010558873997418 -0.0002793355196087 -0.01449038048813 -0.0095692225458169 -0.024218234983809 0.0045754753152804 -0.02169025478298 0.00021073808982906 0.025837234224853 -0.014374056888606 -0.01272505671541 0.020675849882445
Sum of squared values:0.0071974740495736

Multivariate regression (with SIZE as independent variable, SHAPE as dependent variables) 
after 1000 permutations, 	216 values found higher than observed (0.0071974740495736), so that  P = 0.216 
(Good, P. 2000. permutation tests: a practical guide to resampling methods  for testing hypotheses. New York, Springer.)

...
0.216

Group 6:	11 rows
Nb permutations = 1000
Vector of observed regression coefficients:
-0.012076496710448 -0.010575569163384 -0.003629978024574 0.0032310176067458 0.0012102860358196 -0.010574119105334 -0.00023617962307741 -0.0051813173647094 0.0038015090198591 -0.0032799571025408 0.011256370622022 0.00071277372262592 -0.026758964709121 0.0013456237245339 -0.015704333512192 0.00542687930702 -0.022344549168193 -0.0058554845821485 0.024145636924419 0.010537753498067 -0.0056516494216099 -0.0021827461104921 -0.0025155428729351 0.0060750903522019 -0.0010974154704824 0.0065598400574955 0.0035783170350507 0.013599036732224 0.0013258611071681 0.0078211202085044 0.019983527101361 0.009407039040152
Sum of squared values:0.0071974740495736

Multivariate regression (with SIZE as independent variable, SHAPE as dependent variables) 
after 1000 permutations, 	224 values found higher than observed (0.0071974740495736), so that  P = 0.224 
(Good, P. 2000. permutation tests: a practical guide to resampling methods  for testing hypotheses. New York, Springer.)

...
0.224

Group 7:	11 rows
Nb permutations = 1000
Vector of observed regression coefficients:
0.0041698219498064 -0.0019374927792142 -0.00066074351109088 -0.0037722435869823 0.0054245529605319 -7.9185525035797e-05 -0.0015738993684414 0.0031937308725336 0.0041743965794862 -0.0069098886853242 0.015810093355266 0.0081391266912075 0.014374848178892 -0.0023399372504979 0.014437358105901 -0.00013660124464907 -0.016962947636843 0.004031485031588 0.0053822137933386 -0.007272099897514 -0.0057944228936709 0.0032099943501275 0.00086304015767835 -0.013519986989387 -0.048075999488949 -0.0040688613321033 -0.035006955572913 0.010877913929765 0.025018836907629 -0.014112985083366 0.035312970012435 -0.0012588794920089
Sum of squared values:0.0071974740495736

Multivariate regression (with SIZE as independent variable, SHAPE as dependent variables) 
after 1000 permutations, 	205 values found higher than observed (0.0071974740495736), so that  P = 0.205 
(Good, P. 2000. permutation tests: a practical guide to resampling methods  for testing hypotheses. New York, Springer.)

...
0.205

Group 8:	11 rows
Nb permutations = 1000
Vector of observed regression coefficients:
0.0055008697310161 -0.0024566498521744 0.00083065746309352 -0.0002508766720161 0.016643475406558 -0.0010421887070943 0.0044390598077438 -0.0034185791322584 -0.0033074781953252 -0.0078229076837999 -0.0023233547054313 -0.0054140903097649 -0.01622663126785 -0.00091255077830449 -0.0070151964268515 -0.00088266541881735 -0.028976764456609 -0.0075787029169792 -0.006140590185199 0.0087185274580487 0.024555513915082 0.0092692363297791 -0.017574336334602 0.00083438061494449 -0.010871199992288 0.012510372302167 -0.0309847184637 -0.00061128696002348 0.00015985490816696 0.022824009580557 0.00055304135818303 0.024093925380906
Sum of squared values:0.0071974740495736

Multivariate regression (with SIZE as independent variable, SHAPE as dependent variables) 
after 1000 permutations, 	226 values found higher than observed (0.0071974740495736), so that  P = 0.226 
(Good, P. 2000. permutation tests: a practical guide to resampling methods  for testing hypotheses. New York, Springer.)

...
0.226
Data directory C:/Users/vmc04/Documents/GitHub/wingproj/Gomez analysis plan/Field 18 allometry/2017_09_06 Field 18 SJU scaled_PW_CS.txt <-> C:/Users/vmc04/Documents/GitHub/wingproj/Gomez analysis plan/Field 18 allometry/2017_09_06 Field 18 SJU scaled_PW_CS.txt
