TPS like internal (simplified) format - can be converted to other format by using TET

LM=18
553.000	486.000
768.000	457.000
1042.000	494.000
1053.000	511.000
1064.000	537.000
1057.000	561.000
1034.000	583.000
980.000	614.000
893.000	641.000
771.000	663.000
554.000	564.000
666.000	561.000
667.000	537.000
721.000	552.000
718.000	525.000
719.000	505.000
815.000	496.000
856.000	573.000
IMAGE=C:/Users/vmc04/Desktop/Lab reared wings for landmarking/18/TLC/TLCFC/TLC 136.gif
ID=1 : TLC 136 18
COMMENT=FC-18
VARIABLES=NA
SCALE=NA

LM=18
745.000	456.000
948.000	430.000
1220.000	478.000
1233.000	497.000
1244.000	521.000
1239.000	547.000
1206.000	569.000
1156.000	593.000
1073.000	619.000
948.000	641.000
743.000	540.000
861.000	536.000
859.000	517.000
919.000	529.000
915.000	502.000
910.000	476.000
1010.000	473.000
1031.000	555.000
IMAGE=C:/Users/vmc04/Desktop/Lab reared wings for landmarking/18/TLC/TLCFC/TLC 137-1.gif
ID=2 : TLC 137 18
COMMENT=FC-18
VARIABLES=NA
SCALE=NA

LM=18
524.000	390.000
711.000	369.000
981.000	432.000
990.000	455.000
992.000	478.000
985.000	501.000
956.000	520.000
900.000	541.000
827.000	555.000
710.000	566.000
521.000	463.000
627.000	467.000
626.000	443.000
682.000	458.000
681.000	433.000
679.000	411.000
780.000	413.000
792.000	490.000
IMAGE=C:/Users/vmc04/Desktop/Lab reared wings for landmarking/18/TLC/TLCFC/TLC 139.gif
ID=3 : TLC 139 18
COMMENT=FC-18
VARIABLES=NA
SCALE=NA

LM=18
564.000	595.000
758.000	551.000
1015.000	563.000
1040.000	588.000
1054.000	612.000
1053.000	639.000
1028.000	662.000
973.000	692.000
891.000	720.000
781.000	746.000
579.000	677.000
678.000	662.000
674.000	641.000
730.000	645.000
726.000	623.000
723.000	601.000
813.000	587.000
848.000	660.000
IMAGE=C:/Users/vmc04/Desktop/Lab reared wings for landmarking/18/TLC/TLCFC/TLC 145-1.gif
ID=4 : TLC 145 18
COMMENT=FC-18
VARIABLES=NA
SCALE=NA

LM=18
685.000	264.000
893.000	273.000
1146.000	354.000
1149.000	370.000
1152.000	393.000
1145.000	415.000
1106.000	438.000
1052.000	453.000
985.000	464.000
865.000	464.000
681.000	338.000
791.000	358.000
795.000	338.000
837.000	350.000
842.000	327.000
847.000	307.000
918.000	310.000
930.000	385.000
IMAGE=C:/Users/vmc04/Desktop/Lab reared wings for landmarking/18/TLC/TLCFC/TLC 146.gif
ID=5 : TLC 146 18
COMMENT=FC-18
VARIABLES=NA
SCALE=NA

LM=18
712.000	517.000
903.000	494.000
1171.000	554.000
1187.000	579.000
1192.000	599.000
1186.000	622.000
1157.000	643.000
1099.000	662.000
1026.000	681.000
902.000	692.000
713.000	595.000
832.000	597.000
833.000	576.000
878.000	585.000
876.000	561.000
877.000	540.000
962.000	538.000
987.000	615.000
IMAGE=C:/Users/vmc04/Desktop/Lab reared wings for landmarking/18/TLC/TLCFC/TLC 184.gif
ID=6 : TLC 184 18
COMMENT=FC-18
VARIABLES=NA
SCALE=NA

LM=18
510.000	443.000
733.000	418.000
1009.000	472.000
1026.000	498.000
1032.000	519.000
1028.000	540.000
996.000	567.000
946.000	591.000
862.000	611.000
733.000	632.000
516.000	531.000
640.000	529.000
641.000	507.000
689.000	513.000
690.000	492.000
690.000	468.000
785.000	462.000
826.000	547.000
IMAGE=C:/Users/vmc04/Desktop/Lab reared wings for landmarking/18/TLC/TLCFC/TLC 226.gif
ID=7 : TLC 226 18
COMMENT=FC-18
VARIABLES=NA
SCALE=NA

LM=18
597.000	309.000
794.000	295.000
1039.000	357.000
1056.000	381.000
1062.000	404.000
1058.000	424.000
1027.000	446.000
976.000	465.000
905.000	482.000
788.000	489.000
601.000	387.000
703.000	391.000
705.000	372.000
757.000	384.000
759.000	361.000
761.000	339.000
849.000	341.000
861.000	416.000
IMAGE=C:/Users/vmc04/Desktop/Lab reared wings for landmarking/18/TLC/TLCFC/TLC 229.gif
ID=8 : TLC 229 18
COMMENT=FC-18
VARIABLES=NA
SCALE=NA

LM=18
550.000	363.000
749.000	306.000
1017.000	304.000
1039.000	326.000
1048.000	347.000
1045.000	368.000
1024.000	397.000
980.000	429.000
905.000	467.000
789.000	504.000
569.000	442.000
681.000	422.000
678.000	400.000
727.000	403.000
724.000	377.000
721.000	357.000
804.000	340.000
864.000	411.000
IMAGE=C:/Users/vmc04/Desktop/Lab reared wings for landmarking/18/TLC/TLCFC/TLC 231-1.gif
ID=9 : TLC 231 18
COMMENT=FC-18
VARIABLES=NA
SCALE=NA

LM=18
612.000	384.000
815.000	355.000
1077.000	400.000
1098.000	425.000
1102.000	449.000
1099.000	471.000
1068.000	490.000
1014.000	515.000
940.000	537.000
815.000	552.000
616.000	458.000
727.000	458.000
728.000	437.000
789.000	446.000
788.000	425.000
786.000	400.000
848.000	397.000
888.000	470.000
IMAGE=C:/Users/vmc04/Desktop/Lab reared wings for landmarking/18/TLC/TLCFC/TLC 234.gif
ID=10 : TLC 234 18
COMMENT=FC-18
VARIABLES=NA
SCALE=NA

LM=18
584.000	335.000
791.000	330.000
1052.000	406.000
1071.000	433.000
1074.000	462.000
1070.000	479.000
1038.000	498.000
986.000	517.000
905.000	528.000
778.000	531.000
586.000	418.000
687.000	423.000
689.000	404.000
750.000	424.000
753.000	399.000
757.000	376.000
837.000	381.000
865.000	461.000
IMAGE=C:/Users/vmc04/Desktop/Lab reared wings for landmarking/18/TLC/TLCFC/TLC 237.gif
ID=11 : TLC 237 18
COMMENT=FC-18
VARIABLES=NA
SCALE=NA

LM=18
710.000	373.000
916.000	335.000
1202.000	375.000
1218.000	398.000
1225.000	419.000
1222.000	445.000
1193.000	471.000
1143.000	500.000
1050.000	531.000
923.000	557.000
708.000	462.000
831.000	456.000
830.000	437.000
891.000	443.000
890.000	413.000
886.000	388.000
971.000	383.000
1009.000	463.000
IMAGE=C:/Users/vmc04/Desktop/Lab reared wings for landmarking/18/TLC/TLCFC/TLC 271-1.gif
ID=12 : TLC 271 18
COMMENT=FC-18
VARIABLES=NA
SCALE=NA

LM=18
467.000	572.000
672.000	565.000
923.000	634.000
941.000	659.000
946.000	684.000
941.000	707.000
920.000	726.000
864.000	748.000
781.000	767.000
654.000	777.000
470.000	665.000
582.000	668.000
586.000	649.000
637.000	665.000
640.000	638.000
643.000	613.000
708.000	610.000
734.000	695.000
IMAGE=C:/Users/vmc04/Desktop/Lab reared wings for landmarking/18/TLC/TLCFC/TLC 276-1.gif
ID=13 : TLC 276 18
COMMENT=FC-18
VARIABLES=NA
SCALE=NA

LM=18
667.000	431.000
872.000	387.000
1132.000	419.000
1154.000	443.000
1167.000	467.000
1164.000	493.000
1136.000	517.000
1077.000	547.000
1007.000	572.000
878.000	602.000
668.000	513.000
776.000	505.000
776.000	483.000
834.000	490.000
834.000	467.000
835.000	440.000
911.000	431.000
949.000	507.000
IMAGE=C:/Users/vmc04/Desktop/Lab reared wings for landmarking/18/TLC/TLCFC/TLC 283-1.gif
ID=14 : TLC 283 18
COMMENT=FC-18
VARIABLES=NA
SCALE=NA

LM=18
595.000	542.000
805.000	521.000
1051.000	567.000
1062.000	587.000
1069.000	613.000
1062.000	637.000
1038.000	659.000
986.000	683.000
910.000	704.000
784.000	719.000
588.000	626.000
698.000	619.000
697.000	599.000
744.000	606.000
745.000	587.000
746.000	564.000
828.000	562.000
867.000	638.000
IMAGE=C:/Users/vmc04/Desktop/Lab reared wings for landmarking/18/TLC/TLCFC/TLC 404.gif
ID=15 : TLC 404 18
COMMENT=FC-18
VARIABLES=NA
SCALE=NA

LM=18
466.000	284.000
659.000	288.000
904.000	361.000
915.000	382.000
918.000	408.000
907.000	430.000
878.000	446.000
826.000	463.000
746.000	476.000
629.000	480.000
456.000	365.000
561.000	375.000
564.000	355.000
620.000	371.000
622.000	348.000
625.000	324.000
697.000	330.000
711.000	411.000
IMAGE=C:/Users/vmc04/Desktop/Lab reared wings for landmarking/18/TLC/TLCFC/TLC 405-1.gif
ID=16 : TLC 405 18
COMMENT=FC-18
VARIABLES=NA
SCALE=NA

LM=18
673.000	580.000
861.000	543.000
1120.000	566.000
1138.000	586.000
1153.000	618.000
1147.000	640.000
1123.000	663.000
1070.000	693.000
995.000	717.000
884.000	742.000
676.000	657.000
796.000	652.000
797.000	629.000
845.000	641.000
843.000	610.000
844.000	591.000
914.000	581.000
948.000	655.000
IMAGE=C:/Users/vmc04/Desktop/Lab reared wings for landmarking/18/TLC/TLCFC/TLC 409-1.gif
ID=17 : TLC 409 18
COMMENT=FC-18
VARIABLES=NA
SCALE=NA

LM=18
517.000	515.000
734.000	466.000
1025.000	498.000
1039.000	517.000
1045.000	543.000
1039.000	571.000
1014.000	598.000
965.000	630.000
882.000	662.000
747.000	691.000
525.000	602.000
650.000	589.000
648.000	564.000
705.000	578.000
703.000	550.000
701.000	522.000
787.000	509.000
835.000	593.000
IMAGE=C:/Users/vmc04/Desktop/Lab reared wings for landmarking/18/TLC/TLCFC/TLC 457.gif
ID=18 : TLC 457 18
COMMENT=FC-18
VARIABLES=NA
SCALE=NA

LM=18
722.000	348.000
937.000	321.000
1206.000	375.000
1220.000	394.000
1226.000	417.000
1218.000	446.000
1191.000	466.000
1141.000	490.000
1059.000	513.000
931.000	529.000
726.000	428.000
838.000	427.000
835.000	405.000
900.000	417.000
899.000	392.000
899.000	368.000
1002.000	366.000
1018.000	444.000
IMAGE=C:/Users/vmc04/Desktop/Lab reared wings for landmarking/18/TLC/TLCFC/TLC 459.gif
ID=19 : TLC 459 18
COMMENT=FC-18
VARIABLES=NA
SCALE=NA

LM=18
604.000	466.000
807.000	446.000
1089.000	499.000
1102.000	519.000
1109.000	541.000
1103.000	566.000
1070.000	590.000
1015.000	615.000
934.000	632.000
797.000	642.000
613.000	542.000
714.000	545.000
715.000	525.000
774.000	534.000
773.000	515.000
775.000	491.000
873.000	488.000
903.000	568.000
IMAGE=C:/Users/vmc04/Desktop/Lab reared wings for landmarking/18/TLC/TLCFC/TLC 462.gif
ID=20 : TLC 462 18
COMMENT=FC-18
VARIABLES=NA
SCALE=NA