C:/Users/vmc04/Desktop/Wing saga/Lab reared wings for landmarking/13/13 landmakrs lab reared txt files/APRFA 13_Format - {Procrustes residues OP} - 1 22 26 0	from C:/Users/vmc04/Dropbox/Homework/APRFA 13.txt - TPS like internal (simplified) format - can be converted to other format by using TET - Orthogonal projection of the preshape data to the Kendall tangent space
0.0029700733766094469 0.0036447388665091316 -0.0039564889487864567 -0.0017299193294682115 0.0020793316308165442 0.0029411623754997253 -0.013545555273120274 2.855370214228806e-06 0.0042315066590707783 0.0038870525702788105 0.0087420999166085284 -0.0033956790971699118 0.0085073642005771746 0.001433376245178644 -0.014721308682239099 -0.0033092378452462064 -0.0018965448404527406 0.0041849432021265048 -0.0044043563876681761 0.0016087074289667252 0.0014879283331268311 -0.006767556803623175 0.0066450439458354557 0.0012120880090346815 0.0038609060696217323 -0.0037125309923010941
0.0060921475614604884 0.0061357392845927906 0.008631132563616634 -0.0018323670656846347 0.0087266546344712016 -0.0020070460855532157 0.0049127682988560828 -0.00082711251684923276 0.0049777832549554833 0.00090228735900140021 -0.00092287719736799728 0.0050257837214270334 -0.0065661738706029021 0.0014361796584390391 -0.0064917324341864178 -0.0051289554936916702 -0.0027083641789981557 -0.0029572395282831368 -0.0072349721638395826 -0.0046378664686767953 0.0012028544642389352 -0.0011397479200736063 -0.0011620731713395688 0.0032371104503591038 -0.0094571477612636345 0.0017932346049929632
0.008443932543547146 0.0088124189910458658 0.010168872619332366 -0.0026008965342349862 0.00795087169172372 -0.0003264953246326723 -0.0078917581204678705 -0.0046418361012849508 0.0081737085076959218 0.0034180313249854155 0.0043152187146644136 0.0037952672833454267 -0.00028509007477759167 0.0033194892423717343 0.010994482126657025 -0.0013614475510082039 -0.010116006119016557 -0.00035665676103021021 -0.014309445199379741 -0.0081535372318365003 0.0021302262789860563 0.005051234825635879 -0.011901727189185208 -0.005504048701811759 -0.0076732857797791321 -0.0014515234615454231
-0.0029686499845233277 0.0026760443812815491 0.0096273299276053662 0.0055558886782760223 0.0021793767676437114 0.0025896527571633208 0.002787780270683546 -0.0013558495326699124 -0.0018919877657224129 -0.0044968781441364859 -0.0011876928878021653 -0.0023016423478889395 -0.013537889908510859 -0.0041892823914295311 -0.00012863987214138136 -0.0029071221752548695 -0.0066206614122941865 0.0025895965513581211 0.014769622741149084 0.0035970848024646294 0.0020666771608198499 -0.0029205318022102926 -0.0044231789882160357 0.00070945658987160102 -0.00067208604869015229 0.00045358263317478442
-0.0060928225170066852 4.1804860452416344e-05 -1.6069186210180154e-05 0.0017604085670612293 -0.0011785617645348767 0.002258768884502064 0.017643267649723186 0.0043987394846895832 -0.00015258114381845296 0.0010743023128006342 -0.0017615589664791223 -0.0019688605915560891 -0.006308823121270595 -0.00039080468575168907 0.011084148743874204 0.0026136349887767403 -0.0042644540557165243 -0.0065229348762003989 -0.0062046638740070196 -0.0056493759278802898 -0.0070013354671546015 0.0023475065690639623 0.0054776315437721403 -0.00040271295286371691 -0.0012241778411704565 0.00043952336690558647
-0.0033606627534322354 0.0035301306901353649 -0.002014404360266986 -0.001126361560544929 0.0038157795089798496 0.0012125933190411556 0.001327648404080943 -0.0003349981597844027 0.0024873157637510532 0.0016571475804350126 0.0014166935770793671 0.0050091743824833531 -0.0013261344301631955 0.00067813040286832809 -0.0019470238229755757 -0.001799586435974573 -0.0056051300163145823 -0.0045962918825534875 0.0031681252414263849 -0.000828743834294087 0.0057851581433051458 -0.00061758430923350319 -0.0018601628860690509 -0.0019675458664431362 -0.0018872023694019749 -0.00081606432613511026
0.0013783718738708834 0.0028019447094741962 -0.0032360768936514485 -0.0037234943216561387 -0.00093937657855386065 -0.0054296867228530634 0.01702741658321804 0.0045578647924956637 0.00097371193064081044 -0.0035316539124557395 0.005659326972824937 -0.0019115384316361571 -0.00046111997513706426 0.0052116664841366832 -0.0066376934328745366 0.001078024152521354 0.00040429932567259924 0.0033436852547535597 -0.0029706153260213122 0.0014776190561072958 0.0023546368154099355 0.00069795286378376484 -0.0046743300497144886 -0.0011227009570894345 -0.0088785512456840618 -0.0034496829675812746
0.0058787042976288801 -0.0051544103173230644 -0.00070479118109188646 -0.0065615134979433477 -0.0045504468594249302 -0.0088578966471238463 -0.0028569413960601022 -0.00016958924951955448 3.6620565783811957e-05 -0.0066319445299284595 0.0023081316983966766 -0.001760139499901591 0.0066317011880875423 0.0023611165954406242 0.0018945778211580161 0.0032659337855987856 -0.0056248842152526492 0.0077283361516145791 0.00063395602302498619 0.0059865115095822973 0.0045670990159197046 -0.0033851233340073264 0.00015753130856185969 0.010471078307912728 -0.0083712582667317455 0.0027076407255978846
0.0035625095458955043 0.0023088850036129807 -0.00049961995227164931 -0.0006742629398093984 0.00070260166955480241 0.001247431212695035 0.0015701859126750414 0.00060937919129622578 0.0029127850964221465 0.0018218478854507771 -0.0007672077992309091 0.004496499178702278 0.0040113001902756761 -0.00018313407323531576 -0.011785002748747619 -0.00077879396176347979 0.0049974362643072827 -0.0018649416005975326 8.2170726572914255e-05 -0.0037335560113583932 -0.0059773316582148123 0.00089985545774501851 0.0023281779343341307 -0.00084089971485351448 -0.0011380051815723371 -0.0033083096278847257
-0.0031917144901855987 0.0021348522462250222 0.0014882530791038274 0.0020949574737666454 -0.0017914407475523287 0.0010938741933797537 -0.009450763667861092 -0.0036676662591595306 -0.0018993623188676566 0.0062225259169413965 -0.004415348577001872 0.0031244728642009787 -0.00021202538114841558 0.001984724011124706 0.0089909741911564992 -0.0017143026178292372 0.0010761301624399027 -0.0028183483696693286 0.0057706712662185296 -0.0039620238084421425 -0.0013717476267470175 0.0013789084073813523 0.0086287587147642689 -0.0022919275341669165 -0.0036223846043184952 -0.0035800465237529472
-0.00087801631652347813 0.00071080974102178188 -0.0056549093152878762 -0.0005400879408032533 -0.0065526961662544939 0.0015164395785554345 0.0014449715575329334 0.0032121230458019654 -0.0086048955648726708 -0.00037351325395892302 -0.0025833677625106814 0.0052065222508625329 0.00038676112679171407 0.00020182899238681382 0.019577029753294974 0.0043940053644026603 0.0096417543560043291 -0.0033993033308311296 0.0092858558592310708 -0.0021180957069945059 -0.011510562991260215 -0.00260573164407636 0.0013439742631654508 -0.0033944383448879043 -0.0058958987993109526 -0.0028105587514793556
-0.0074256510465084344 -0.00056344269269169214 0.0016507579274306883 0.0057248114352565311 -0.0015212535554391038 0.0044082656326993579 0.0028562412722301523 0.0081665668407370131 -0.0028699530806465213 -0.0010803506673199262 -0.0013516857916823061 -0.0019536355517189466 -0.0012708831290190676 -0.0018388073958663304 -0.00094005150049219631 0.0015035346064027203 0.0041436201697194154 -0.0050619750788567577 0.0013490582484012199 -0.0032251768588314501 -0.0014667020897604207 0.00078287583681997599 0.0029025798484372386 -0.0032763522054198241 0.0039439227273299149 -0.0035863139012107664
-0.0053075991114560402 -0.0076028861854053244 -0.010546717526406357 -0.0026419331658920869 -0.00042395585260878886 0.0019284063770502792 0.012996380277513372 0.003522321353696979 -0.0020986795173896719 -0.0031674475472278957 0.00060595212129750014 -0.0034484595427524472 -0.00092831295953010396 -0.0026079475019073891 -0.00062382627247934178 0.0043541930602537101 0.0061044744751200686 -0.0024973222684529111 -0.002950084648151888 0.0019489095020517118 -0.00035691262956573551 0.0014915174509917085 -0.0025926326484063417 0.004529010614114275 0.0061219142920640006 0.004191637853478869
-0.0064392501235301918 0.0015551501413623384 -0.002094843719267507 0.0026051047660434947 0.00012159720163540345 0.0033509260410910543 -0.0023109513790924492 -0.0018135717378940537 0.0018242472372052921 0.001584122296967975 -0.0017141064118292673 0.0033454584021836938 0.0027386488130773132 -0.0020120794302124251 0.010767138647228738 0.00049313230665085507 -0.0038054778777014096 -0.0018508348275746178 -0.0079434411922805342 -0.0020942881700653682 -0.0033095358808212516 -0.0001973840209046755 0.00074255996024583321 -0.0059648662999013972 0.011423414725131871 0.00099913053225321458
0.0053451133152986694 -0.0069087440349937428 0.0041864041364521737 -0.0070177568613840327 0.0024335057084924972 -0.0043755957295800391 -0.0040967511452513518 -0.00042475107726032066 0.0013260808880487356 -0.0054446450364820159 0.0031534239211696404 -0.0014706722081951646 0.0016276157266890182 -0.0011406468701995391 -0.0024544573384216511 0.0015188298638570317 -0.0089760792070254676 0.0063944665898817265 0.0014669219915568487 0.0043174841737684795 0.0082396427449753507 0.0052822296504403182 -0.0063284094991121372 0.0034706065562111095 -0.0059230112428716886 0.0057991949839357598
-0.0061890871473990836 -0.0059155810581536647 -0.0059148775645309487 -0.00036567696089169987 -0.0041744361629533124 -0.00075421985912463784 0.0045099111381757999 0.00054047333776000212 -0.0025328237910667425 -0.00079549999168020114 -0.0028685725292317437 -0.0034545498345902237 0.0034414727722266681 -0.00017244560730306135 -0.0093613729542518006 -0.00050355154884133585 0.0038656977303622008 0.0038913945211844153 0.0014506168266368942 0.0050995825745820357 -0.0058083746493524666 -0.0055252488402618895 0.0057386097474855253 0.0026746476307478884 0.017843236583898914 0.0052806756365720159
0.0037409817683699536 -0.00084460561138388266 0.0012018034175777948 0.0055403498823758911 -0.0019132966868856708 0.0039272933775125482 -0.010209264005500535 -0.0026453538813114488 -0.0020831999356048531 0.0053636466799200479 -0.0020106513890442144 -0.0016489592857271296 0.0038047911857808851 -0.0053701046969159977 0.002815591731298024 -0.0015939980885523711 0.0013600832270943028 -0.0022207167750471712 0.011607326647581092 0.0006310491074374557 -0.01161119921008149 -0.0013392830895855136 -0.00055439490822709395 -0.001289284899190037 0.0038514281576437245 0.0014899672804676717
0.001401426622729636 5.2559364374075708e-05 0.0040911972658333653 0.0027385285274613537 -0.0021885061892331749 0.00025925894390061148 -0.0048981517577150503 -0.0080680961839798854 -0.0036735222865360356 -0.0012248213047161387 -0.0054447357394955377 0.0015302093406905327 0.00059214484466588819 0.00056081214264150543 0.0035831669256564994 -0.0019211335735340876 0.0031006415287523903 0.0031416800233155209 0.005196766320283366 0.0011293764626958231 -0.0061041025073586622 -0.0020706117048397144 0.00036728219145642019 0.00012852782982527059 0.0039763927809603368 0.0037437101321649707
-0.0038964277410251779 -0.0064214521485283765 -0.0006260099456697598 0.0030862881333649315 -0.0014969016135085076 0.0013311303388897952 -0.0055321530087767317 0.0011679159162689774 -0.0042783916794043083 -0.0001877708084707654 -0.0028359413490065847 -0.0076800844234385804 0.00065473974448936175 0.00166798936940783 -0.0032015118685166282 0.0048537130693555265 -0.00058038209877381481 0.0028772273845215027 0.0026845708301397875 0.0038004237971110046 -0.015420285326418808 -0.0014647381749689622 0.020177540504925894 -0.0025837635270606926 0.014351153551546465 -0.00044687892645227378
0.00068829019882624652 0.0024504483120742766 0.00056689645546339649 -0.00027320423271150456 0.0033796012407842748 -0.00083104646201148744 -0.0036478227546340699 0.0016838873370974795 0.0060281736855510104 0.0010314179948327181 0.0068307278129047105 0.0031599219537166686 0.0056048763537177035 -0.0017860323755010728 -0.007548952424987136 -0.0017874081121738025 -0.0035463977377340962 -0.0012187030778990245 -0.0085566506647492598 -0.0019926938643826629 0.0117213329194746 0.004963841117362016 -0.0075528370924681466 -0.0026294253452303889 -0.0039672379921498416 -0.0027710032451732092
-3.5930376072700748e-05 4.5040654634785876e-05 -0.0031413680763891717 -0.0049803035787550241 0.001306515487399591 -0.0046281155591497468 0.0016527681581709297 -0.0037091635414806716 0.0049956360239866628 0.0022495877778279721 0.0016674677873780171 0.0016794234576741865 -0.0014512386622622412 0.0020457235031308457 -0.0050740106659223211 -0.0029307985726606434 0.0041527279791258379 0.00092899306361621584 -0.0039364701781660349 0.0035999631352711566 0.011374721360435037 0.0041540211459272841 -0.0081580520938043816 0.0026879360385382617 -0.0033527667438780998 -0.0011423075245746567
-0.0031789209604510277 -0.0040518931797679245 -6.5708763775014847e-05 0.0036544608903225709 -0.0025430171303937881 -0.0017904765454868792 -0.0049852478507966258 -0.0016200746886576027 -0.0043474708009278735 -0.0028009594282515015 -0.003410820544083976 -0.0055065404844390434 -0.0026493239188972507 -0.0009722713236379858 0.0012184361043828498 0.0016162736184712682 0.017038922722509276 0.0010015442694564388 0.0018301246959811265 0.0043324909653842027 0.014369408724421318 0.00078361959853190009 -0.0065680383935311139 0.003630235595793928 -0.0067083438844365694 0.0017235907122802596