C:/Users/vmc04/Desktop/Wing saga/Lab reared wings for landmarking/13/13 landmakrs lab reared txt files/APRFA 13_Format - {Aligned specimens} - 1 22 26 0	from C:/Users/vmc04/Dropbox/Homework/APRFA 13.txt - TPS like internal (simplified) format - can be converted to other format by using TET	
-0.67160404150131714 -0.036456831078685734 0.21986706193587974 -0.094872366021047955 0.24592243641795286 -0.063754640609187771 -0.063116981974456574 -0.10104413724164107 0.25613070034950092 -0.033460005555953999 0.25279681360066369 -0.012550032632330963 0.22266700119647931 0.018362367702769548 -0.014010730182703499 -0.0063323888292646305 0.15075851253772535 0.05524351567660199 0.051601155590806996 0.082493151129732295 -0.32910066823423106 -0.021147759562883874 -0.083531208342654067 0.10694412593053992 -0.23838005139364712 0.10657500109135212 
-0.66855136439397256 -0.033969956125389771 0.23247770938415252 -0.094984395823118448 0.25259484487696243 -0.068709710427216908 -0.044663758082508012 -0.10188450037783051 0.2569028911740564 -0.036448612860531852 0.24315694371139057 -0.0041295115714560949 0.20761549488222494 0.018366912692687538 -0.0057810808336080698 -0.0081524174855571573 0.14996239764827604 0.048106585616926718 0.048776301403718005 0.076254898251061742 -0.3294197515350743 -0.015521430048351633 -0.091347602377266732 0.10898002559687006 -0.25172302585835105 0.11209211256190642 
-0.66597400184030053 -0.031279866454685945 0.23394060284857665 -0.095721778459211385 0.25173752080446721 -0.067006856591007247 -0.057451707817656454 -0.10566543384979873 0.26001458134106836 -0.033920380038998589 0.24831342773166412 -0.0053569667938842234 0.21382496369938503 0.020244561222188758 0.011704896109798222 -0.0043838986012403394 0.1425037078598832 0.050690094398484986 0.041683100126004208 0.072712179731418899 -0.32838183089972661 -0.0093256385631044231 -0.10205710145800875 0.1002035096531665 -0.24985815850515444 0.1088104743466714 
-0.67757995007359118 -0.037427736122119776 0.23346321885758706 -0.087591692395827536 0.24603592315761783 -0.064109826765745129 -0.046786379005069427 -0.10240841225709342 0.25002109161124253 -0.041845994988916745 0.24288047406381574 -0.011456500507466428 0.20063355241929481 0.012740642259576117 0.00058197779731040174 -0.0059304398073927135 0.14604281092046814 0.05365098357764661 0.070778221966439805 0.084485987175821869 -0.32854014276627436 -0.017301527255504254 -0.094604402150783459 0.10644732288229682 -0.24292639679805719 0.11074719420472462 
-0.6806848340042867 -0.040060828988790854 0.22381341978971381 -0.091384509215457085 0.2426710122373158 -0.064438803555468702 -0.03192947419318052 -0.096650933927559982 0.25175329549125258 -0.036273746639636506 0.242299629546324 -0.01112345699386174 0.20785649557998914 0.016538635901949882 0.011794746095223923 -0.00040959620014576273 0.14839465329690837 0.044536992194168352 0.049802333943825779 0.075237213656131841 -0.33759870262745256 -0.012033077700345927 -0.084701013141823281 0.10533213006438577 -0.24347156201380979 0.11072998140463075 
-0.67814564175012615 -0.036583974545135393 0.22187911119510886 -0.09429792351093505 0.24773510684939001 -0.065504058007454402 -0.048259273755763006 -0.10141357690069693 0.25446525024829741 -0.035701584807123057 0.2455476959609186 -0.0041480406984270831 0.21290044640798653 0.017612413668707725 -0.0012362232047641827 -0.0048236824222604819 0.1470976455790905 0.046478240915113912 0.059191143899551726 0.080080983414367535 -0.32490677662152029 -0.015002282154676205 -0.092064603235074371 0.1037975426754611 -0.24420388157309689 0.10950594237305838 
-0.67325873774201139 -0.037303370099086464 0.22060837563195432 -0.096874639070117258 0.24292649936470839 -0.072131718058939032 -0.032548639318922566 -0.096498564037975826 0.25289642909069104 -0.040882199673461656 0.24973683157398816 -0.011066746841138488 0.21371851620234605 0.022142238846415759 -0.0059270485763510405 -0.0019454091468125252 0.15307361231361258 0.054407025806335003 0.053040126696823127 0.08236961610679136 -0.3282648315887895 -0.01368359278291449 -0.094859003398629321 0.10461921069344793 -0.25114213024941978 0.10684814825745637 
-0.66874619308299577 -0.045258999142191829 0.2231356093273977 -0.09971097203069236 0.23931101464027069 -0.075558720547557023 -0.052432099875795092 -0.10122418876336202 0.25195477743787348 -0.043981814173885171 0.24638121802510562 -0.010915182182441476 0.22080746030030529 0.019291382481645691 0.0026052098136364605 0.00024255521624968042 0.14704166516312556 0.058790752358064448 0.056643684143211553 0.086877044258815456 -0.32604638453705909 -0.017766408646940502 -0.090025509523505229 0.1162110758255285 -0.25063045183157145 0.11300347534676637 
-0.67118595461869923 -0.037803049525635762 0.22338177998941525 -0.093840783070883851 0.24460872973380907 -0.065465609856611581 -0.048014052935901851 -0.10046372985564499 0.25487708422710498 -0.03553486289836235 0.24335058385402047 -0.0046602203752157331 0.21822628852433298 0.016750232822901997 -0.011074240594292887 -0.0038027263042804422 0.15769194861084712 0.049206827386303907 0.056102157795105009 0.077171792946147316 -0.33665137159602065 -0.013484063984438912 -0.087871381156053266 0.10491846553063736 -0.2434415718336673 0.107007727185083 
-0.67789081965407294 -0.03797414802661566 0.22535327571463154 -0.091064747367496465 0.24209684516753527 -0.065614286703216285 -0.059031375344817179 -0.10473338163582821 0.25004650519369448 -0.03113145215977875 0.2396845854435303 -0.0060315768600679972 0.21398729276124157 0.018916852202599473 0.0097016843521476707 -0.0047380137545390581 0.15375947264503312 0.048249684630245232 0.061786560377173567 0.076937406784830825 -0.33202159819467958 -0.013003958826568501 -0.081564202124071061 0.10345970123341967 -0.24590822633734657 0.10672792048301549 
-0.67539585159688709 -0.039387414537376236 0.21814996801062314 -0.093674763774740807 0.23727006483433077 -0.065173798987236756 -0.048122319408553778 -0.097826439233561019 0.2432732822209524 -0.037717455521822506 0.24145098448050106 -0.003947067538222963 0.2145285308225432 0.017129408067253028 0.020287548969393651 0.0013711066013292719 0.16228407575009157 0.047655009336089307 0.065286695307874551 0.078759599819122506 -0.34207157861122717 -0.016984734665596881 -0.088824754636749562 0.10232877837163411 -0.24811664614289305 0.10746777206312876 
-0.68217176903827104 -0.040675237748438772 0.22553137940946036 -0.087441384745827674 0.24238402642102896 -0.062304543468203015 -0.046727825166626283 -0.092906190764155655 0.24909346994312437 -0.03843693155784008 0.24276525703780574 -0.011110323266740258 0.21294336035653166 0.015094500621136788 -0.00022929181743376194 -0.0015203872215769222 0.15683760158105081 0.046009616326022275 0.057368850529425551 0.07767989078209217 -0.33213959223843753 -0.013600993590932198 -0.087296665608401894 0.1024826453034067 -0.23835880140925683 0.10672933933105651 
-0.679963386280376 -0.047709311322961738 0.21330393220740901 -0.09579565683481539 0.24344867159863759 -0.064775471626985368 -0.036581048154243984 -0.097536905257659026 0.24983101220697673 -0.040519027370531133 0.24469021408945466 -0.01260392141724833 0.21325725285250355 0.014323093588905508 8.6838258483657043e-05 0.0013306760561621186 0.15877801416382981 0.048567431988716082 0.053062208050737338 0.082843146074611573 -0.33098553434384587 -0.012890426353586908 -0.092779802790034865 0.11027384976468835 -0.23614837185953153 0.11449252271070376 
-0.68112781480086848 -0.038553223528634738 0.22176668158501753 -0.090553144687761281 0.24400607297205629 -0.063356192707283251 -0.051890788482958881 -0.10287770821545741 0.25376617872553492 -0.035769272217241917 0.24238201415756375 -0.0058104482817014696 0.21693462062668986 0.014919784239095226 0.011477837705150656 -0.0025305315921327243 0.14887547930942399 0.049216400362011137 0.04807157281046523 0.07880387857187969 -0.33395422087157184 -0.014580026558515887 -0.089448991839088374 0.099785110362899471 -0.23085864189741323 0.1113053742528433 
-0.66930527059728351 -0.047014847963868733 0.22803526107093949 -0.10017073447067608 0.2463041800062272 -0.071078939508373074 -0.053673782515930323 -0.10148316831453688 0.25325375493061447 -0.042795925714407351 0.24723573104085375 -0.010626060757436393 0.21581146614616559 0.015790258621457734 -0.0017437984991057181 -0.0015046629251641102 0.14369623773330412 0.057458811874116195 0.057478766093129838 0.085211072871805141 -0.32238633099499003 -0.0090995989704690996 -0.096514857339964552 0.10921459880606454 -0.24819135707396006 0.11609919645148771 
-0.68077767323641736 -0.046018011276921116 0.21791347486496287 -0.093510121778367386 0.23967389963581656 -0.067451453626616614 -0.045062578987570205 -0.10050868697120673 0.24937177373316807 -0.038143359300688746 0.2411913767059686 -0.012609099752297672 0.21760570399913465 0.016756909017215764 -0.0086507792111258537 -0.0035267673866024216 0.15652402992076744 0.054951062322865646 0.057457330255876737 0.085985761438071753 -0.33640406312441912 -0.019905760088901409 -0.084439577035010718 0.10840895375467326 -0.22440291752115216 0.11557057364877535 
-0.6709199975866218 -0.040951339410076767 0.22505417591765087 -0.087614090702455905 0.24196120762080162 -0.06277709798304193 -0.059787073987728923 -0.10370535824973827 0.24984843065278869 -0.031988220603086662 0.24207548906430418 -0.010804491621134383 0.2179920053810831 0.011561066696070847 0.0035262617315722617 -0.0046175383617882799 0.15403479789931621 0.048844430479129876 0.067620050419991862 0.081525908246254691 -0.34224236545945252 -0.015721337578352614 -0.090742259135013631 0.10445636806917297 -0.23842072251869068 0.11179170101904652 
-0.67334890356754551 -0.040059486094952905 0.22797321635445258 -0.090428249256839982 0.24171829640060027 -0.066453966621191421 -0.054482527732151356 -0.10914148474992276 0.24829147365470317 -0.038581635399000301 0.23867373102469339 -0.0076265355362548646 0.2148077255930681 0.017494225868225879 0.0042939310457332435 -0.0049450742787753932 0.15579557615395814 0.054213590249860374 0.061216908312820562 0.082034949164999565 -0.33677905692853599 -0.01645457092594051 -0.089832526346988378 0.1058881855542205 -0.23832784396480922 0.11406005202557168 
-0.67837292513175207 -0.046517219003440836 0.22316515147706542 -0.090042679933113254 0.24231091668599758 -0.065355021109294087 -0.055096406238726039 -0.09986445420520268 0.24758434972835835 -0.037529424449283554 0.24118345522553661 -0.016833113233903959 0.21478338574153452 0.018594531035981757 -0.002491036196655633 0.0018309995649201099 0.15205258459614071 0.053928411183038288 0.058681978262015724 0.084673162725971668 -0.34596104248312931 -0.015842859977922823 -0.069985662395869452 0.10313297393207764 -0.22785474927051566 0.10982469347017169 
-0.67397395215870703 -0.037656360568635021 0.22441968801951687 -0.093427819207790863 0.24725456209498636 -0.067535562696863422 -0.053225725549255531 -0.099376306221228089 0.25796027590384385 -0.03632051921292842 0.25091732520896237 -0.0059956275213517828 0.21979249151929117 0.015145170713571889 -0.0068382810942994856 -0.004810954045643764 0.14912860274996934 0.049846539773048475 0.047456177966567897 0.078902316714069928 -0.31891045228966425 -0.0094182402954038503 -0.097740870155907822 0.10311642558482384 -0.24623984221530465 0.10753093698433117 
-0.67474358582599903 -0.040064467909120237 0.22072649154226626 -0.098141189008694757 0.24519789213521553 -0.071337121830895134 -0.047928471840964007 -0.10477615969763843 0.25694469638091022 -0.035104863676127751 0.24577049522279984 -0.0074767422988283134 0.21275079397229982 0.018978066271056325 -0.0043632914982863792 -0.0059545480280741954 0.15683800537795298 0.051997673235412649 0.052080128807562749 0.084500418945958305 -0.31927931944693827 -0.010229028358353109 -0.098352155924542273 0.10844090496897395 -0.24564167890227676 0.1091670573863307 
-0.67776757591611414 -0.044154327492467407 0.22376266651565721 -0.089489993435978979 0.24130534356209213 -0.068487717121891445 -0.05455774303724354 -0.10266924531341795 0.24755715243946161 -0.040148822549986515 0.24064915360643535 -0.01466109133670594 0.21151492917136908 0.015957085029145852 0.0019290299200510955 -0.0014069425279204929 0.16969727049732752 0.052061217283659908 0.057836843842771664 0.08521867808629166 -0.31622631350012814 -0.013596893118169162 -0.096746234382037222 0.10936455251380484 -0.24895452271964189 0.11201349998363531 
