C:/Users/vmc04/Desktop/Wing saga/Lab reared wings for landmarking/13/13 landmakrs lab reared txt files/APRMC 13_Format - {Procrustes residues OP} - 1 23 26 0	from C:/Users/vmc04/Dropbox/Homework/APRMC 13.txt - TPS like internal (simplified) format - can be converted to other format by using TET - Orthogonal projection of the preshape data to the Kendall tangent space
-0.0045266493587167722 0.0024696222314203871 -0.0085612536571603552 -0.0059205906240642238 0.0013818782608418824 -0.00026015459276289234 0.0028580646116038505 -0.0046366359400415646 0.0044339929535608495 1.710025463469943e-05 0.0074734647208148548 -0.00016802712646577449 0.0053311839207745501 0.0035827128968724527 0.004400868551297627 -0.00011886671195137045 -0.0086725183657340582 0.0036592551592088095 -0.011844509837567541 0.0031398791880582694 0.0081458785290584191 -0.00076777932017860933 -0.010008232901086394 0.00075560006047979797 0.0095878325723125369 -0.0017521154752102586
-0.0050070873663566016 0.0037090365021145606 -0.0089895580957836587 -0.0015585231821542381 0.005811330628007854 0.0028904943987687545 0.0075617415272217475 4.8259046921314422e-05 0.0027539649629893174 0.0023314656457382663 -0.0016791518533046963 0.0071250722667317535 -0.0022434978082438873 0.0028156837427700566 -0.0076297078901082687 -0.0037323286964507469 -0.0016945604337594931 9.5873900482643429e-05 0.0058562154663287323 -0.0070672842393134649 -0.0047681351452993114 -0.00020633074991847699 0.0042618235685695036 -0.0047382913390798878 0.0057666224397391729 -0.0017131272966109667
-0.0091455209299737134 0.0029432223276250969 0.0059437479952172707 0.0093522564822553327 -0.0022066691897212475 0.0087617255172322515 0.0030376015022694032 -0.0011928200053969577 -0.0045420401020818003 0.0027450553673558885 -0.0093714345882064433 0.0008564881022432786 0.00074365897136023738 -0.0056110019405542898 -0.0019710494259987683 0.00043956823166355785 0.0007145999173640504 -0.0056252333161764959 0.0088596326163913539 -0.0056259416641009146 -0.0035841459563086329 -0.0020075642859734497 0.0054769807485071757 -0.005390947761955563 0.0060446384411813586 0.00035519294578219285
-0.0090890758521604571 0.0043048111067496139 -0.0016542844903038203 0.0087033427128125479 -0.00382642458309446 0.0066688732525638809 0.0080779412869275685 0.0047611543948020132 -0.0055447912780653714 0.004400556460406331 -0.002438465715832931 0.0027130736497726292 -0.0037504022212570993 -0.00063964428569597824 0.0079169033593682776 -0.0047075627775055601 -0.00087018503352464106 -0.005382981744142804 0.0098736004651499079 -0.0098792273959963459 -0.015869733581086225 0.00019674534087851388 0.010123735064853775 -0.0050294144164325831 0.0070511825790251226 -0.0061097262982122286
0.0026908507049151712 0.0057004901249253165 0.0066136727985606162 0.0038222418849444936 0.0055864033195083956 0.0028720698785028383 -0.028615622816468199 0.0039906352881348989 0.0047797669913736416 0.0012537150127433878 0.0052365102482686459 -0.00015069898629168954 -0.0009917454240925697 0.00077332938632954031 0.015381740114485445 0.0019834405236193375 6.3990955757434447e-05 -0.0038467565349873055 -0.0062450797262957056 -0.0039334025882244031 0.0098066015921933081 1.3445691642510152e-05 -0.0052503135505557481 -0.0060746886005140447 -0.0090567752076497234 -0.0064038210808254892
-0.0034700750417853013 0.0099141622134726066 0.0026301486619096392 0.0044301625858786577 0.0038162046682907028 0.0099176060891298448 0.0013180683772905685 0.0056764867270675127 0.0015403429247062258 0.004797885348349659 -0.0035007555922193625 0.00091078964082278216 -0.0039444871223851628 -0.0014914997929215178 0.0027470690329764111 -0.00040397053582805556 -0.00099306060929866581 -0.0062414321786176249 0.0096338864913111753 -0.0084401748554803792 -0.002877963631598542 0.0002564280243297433 0.00081847774771127578 -0.0088767869560188086 -0.0077178559069089247 -0.010449656310184907
-0.0008922316592028124 -0.0021812572660684254 0.0024487441471601613 -0.0045248981337370217 -0.00032092260893331693 -0.0043819127546222388 0.030048472744287336 -0.011785844387516283 -0.00027696668417266299 -0.004972425668718093 0.00087937415875856146 -0.004314372034712079 -0.0079028420484111104 0.00013878186706756153 0.00036425970733985696 0.00089670664288307137 -0.014590673249171649 0.0048372824691363626 -0.0083879859342282214 0.0066292999089050232 0.0040915345190500971 0.0026349912954541665 0.0016842590669021427 0.0090876668582420723 -0.0071450221593789467 0.0079359812036853966
-0.001459258610278168 0.00047480305463005882 -0.0008907741130451687 0.0026992667521764106 -0.002800244775345192 -0.00076729012408535972 0.00039257170171881335 -0.00026347617567558964 -0.0027349267508337063 8.6359037299350502e-05 -0.0011107188870951566 -0.0015937156690009346 0.003243863687463639 -0.00086813571450439849 0.0012177890824938413 0.00016423186871230988 0.0047189579916202366 0.0017599957852405647 0.0047092607491543816 -0.0014273768334109502 0.0070496074367801462 0.00087175896897795509 -0.0032919062615531913 -0.00054187707970215575 -0.0090442212510808018 -0.00059454387065729919
0.002080356833449884 -0.013816393060231448 4.0192841401079111e-05 -0.0054132140066746066 -0.002705674479559772 -0.0059475401361265782 -0.0032972365460157442 -0.00043446587333940447 -0.0036724163614684276 -0.0032372724484342769 -0.0022501662538986504 -9.3366610894658725e-05 0.0018448541155742203 0.00035354144400068439 -0.011583315093780617 2.7316705551812416e-05 0.0052603727477037489 0.00086691583825348215 0.007386640120855055 0.0060965374709550249 -0.00034889132064330839 0.0029653343359880317 0.0031200640758892477 0.0067767536993187166 0.0041252193204941948 0.011855852641633718
-0.00058335826569288693 0.0017998676209926695 0.0042174583684383132 0.0013074690489091329 0.0039791151482840587 -0.00096576457420236592 -0.0030770446720558161 -0.0045087365256675747 -0.001933541966393336 0.00031453664467324016 -0.00057032293839194255 0.0031504590176083358 -0.0021909213784283028 0.004647186341988482 -0.012034602584456893 -0.0029546339110763787 0.00022084454133691517 0.0015220608371670837 0.00052975901419709379 -0.0021331881632939875 -0.0049992745603230811 -0.0049414758538778537 0.0079398994973133418 -0.0013574541550305831 0.0085019897961734273 0.0041196736718096538
0.00056567125012928557 -0.0055021318392638931 0.0023057939038943548 3.8739662673974596e-05 -0.0019330199643580489 -0.0016469459996014681 -0.0054063542264281969 -0.0012368470779576049 -0.0022919120363352431 0.000811092863826184 -0.0035428880505396663 0.0023517078081668982 0.0048969527675728364 -0.0022620070809384091 -0.015501912173161689 0.001272286693276738 0.0085085558432458665 -0.00020134081366595064 0.0036767134150223245 0.0014447365940124897 -0.0042034331210466305 0.0031120883648291463 0.007748264269330259 0.0017028005275389045 0.0051775681226748464 0.00011582029710335839
-0.0022558189336710152 -0.0056010067956036727 -0.0067666604313890606 0.0017052109637133864 -0.0078218383502425097 -0.0029851818723419386 0.010476682339736476 0.0014063855462071262 -0.0053794468372746849 -0.0031863909162533639 -0.0021445367618009555 -0.0026082682301915702 0.00041828619706774312 -0.0016208805094918718 0.018846594532375353 0.0051059106795942133 0.0018166378614025466 -0.0011730768764277187 0.0030787558305299611 0.0016851139863961286 -0.0069596020272127768 0.0010421310210095641 0.001939287358095244 0.0032459276303489159 -0.0052483407776171623 0.0029841253730409772
-0.0032789325442647305 -0.0041224246845741842 -0.0074157826795710046 -0.0041272555625514167 -0.011629028175572768 -0.0090305838207473781 0.010933863895165824 0.0012556445925198431 -0.0023623191182681161 -0.0016173806966285451 0.0034516481372226485 0.0015307393184844354 0.003806803514423395 0.0025041821118885559 -0.0098893182374637928 -0.0021332106682267374 0.0015931725504495587 0.0093217958767863526 0.0042442652617463647 0.0055508161561137912 -0.0027818645443650741 -0.0056171803628449783 0.010364006557709667 0.0023462063037698868 0.0029634853827891139 0.0041386514360102628
0.005610472600006423 -0.0037079163451611621 -0.0049735262159628455 -0.011553157334615979 0.0021528762850685991 -0.0056550749464771956 -0.0052385526013324244 0.002534329888235101 0.0037645042940681168 -0.0034751639936840802 0.0050704007093401258 -6.1666332466584931e-05 0.0013173984068116733 0.0053867133604602897 -0.00052822028112240447 0.002864550835584693 0.0068343277197947345 0.0042929678383835709 -0.0094927543523467047 0.0074423529618890911 -0.0056200123670745806 0.0012908246262605591 -0.009973147783863082 0.0062115065091006179 0.011076233586612673 -0.0055702670675090715
0.0047011929689248066 -0.001080319689759213 0.0039759932474250541 -0.0029471216799824554 0.0039659538376888214 -0.0012789547602624009 -0.0068769519148621011 -0.00049862254866288921 0.0019292562126712897 -0.0014915138770792325 -0.0019282474558384084 -0.0016407430796801248 0.0023075215991204801 -0.001338950151562465 0.003358734057891161 0.0045985696312326281 -0.0023441693215154541 0.00061332718005941084 -0.0022890222698290909 0.0014751274676058927 0.0046393036628528082 0.0011258852294399606 -0.001980488979048334 0.0021392333443662924 -0.0094590756454822882 0.00032408293428451418
-0.0014943750545825078 -0.0076602507212933796 0.00058324191913234225 0.001739737818453431 -0.0048940353768738738 -0.003217930153181526 0.0006932593741124912 -0.00054116360187893482 -0.002947099495793401 -0.0028415469244048213 -0.00031898105438271955 -0.0058315608798736665 0.0059177440808923839 -0.0037846373607576512 0.005039348341480003 0.0039868722439459249 -0.0091793007797372709 0.0034337883943840125 0.00055329886569236537 0.0049843667406082801 -0.0020027839728534412 0.00055938925024431191 0.0068249825501340107 0.0032472180927625295 0.0012247006027794175 0.0059257171009914483
0.0045542148764925201 0.0057903686965948536 -0.0032023992664208046 -0.0010810770486271452 0.0059012209224969074 0.006267836474227623 -0.0060601905581140428 0.00076347852542410478 0.0013244005963294679 0.0032612825448430473 -0.00042172106817215619 0.0029188817568547246 -0.0032101723815707978 6.9792700110033639e-05 0.0025288031830945027 -0.0010091708809482458 0.0070613398355885409 -0.0034015532492235748 0.0017619154052837265 -0.0039834900536204034 -0.0069999788503251233 -0.0038154510190125035 0.0058386261655897637 -0.0027825784034654225 -0.0090760588602723895 -0.0029983200431570878
-0.00089159389266270025 0.00087295219906780713 -0.0045450482406295054 -0.00063969513967783334 0.0017810423257319436 -0.0024404132656238886 0.005686694554155239 0.0023205976925074747 0.0063905432452291818 0.00083897368403466357 0.0007774839407039243 -0.0018489049041944912 -0.001303203613714699 0.00073186089569172259 0.011881254600020945 0.00091646529417077508 -0.0057114852479091599 0.00034974039085074421 -0.011635025016580572 -0.0032193652457334402 0.00089789432358266304 -0.00086336765095033614 0.00097740241814915337 0.00041104718379566738 -0.0043059593960761396 0.0025701088660610438
0.0059815607817739064 0.0083913664254753884 0.0060700428711914318 0.00015091354963974162 0.0074556400722270919 0.0036249425588792319 -0.0058252328706484609 0.0022784476525848103 0.0032249351739574599 0.0027529314427223966 0.0039801838489436168 -0.0037959608330602585 0.0033301819705781055 -0.0041542419018151958 0.0097222226637145911 -4.0071298194319799e-05 -0.0049842497923856446 -0.0015018616530886493 -0.012786293787450519 0.0020673588944096545 0.0024627624648442771 -0.00081624578180129542 -0.01049637317917276 -0.0012198501826911356 -0.0081353802175725982 -0.0077377288730602345
0.0020997158904207183 -0.0022677949900296946 0.012786299998737375 0.0047727426488806037 0.00036834346669739268 -0.0021668937185198721 -0.0058125928006837529 -0.0011126133784553429 -0.00011145021908195128 -0.0037864304606144861 -0.00031857146460663021 -0.0016071122091157724 0.00029834225307637631 -0.0015768575151660267 -0.0099944138607528064 -0.0024391652654658248 -0.00054107214778753923 0.00045674153262161368 0.0046343315784542101 0.0016377775602950569 0.0089244211650164225 0.003575223390665168 -0.011431138263182976 0.00039391096130098752 -0.00090221559630570668 0.004120471443603918
1.3153246811170582e-08 -0.0053627146634192997 0.010578078996464622 -0.0031591782506557586 0.0037176669418719031 -0.002939352423022748 0.0037794612234592025 -0.0029780357820975299 0.003422477156871107 -0.0056769958364260437 -0.0022183870155030811 -0.0015600984241086169 -0.0072795660012710539 -0.00018390176476762703 -0.0050057645927490532 -0.0036422020096676094 -0.0048312174681333616 0.0026300387573969242 -0.0024465181305340501 0.0014780106152435667 0.016913450645560775 0.0060016653434107926 -0.012309040463125588 0.0051391359729499562 -0.0043206544461581974 0.010253628465163714
0.0010138204057217621 0.0031591330570636508 -0.0030180974857763458 0.0017799337572884015 -0.001907079797432001 0.00095893709787894126 -0.012783441559091179 0.00056645116574858189 0.0014271109378377568 0.0047382238145802086 0.0042341629155240156 0.002990992631263669 0.00094746328261090858 0.0018256978076850229 -0.0041990044840499053 -0.0018952980813752157 0.014068974438644829 -0.0042264682667744035 8.321038483201208e-05 0.0011498278201493048 -0.0045001145008590308 -0.003452986359458181 -0.0022708343748240379 -0.003082843780832348 0.0069038298368617329 -0.0045116006632179156
0.00093947174826273898 0.0013539328560728434 -0.0043923143826056993 -0.0011315723943627859 -0.0017270584086889274 0.00057692466037878771 -0.0024985373230562101 0.0020395599740242959 0.0010970897226771741 0.0012261857680485907 0.0049188035211070926 0.00048264751935499277 0.0019945484197774559 0.0009304091859392875 -0.0049919692546027033 0.00071207023098375879 0.0060729175140715446 -0.0014994753247864416 0.0011564557586320606 0.0021504055370843026 -0.002830392368566712 -0.0011915891152142711 -0.0014975691838130681 -0.0006748719414429226 0.0017585542368054943 -0.0049746269560799333