C:/Users/vmc04/Desktop/Wing saga/Lab reared wings for landmarking/13/13 landmakrs lab reared txt files/APRMA 13_Format - {Procrustes residues OP} - 1 25 26 0	from C:/Users/vmc04/Dropbox/Homework/APRMA 13.txt - TPS like internal (simplified) format - can be converted to other format by using TET - Orthogonal projection of the preshape data to the Kendall tangent space
-0.0040528900687712777 -0.0049497046148364674 -0.0085179627990390576 -0.01043553148552478 -0.0041694450282429001 -0.002047280988430252 0.015364648019829381 -0.00042266608957455766 0.0014955419972332638 0.00291992808886927 -0.0080681300576431053 0.00012900143520403279 -0.0066333483124201538 -0.0013405464392139217 0.0037161205359330595 0.00079362855788787663 0.0061749985723368542 0.0038239206512481823 0.004706273669508613 0.0035377875437720288 0.00065033137099840309 0.00094688750873285097 0.0028467748207663323 0.0023758761478715521 -0.0035129127204893604 0.0046686996839938322
-0.0065638547530127217 0.0014773769134553568 0.0031022938352231336 -0.0014511151096984276 0.00091468772699719158 -0.0014096018362838973 0.010332750207986446 -0.0067217358101117827 9.1675578358427386e-05 0.0041944580025018259 -0.0039274763915296542 0.0039631494440041061 -0.0020423290018537757 0.00023049041112822353 -0.008182047824700547 -0.0056354950745983613 -0.0039916189813244372 9.8780998752649783e-05 -0.0050801618525719546 -0.0034394946679677206 0.01149250005459863 0.0010525253405534053 0.0075189237751052832 0.0042761465419188776 -0.0036653423732762786 0.0033645148463450902
-0.0048704534447231397 0.0052654399475507369 0.0015023174313596255 0.0053753873016087776 0.0027139705689116643 0.0092303049990543964 0.0018237212710698145 -0.0019674502660162836 0.0010165062073669343 0.0043275705652148699 -9.9512033480147859e-05 -0.0013567899459402948 -0.00071453786499019872 0.00097251013255804342 -0.010875728622278267 -0.0064585775746305307 -0.0026613548111751317 -0.0013117942479020745 0.0027637336343147301 -0.0056363395151174034 -0.0051651070669408976 -0.0010791853567911043 0.0064428250591045712 -0.0057648147916032613 0.0081236196714595324 -0.0015962612479856891
-0.0020215021227665553 0.0019866058740818722 0.0050756270269658819 0.0011463534545243809 0.0037022574308238584 0.0035587551020887721 -0.0092252638005969195 0.00098384735175839014 0.0016138880924419455 1.6989984246241146e-05 0.0046492907304265148 -0.0011695217835581771 -0.00041057519248545752 -0.00032014742310905518 0.007892445044472755 -0.00021853741679236628 -0.0085231806912588297 0.00037668982866675803 -0.0078293094497767449 -0.0037479589275740957 0.0041615481976651622 0.00044700483027407636 -0.0018707733952841735 -0.0037435462079874679 0.0027855481293725367 0.00068346533338096982
0.0051451902912052075 -0.0010559716306011192 0.00019273471776958245 -0.0011088199704902253 0.0023489590379385948 -0.00030345602413767527 -0.011637924981254674 0.00014987985165895723 0.0028035026190806572 0.0017544952507688805 0.0041154969079096942 0.00017952781880614305 0.00029779971373676789 0.0013741265196468744 0.0036358843050012034 -0.00020580274027085435 -0.0019364955235479406 -0.00084754074326746833 0.0032858262919937095 -0.0024331460643724841 -0.0013654120380206906 0.00070789581591211939 -0.0037594398924160385 -0.0012671556855644683 -0.0031261214493961387 0.0030559676019111665
-0.0020672416329735478 -0.0015197208107084865 0.00017680116637857897 0.00079268215726338511 -0.00042056093298271837 -0.0036391804361100106 0.0022811832236927371 0.0041601586264386915 0.0016892914246700555 -0.0067720252289582552 0.0053818107705952325 -0.00073448514121961326 -0.0027488972460150201 -5.2564168119305431e-05 0.0027014650800945678 0.005316948567492639 -0.0065651310521445093 0.002762152230165875 0.00029771724231776234 0.00033147768533796308 0.0041538409983177867 0.0025034121572109908 -0.0046119246932328911 1.6963078352886509e-05 -0.00026835434871786421 -0.0031658187171468011
-0.0061797970619422151 -0.0033408120949700365 -0.00061794417312056068 0.0014055392556375015 -0.00037105618527654956 0.0012493734939865915 0.0012209803690347489 0.0028595396093850697 -0.00019608635908820648 0.0017146348443555712 -0.0015939556313036584 -0.00050553741504714609 -0.001524063551111292 -0.0041218853192564724 0.0090857362957609007 0.0054405611019307095 -0.0051879719644358988 -0.0036782771445129582 0.00095707448046897974 -0.0041656475291406555 -0.0011420848342742411 0.0024782376277519844 -0.001082501667649725 -0.00038364299841448901 0.0066316702829383551 0.0010479165682944769
-0.0081901064579705373 -0.0019753702815937064 -0.007103919207797434 0.00028001470431780068 -0.0023377628252503526 0.0031090704867139385 -0.0056186681924363276 0.0074194499170500416 0.00080477376835630084 0.00071212146002998461 0.0011497642458766027 -8.5731826022373924e-05 0.0023102834614809218 -0.0028332277589618029 0.0037114384020271421 0.0024449851374634154 0.00018269484650179006 8.3068281585133572e-05 0.0056093591494373197 -0.002136398272471373 0.0046572747353234179 0.0031983097583999759 0.0018100498281531676 -0.0038814564846542331 0.0030148182462969115 -0.0063348351218566745
0.0016082388292283948 0.0094230917408357467 0.0011270445426927471 0.00027920642007777925 0.00092509433581001608 -0.00090972577837058653 0.018718737644791778 -0.0029571397392606389 -0.0026048518367518736 0.0029980181110662485 -0.004351219019058503 0.0020529020029618618 -0.0047120301582994715 -0.00086891729933661352 0.01260277913464475 -0.0020233910919987643 0.00081156033651993606 -0.00198197308312882 -0.0033653806923390952 -0.0010087261936439344 5.8237201584771924e-05 -0.005577776364213167 -0.0046929021069643025 0.0013363295919752813 -0.016125308211859521 -0.00076189831696445165
-0.0036605013074621417 0.0014023969928785747 -0.00052322029813766107 0.0035838799190941132 -0.0035178323000023591 0.001355399564663513 0.0140333412895647 0.0015118266687999698 -0.0059097456863129484 -0.0019603320409031311 -0.0044210122371231737 0.0015039593578553647 -0.0004031584745023244 -0.00027822481201868969 0.006596176779429949 0.00030349053106185558 0.00077722094007333267 -0.0040587469173951583 0.0086776495580104425 -8.7195541965748736e-05 -0.0046141009019628441 0.0041189615575480242 -0.00275844988741312 -0.002590087256635328 -0.0042763674741615899 -0.0048053280229831963
0.0075434765641768766 0.004136145149093778 0.0034970183101315664 0.0039876348680192462 0.0021722134362573164 0.0026386128363809777 0.010600824749467134 -0.0013656803071729841 -0.00085136306796464558 -0.0011191862834473694 0.0034521393834968908 -0.0017441470513079016 -0.0004259619508404824 -0.0013970000035114015 -0.0010648377901921035 -0.00041710411846343634 0.0020523799532341505 -0.0037497358716258749 -0.0002473602554053965 -0.0030771219271616525 -0.0037438737382761099 0.00083990929318056469 -0.013006260521775706 -0.00083317913033918657 -0.0099783950723095986 0.0021008525463554195
0.01085847723439123 -0.0024990368898733504 0.0049828089127260554 0.0001861252557631138 0.00020864720771088252 -0.0023438753582575083 -0.012099663844442913 0.0041591447539623379 0.0021199500662343069 -0.0028581751219929185 -7.8504301684631343e-05 -0.0018089158690891664 0.004907327586174683 -0.0018635873862411288 -0.0017497067709392835 0.0011277266685695557 0.0052095526435358176 0.00052792532870408484 -0.00082715454858710725 0.0016758997760762838 -0.0078281755604604868 -0.0011343805694532881 0.0002436386609589832 0.0060604168377222413 -0.0059471972856166098 -0.0012292674258902181
-0.002097414780780067 0.0015957344357942845 0.0049268088070573311 0.0011940778670677997 0.0024035927787780568 -0.00012147175891454747 0.0035679278605138102 0.00080146675495124347 -0.0012611061565648502 -0.00045540444785587832 -0.00061749765103176176 -0.00041500435482752165 -0.0022867420728360753 -0.0021121998621617412 -0.00045133629626705672 0.0001225585942424581 -0.00069005172233558014 -0.0014886482916740169 0.0010577422872239009 -0.0018663104729345287 0.012136767913753583 0.0025199447916520899 -0.008156179129975169 0.0011258195598548184 -0.0085325118375362361 -0.00090056281519498849
-0.0045532803010625046 -0.0015548603853010397 0.00060085214237380678 -0.0018449894370561218 -0.0038565276863627433 0.00051018864756777974 0.020983425518817 -0.0026563710382170036 -0.0069125215314578521 0.0001968835168254423 -0.0076448597303632355 -0.0011972865555409276 -0.0054661245767929374 0.0017703876018820275 0.0012244364232347909 -0.0017399290749589727 0.00280478473562996 -0.00082411640219531867 0.007049456492763723 0.0026902445419530849 -0.0046252061068114457 0.0037619276611701607 0.0033466159962399706 -0.00054007238448377137 -0.0029510513762092301 0.0014279933083540947
-0.0080625822004882289 0.0047877401144135988 -0.0001803969136959559 0.0068883451376766432 -0.0028839099352380732 0.0060408689424216169 -0.0033094763742121656 -0.0014310352096321198 -0.0066384083265336822 0.0046499097818888026 -0.0082715056236268344 0.0043553478621053167 0.00086672915471950143 -0.0015206870916449526 0.0035015312306272955 -0.0013814345800494427 0.0058443654990664321 -0.0048750219838281381 0.013713260912350854 -0.0036827031683059224 -0.0051645419612191719 -0.003013351628006083 0.0077096730615124915 -0.0043840918848818741 0.0028752614767374525 -0.0064338862921574508
-0.0016153325614931381 -0.0015389607332910893 0.00029209796664145791 -0.0014353872154835798 -0.00034877801185180177 -0.0029660472794156866 -0.00050297902158466675 0.0018959091514181815 0.0027393071315936404 -0.0028550521077428106 0.0047651173635675434 -0.00032326661485149627 0.001102596163225159 0.0021972461108831121 -0.0027154393106703953 0.00023501000682953297 -0.007010014125482608 0.0028609217838421199 -0.008596055401542237 0.00094238278345015096 -0.0015046460478005119 -0.002621875467548346 0.0057609651169782368 0.0019560726243579908 0.0076331607384201566 0.0016530469575517653
-0.0043615480342903603 0.00083600349301574247 -0.0010129374788058637 -0.00011214404523669482 0.00021239924588792834 0.0032791418421058817 0.00028308649795411619 -0.0014043836922014996 0.0024098385450163316 0.0017199184598025853 0.001237985108348967 0.00060617745638501838 0.0010699549987475275 0.0034246062890378988 -0.014317258509393199 -0.0050085873973436763 0.0061885243703066499 -0.00069051644695006264 -0.0082022097928033735 -0.00025248014918316649 -0.0024339743634769241 -0.0025366135495168843 0.003208397218707866 -0.00125830574819579 0.015717742193801228 0.0013971834882809397
0.0055467740947137195 -0.0028003907624222103 0.00072915057458030567 0.0018028705389365623 0.0027251878526325735 -0.00077829069711118264 -6.4795985828803822e-06 0.001428542703147732 0.0010288122493883425 -0.0014028914098418849 0.0050704652180882789 3.3075928610033519e-06 0.0094111813295333531 -0.0021870651440061631 -0.02171853178877051 -0.0017546695681297463 0.00062851076504011403 -0.0010715778334277955 -0.0024091195146834022 0.00042379423900477465 -0.0041799009026833121 0.00031893114746027007 -0.0019452030963542249 0.0024694388952504025 0.0051191528170980716 0.0035480002982785225
0.0039861872358583836 0.0044710413827318638 -0.0088828879742993867 -0.0075532949988687068 0.0014683150776850303 -0.002632083698912469 0.0019167414554180221 -0.0021204637100062183 0.0038113764233677267 0.0034624265254663581 0.0016791662026975681 0.0045967389125431178 -0.00095125999850206411 0.0055050125051705114 -0.00054226480517480615 -0.0012452256776890362 0.005655980618284164 0.001834674651914434 0.0014083780195141187 0.00074883644146482922 -0.0055160624612538098 -0.0064500287283124512 -0.0042873796079954543 1.978090812350679e-05 0.0002537098144003761 -0.00063741451362554769
-0.0029490132035264556 -0.0078077584731798795 -0.0041937769037154642 -0.0043535287206745406 -0.0021656670846967136 -0.0047473118683779734 -0.023499778391161512 -0.0057125228688846572 -0.0020427346528020273 -0.0025765391752774437 -0.00061354240225334079 -0.0012954006998097782 -0.0010241272010467367 0.0052820842127958957 0.011615993680333676 0.0022063842158659137 0.0019392816294320342 0.0051167175138484601 0.0045287279592549565 0.0080201004649877953 0.0076370697874807991 -0.00098259232472040986 0.0088598352932351115 0.0040732329179100817 0.0019077314894663392 0.0027771348055160155
0.017763419090062998 -0.0025763305857452391 0.0053805264570450373 -0.0079508762078240227 -0.00019567693391586531 -0.011460972823166471 0.0019474779159799349 -0.0036407449003184071 0.0052622483587826986 -0.0053426323499004419 0.0079334316897903805 -0.003447833246574575 0.0049254727533411587 0.0020972844977933066 -0.0053592779318182501 0.00047705913442371419 -5.5228972276734432e-05 0.0077021705759556169 -0.0145330918856394 0.0088657459153387002 0.0031892860667972248 0.00051623483355303017 -0.0099950878701267742 0.0082052279140136276 -0.01626349873802253 0.0065556672424512963
-0.00085053149317893765 -0.0057626511843495978 -0.00033238829866819052 0.0019263098210084021 0.00048704821087836589 -0.0032198476765537927 -0.022659582445100954 0.0014535790684096581 0.00040128674668228571 -0.0020382453647421893 -0.0038658406119860002 -0.0016973016097671335 0.0035274814711336458 0.0017835224720048352 -0.0017286470514173387 4.3682764580355997e-05 0.0064650914527336917 0.0039083281684202664 0.0072969215147899889 0.0069618954741320054 -0.0031363008108739325 0.00040416790257353683 0.001785059588267184 -0.0023030016119480754 0.01261040172674055 -0.0014604382237685953
-0.0041189351773371491 0.0002894929618374514 0.0079866264616818526 0.0037705358052531734 -0.00061214362070106726 5.1727630547556715e-05 0.0025010788009299351 -0.00050736229975811159 -0.0030062211390994129 -0.00046223938468513707 -0.00041919528282437311 -0.0017716059061974622 -0.003556871896622018 -0.0022314181676246158 0.0023749037754210714 0.00063034918781931738 -0.004332486455652958 -0.0010672888140932626 -0.0026934171677914691 -0.00034684713029768156 0.003627542160158404 0.0028074831524393857 0.0046532633640394422 0.0013326933370418148 -0.0024041438222008487 -0.0024955203722816094
-0.0016816670905210806 0.0024395954994456842 0.002190853893609462 0.0030747222743539846 0.001936020743539808 0.0034678425573868659 -0.0077838682800284833 0.0024603148735153862 0.0026420071397493601 0.0019734154070080042 0.0017978414702429341 0.002277297827778621 -0.0030315954035238556 -0.0026234309610367527 0.0074821744064006513 0.0058927182654749293 -0.00079794550975020536 -0.0059802152670697991 -0.0012015363358121643 -0.0048141472524851825 -0.0011372141099623674 0.0014979046493437535 -3.878003041231674e-05 -0.0061535710702753221 -0.00037629089353083747 -0.0035124468034403722
0.0049171342544005077 -0.0017339941917196501 -0.0070384465951427834 -0.00062651667428069999 0.0022956684399140816 0.0012726511383314711 -0.009537085113052679 0.00026909470843826345 0.0032749663489445757 -0.0032023438679696639 0.0063991358512908176 -0.0021113039086760638 0.010649204897284081 -0.00049724641080515564 -0.0071646521303566054 0.0010294023913302889 -0.00075340990878471482 0.0033386446256108773 -0.0055928526977808259 0.0036390561336016713 -0.0049690504973218218 -0.0050912440100721653 0.00067261792465719698 0.0012581235675046306 0.0068467692259486547 0.0024556764987056501