TPS like internal (simplified) format - can be converted to other format by using TET

LM=13
334.000	558.000
1128.000	328.000
1140.000	338.000
920.000	370.000
1152.000	356.000
1154.000	382.000
1130.000	418.000
972.000	444.000
1084.000	456.000
1010.000	494.000
686.000	504.000
898.000	548.000
760.000	588.000
IMAGE=C:/Users/virgc/Dropbox/Homework/ARS/ARSMA/ARS 023.gif
ID=1 : ARS 023 13
COMMENT=MA-13
VARIABLES=NA
SCALE=NA

LM=13
419.000	706.000
1219.000	512.000
1243.000	530.000
1001.000	542.000
1251.000	550.000
1249.000	574.000
1221.000	600.000
1043.000	614.000
1181.000	636.000
1099.000	676.000
763.000	664.000
973.000	718.000
849.000	754.000
IMAGE=C:/Users/virgc/Dropbox/Homework/ARS/ARSMA/ARS 032.gif
ID=2 : ARS 032 13
COMMENT=MA-13
VARIABLES=NA
SCALE=NA

LM=13
332.000	383.000
1090.000	593.000
1100.000	617.000
902.000	527.000
1094.000	645.000
1054.000	657.000
1020.000	663.000
904.000	607.000
962.000	671.000
902.000	671.000
638.000	515.000
784.000	657.000
652.000	619.000
IMAGE=C:/Users/virgc/Dropbox/Homework/ARS/ARSMA/ARS 074.gif
ID=3 : ARS 074 13
COMMENT=MA-13
VARIABLES=NA
SCALE=NA

LM=13
152.000	777.000
972.000	819.000
994.000	843.000
768.000	805.000
1000.000	867.000
988.000	899.000
946.000	921.000
788.000	877.000
884.000	935.000
800.000	953.000
494.000	843.000
686.000	955.000
552.000	949.000
IMAGE=C:/Users/virgc/Dropbox/Homework/ARS/ARSMA/ARS 078-1.gif
ID=4 : ARS 078 13
COMMENT=MA-13
VARIABLES=NA
SCALE=NA

LM=13
294.000	493.000
1154.000	425.000
1172.000	441.000
926.000	429.000
1186.000	465.000
1184.000	493.000
1152.000	521.000
980.000	511.000
1098.000	555.000
1006.000	579.000
664.000	503.000
878.000	597.000
724.000	607.000
IMAGE=C:/Users/virgc/Dropbox/Homework/ARS/ARSMA/ARS 113.gif
ID=5 : ARS 113 13
COMMENT=MA-13
VARIABLES=NA
SCALE=NA

LM=13
278.000	577.000
1144.000	413.000
1172.000	437.000
908.000	447.000
1182.000	455.000
1180.000	489.000
1150.000	519.000
974.000	521.000
1102.000	557.000
1026.000	589.000
656.000	557.000
900.000	629.000
740.000	663.000
IMAGE=C:/Users/virgc/Dropbox/Homework/ARS/ARSMA/ARS 118.gif
ID=6 : ARS 118 13
COMMENT=MA-13
VARIABLES=NA
SCALE=NA

LM=13
387.000	473.000
1167.000	385.000
1181.000	401.000
975.000	391.000
1193.000	427.000
1185.000	453.000
1159.000	475.000
1011.000	471.000
1109.000	507.000
1023.000	531.000
733.000	481.000
909.000	555.000
763.000	571.000
IMAGE=C:/Users/virgc/Dropbox/Homework/ARS/ARSMA/ARS 120.gif
ID=7 : ARS 120 13
COMMENT=MA-13
VARIABLES=NA
SCALE=NA

LM=13
392.000	571.000
1258.000	415.000
1274.000	431.000
1034.000	443.000
1288.000	447.000
1288.000	477.000
1268.000	511.000
1076.000	515.000
1198.000	549.000
1110.000	583.000
752.000	549.000
998.000	619.000
830.000	645.000
IMAGE=C:/Users/virgc/Dropbox/Homework/ARS/ARSMA/ARS 164.gif
ID=8 : ARS 164 13
COMMENT=MA-13
VARIABLES=NA
SCALE=NA

LM=13
180.000	431.000
1032.000	315.000
1060.000	341.000
812.000	333.000
1072.000	367.000
1070.000	399.000
1040.000	423.000
852.000	411.000
978.000	455.000
878.000	481.000
544.000	427.000
768.000	513.000
604.000	529.000
IMAGE=C:/Users/virgc/Dropbox/Homework/ARS/ARSMA/ARS 165.gif
ID=9 : ARS 165 13
COMMENT=MA-13
VARIABLES=NA
SCALE=NA

LM=13
462.000	503.000
1232.000	461.000
1256.000	483.000
1040.000	459.000
1274.000	513.000
1264.000	531.000
1234.000	551.000
1062.000	533.000
1178.000	585.000
1098.000	601.000
790.000	529.000
992.000	617.000
856.000	629.000
IMAGE=C:/Users/virgc/Dropbox/Homework/ARS/ARSMA/ARS 247-1.gif
ID=10 : ARS 247 13
COMMENT=MA-13
VARIABLES=NA
SCALE=NA

LM=13
140.000	807.000
922.000	617.000
944.000	631.000
714.000	653.000
960.000	655.000
954.000	683.000
930.000	705.000
764.000	719.000
874.000	743.000
790.000	777.000
482.000	761.000
682.000	817.000
532.000	849.000
IMAGE=C:/Users/virgc/Dropbox/Homework/ARS/ARSMA/ARS 251-1.gif
ID=11 : ARS 251 13
COMMENT=MA-13
VARIABLES=NA
SCALE=NA

LM=13
365.000	585.000
1179.000	535.000
1193.000	553.000
967.000	529.000
1203.000	575.000
1197.000	601.000
1169.000	629.000
1001.000	607.000
1109.000	657.000
1037.000	673.000
719.000	601.000
923.000	693.000
775.000	703.000
IMAGE=C:/Users/virgc/Dropbox/Homework/ARS/ARSMA/ARS 259.gif
ID=12 : ARS 259 13
COMMENT=MA-13
VARIABLES=NA
SCALE=NA

LM=13
380.000	616.000
1211.000	627.000
1222.000	644.000
1000.000	606.000
1232.000	666.000
1226.000	698.000
1198.000	722.000
1012.000	686.000
1144.000	748.000
1056.000	764.000
716.000	660.000
930.000	778.000
796.000	778.000
IMAGE=C:/Users/virgc/Dropbox/Homework/ARS/ARSMA/ARS 294.gif
ID=13 : ARS 294 13
COMMENT=MA-13
VARIABLES=NA
SCALE=NA

LM=13
356.000	443.000
1234.000	509.000
1256.000	535.000
1032.000	477.000
1266.000	565.000
1260.000	597.000
1218.000	619.000
1034.000	561.000
1162.000	639.000
1070.000	647.000
722.000	513.000
948.000	651.000
778.000	639.000
IMAGE=C:/Users/virgc/Dropbox/Homework/ARS/ARSMA/ARS 300.gif
ID=14 : ARS 2300 13
COMMENT=MA-13
VARIABLES=NA
SCALE=NA

LM=13
295.000	605.000
1057.000	563.000
1083.000	589.000
837.000	561.000
1089.000	619.000
1073.000	645.000
1051.000	667.000
867.000	635.000
999.000	693.000
917.000	715.000
591.000	631.000
781.000	731.000
647.000	733.000
IMAGE=C:/Users/virgc/Dropbox/Homework/ARS/ARSMA/ARS 384.gif
ID=15 : ARS 384 13
COMMENT=MA-13
VARIABLES=NA
SCALE=NA

LM=13
322.000	493.000
1180.000	421.000
1200.000	447.000
936.000	427.000
1214.000	475.000
1210.000	503.000
1180.000	527.000
996.000	507.000
1122.000	553.000
1040.000	577.000
676.000	499.000
904.000	605.000
756.000	611.000
IMAGE=C:/Users/virgc/Dropbox/Homework/ARS/ARSMA/ARS 390.gif
ID=16 : ARS 390 13
COMMENT=MA-13
VARIABLES=NA
SCALE=NA

LM=13
251.000	447.000
1077.000	413.000
1093.000	433.000
859.000	407.000
1097.000	453.000
1095.000	481.000
1061.000	509.000
889.000	485.000
1001.000	537.000
915.000	555.000
583.000	467.000
803.000	573.000
653.000	573.000
IMAGE=C:/Users/virgc/Dropbox/Homework/ARS/ARSMA/ARS 434.gif
ID=17 : ARS 434 13
COMMENT=MA-13
VARIABLES=NA
SCALE=NA

LM=13
471.000	417.000
1297.000	325.000
1319.000	351.000
1075.000	339.000
1329.000	375.000
1321.000	397.000
1287.000	423.000
1123.000	409.000
1229.000	453.000
1153.000	479.000
811.000	417.000
1035.000	505.000
887.000	519.000
IMAGE=C:/Users/virgc/Dropbox/Homework/ARS/ARSMA/ARS 436.gif
ID=18 : ARS 436 13
COMMENT=MA-13
VARIABLES=NA
SCALE=NA

LM=13
306.000	507.000
1120.000	493.000
1132.000	509.000
904.000	481.000
1140.000	535.000
1136.000	557.000
1094.000	583.000
940.000	555.000
1042.000	605.000
966.000	621.000
632.000	541.000
840.000	635.000
698.000	639.000
IMAGE=C:/Users/virgc/Dropbox/Homework/ARS/ARSMA/ARS 516.gif
ID=19 : ARS 516 13
COMMENT=MA-13
VARIABLES=NA
SCALE=NA

LM=13
214.000	735.000
978.000	475.000
1012.000	497.000
778.000	527.000
1026.000	515.000
1022.000	543.000
994.000	575.000
822.000	597.000
950.000	607.000
874.000	649.000
544.000	667.000
762.000	699.000
624.000	747.000
IMAGE=C:/Users/virgc/Dropbox/Homework/ARS/ARSMA/ARS 521-1.gif
ID=20 : ARS 521 13
COMMENT=MA-13
VARIABLES=NA
SCALE=NA