C:/Users/vmc04/Desktop/Wing saga/Lab reared wings for landmarking/13/ARS/ARSMC/coord_Jul21_Format - {Procrustes residues OP} - 1 20 26 0	from C:/Users/vmc04/Dropbox/Homework/ARS/ARSMC/coord_Jul21.txt - TPS like internal (simplified) format - can be converted to other format by using TET - Orthogonal projection of the preshape data to the Kendall tangent space
0.0075246473633018528 -0.0004985479296259331 -0.00018841515082044982 -0.0058537839865953666 0.00032150523059131225 -0.0035570052611088908 -0.009400060563325369 -0.014291626202890657 0.0012619679831147408 -0.00011584309923340011 0.0079627420954603654 0.0067852617673145391 0.0015475599171342939 0.010551577732215045 -0.0066406462996073858 -0.0082364963832369034 -0.0040814482546810277 0.0041873576530098416 -0.0012192735283876386 0.0042667650430254656 -0.010408832086340261 0.005100100340645221 0.0055670205393672598 0.0032839467610237998 0.0077532327541917721 -0.0016217064345421806
-0.0073650579699537071 -0.011940306729914555 0.0040059309972852002 -0.0032439688377334814 0.0010683474897272499 -0.0043780972030521663 -0.0044199688454120475 1.8094254460684477e-05 -0.00068294157724541277 -0.011822932702518777 -0.0031526463434845314 -0.0047504651774092008 -0.010277251879148602 0.0013964986518488526 0.015460622472942236 0.0064202205574744745 -0.011405367658321822 0.0025087927592454843 0.0010558599686088274 0.0050692730332506375 0.014831362459741149 0.0017515093913033906 0.00060604847603669279 0.0080220435931881648 0.00027506240922388044 0.010949338409856166
0.0051525844263844503 -0.001273336027240277 0.0044751660214305926 0.0014025062818232969 0.0072968563942493337 0.0018650918774107922 -0.0016627858967729937 -0.0038294188731693088 -0.0054013254156119357 -0.0017833714863275962 -0.00053107396166443121 -0.0051394842358143157 0.0017272493630158957 -0.0014036694646500968 0.0097833875171550472 0.0037151852809615923 -0.0073666779636076636 0.00029996362438995802 -0.0042866602359446218 0.0019278071087075023 -0.017527016713243013 -0.0021808241524657753 -0.0036911614512711117 0.0034976079351983292 0.012031457915881149 0.002901942131176477
0.00087174140998049106 -0.012810290529675781 0.006833529765517897 -0.0054311991019534833 0.0038751519515417654 -0.006576719219943219 0.0064536659276888189 -0.00086606722735906071 0.0017989114795289238 -0.0053168332024456991 0.00076191635206175742 -0.00061342995101499047 -0.0075645037192107276 -0.002876282844947215 0.0033401830268650163 0.00092339421182243656 -0.010217649609826631 0.0016038328223886439 -0.013262499282342702 0.0035174245822704796 -0.0035500462123543158 0.00884778348454659 -0.00066871536751926834 0.0065360256612043534 0.011328314278068156 0.013062361315106741
0.0033547161065362058 0.0012671216038270144 0.006696453695274461 0.0012874794846753214 0.0052468490648223632 0.0019999809705634839 0.004788088173227973 -0.0023494787168922568 0.0051999782787811952 -0.0013580002818202488 -0.0031642196014504509 0.0014651016603740253 -0.00073894506806024014 0.0018488403622204028 -0.0070753581794863003 -0.0014764252226875177 -0.0023516086206920575 -0.0028317688628637541 -0.0076265431937165788 -0.0028317991013516088 -0.0099289572953967769 0.0030937519217176575 -0.0028197013765087265 -0.0028665697444558483 0.0084192480166682682 0.0027517659266931699
-0.001592679911634161 0.0044166233175822241 0.0011509625894067783 0.0011439635896006036 -0.0028395240901081258 -0.0016097632768308427 -0.0029872189323300853 0.0010900660083773407 0.0015464449757805333 -0.00042821522026224314 0.0033320163314827967 0.0031027936663667768 0.0013613929069252587 0.0020376294578846555 0.0025103998951657483 -0.00043324499521313619 -0.0029597748550743205 0.00037483089679967157 -0.0052620976553955714 0.001031394901932933 0.0019047534516625306 0.00060352439874967459 0.012918375626110618 -0.0025067064853027347 -0.0090830503319924861 -0.0088228962596847843
0.0052056552992279462 0.0025610821998995358 0.007856546292330218 0.001547947986341713 0.0016917448631928438 -0.0022583725621706015 0.0029508905486975196 -8.6080016355527924e-05 -0.0011347283051445058 0.00064223378318241354 0.0049554708675988938 -0.0018558094062190653 0.0060867151710263575 0.0008077974316449191 -0.014379945001103112 -0.004837034066383728 -0.0060358069237090497 0.00064494171556663969 0.00060224670160771536 0.00055776475354824006 0.0066417577305128896 0.0030366418132685424 -0.001115257172193589 -0.00038975814246625844 -0.013325290072043973 -0.00037135548985685329
-0.003812418349616313 -0.00056440471678818503 -0.0034775610901999696 -0.001039177060030946 -0.0047235630875598501 -0.0024894301145047498 -0.010869903854681125 0.00045445805351624962 0.0017009123173374516 0.00045141301069318495 0.012510936478843349 0.00050680673355700534 0.0024702311033629929 0.0035206774273459102 -0.012506927584098736 -0.0036559978019484905 -0.0055780068358684542 0.004155648058227151 0.0062180640539139026 0.0027259090995185682 0.007743828433482469 -0.0038010149725928189 0.0040007395172687345 0.0021996110439718138 0.0063236688978152971 -0.0024644987609646063
-0.0074244598244402275 -0.0062442503817084416 0.00056954796805769661 -0.0030808722716683468 -0.00028387551907899577 -0.0082278198469716707 -0.0055434932889365492 0.0042905689149936397 0.0035849177728808899 0.0072917460027946178 -0.006012211120472951 -0.0010418788016435137 -0.0064302765052856939 -0.0083957137811555456 0.011982764037384032 0.0043052128658341215 -0.0061621741766163651 0.003766716612683069 0.0040053324132053973 -0.00170288555595563 0.011647890399059608 -0.0017195689919332396 0.0019232234111450025 0.0033677280902631359 -0.0018571855669020343 0.0073910171444674239
0.005447629582988894 0.0021497587664142462 -0.0104654660083945 -0.0038711864284153826 0.00059392305712650155 0.007929727172635256 -0.0087484998317267065 -0.0010505840972611135 -0.00018752368358103746 0.0036326961771123837 0.0034621424730711522 0.0023251461860863075 0.0061369536284382915 -0.00092032486138489303 -0.0098560562775964148 0.00012339945882810998 0.010885818052261447 -0.00060627405932375475 0.011397950617069396 0.00062147121889586244 -0.014047170840606117 -0.0064454745235735219 -0.001003359737663826 -0.00099615158139944706 0.0063836589686129246 -0.0028922034286136267
-0.0026473618248585825 -0.00089911902976744554 -0.0039706223559204789 0.0014307955052535227 -0.0007552509753399857 0.0066647250346387509 -0.0084786906422092863 0.0049606513988315528 0.0023588962206303131 -0.00041739845165055986 -0.00059632908291214681 -0.0044670851047068421 -0.00015888198890807743 -0.00026628477330894058 0.005995164596125143 -0.0017335615106936963 0.0053915106588795468 -0.0022569382484374659 -3.6261786285573107e-05 0.0019140453253305005 -0.0032865310580784094 -0.0024661028559310469 0.0011330117181508315 -0.0015794655301408643 0.0050513465207267551 -0.00088426175941754004
-0.0093732356143045176 0.0085196351674940302 0.00016743188176454376 0.0050545269228788395 -0.0057595078816970614 0.0011639816996553869 0.010880762505619656 -0.0010787917668353575 -0.0018166952532288443 0.0051248269511194183 -0.0063663028032297682 0.0027001565458600676 0.0018967976913399167 -0.0033491827799956731 -0.001930662956015903 0.00048856253018475678 0.0031566066867234257 0.0019005330170917551 0.00091611775046259564 -0.0040802178590345316 0.0049389299216797567 -0.0065809564954805192 0.0099745068504682472 -0.0060464221678080098 -0.0066847487795824809 -0.0038166517651306853
-0.0063595881007867828 -0.0041933068147760261 -0.010711438090897144 0.0037939889477767823 -0.0056665909226581053 -0.00010091782755476425 0.011586634101711657 0.0019518385900851505 -0.0047831976867874302 8.0693539412658212e-05 -0.0053324078206446711 -0.0032147838607587131 0.0015817899568355241 -0.0051335694358106299 -0.0017887494697542063 0.0087072252982221335 0.012530732279230291 -0.00069689614326174927 0.0079254801954826062 0.001529834207852087 -0.00084695110740451137 -0.0022106805939987022 0.0062548900967307189 -0.0036638203905261166 -0.0043906034310580017 0.0031503944833381481
0.00039342600174749505 -0.0026881130444924711 -0.0049268054565532009 0.0025903335741340582 -0.0007974213961761535 0.0057935571755221918 0.0017782351447173416 0.0022553969999555036 -0.0028637566286070534 -0.00066240426349786405 0.00078611047653897497 -0.0043222931888861164 0.0080238235350670629 -0.0052972015700900278 -0.0010409770562989206 -0.0014905402563050152 0.010745375919782561 -0.0047480528602749424 -0.0051695481400659887 0.0023474238022263573 0.00082214282899460093 0.0028331413788852933 -0.006490741706187836 0.0049194759575181927 -0.0012598635229593711 -0.0015307237046958966
0.0019845562422192778 -0.0081268410865043827 -0.010645163870871756 -0.0086894282645153774 0.0063873246597907635 -0.0026080453373031592 -0.016828098393437567 -0.00019553457612738801 0.001919873403488767 -0.0034522084520218063 0.0021722981183030926 -0.003693073374385532 0.00024394858653280877 0.0054182369878872285 -0.0029125178542467717 -0.0017528310415775518 0.0036300895146204417 0.0068725785781458158 0.0040641783782881906 0.0070235567764731074 0.0052817928304707985 0.0013713387586010673 0.0029124520135983267 0.0083307444861141083 0.0017892663712439629 -0.0004984934547858505
0.0043783302536449737 0.007758259207062173 -0.0026862425568775329 -0.0018478684538126163 7.3331506866353407e-05 -0.0059608098307755205 0.013727671743089608 0.00452413058997609 -0.0010371219906152719 -0.0020428879295246618 0.0035121195759228664 0.0028942498171780754 0.0073704763775471228 0.00094855412683779699 0.013586129686055831 0.010419740276663798 -0.00043823733070273555 0.0010499471925984557 -0.012343532390474346 -0.0036434168885488517 -0.0020438453163385832 -0.001573366124492132 -0.010354567163417032 -0.0063268050057038831 -0.013744512394700686 -0.0061997269774590608
-0.0042238435013796857 0.0087829927810536956 0.0015327081077319295 0.005674798705172325 -0.0045488698532986128 0.005134355604991498 0.012769211840088198 0.0096260770103828545 -0.0028075044061042814 0.0078403798766922082 -0.0044849379927543731 0.0025406501309768828 -0.0054565036816738126 -0.0042576515113495802 0.0070396717189798131 -0.000638283005407038 0.013180478621796003 -0.0070327642084353041 0.0092762550757020355 -0.010452855416991024 -0.0039518347438133082 -0.0017295260119742982 -0.0072819713046430668 -0.012131342112545436 -0.011042859880631296 -0.0033568318425663268
-0.00092620583002812808 0.0050730424200106884 -0.0046238365524993632 -0.00095070868478969129 0.00035819133464187443 -0.0010854795115350013 0.010507429555094283 -0.0024561902392806851 0.0011239174725180484 0.00064518004207272592 0.0013136848890158391 0.0048862108457208642 -0.00065773655680874616 0.0036061775319206984 -0.00089718327644222411 -0.0035074814290801904 0.0035124766873587433 0.0019609703364659383 -0.0056257744365873956 -0.0011914508212293941 -0.00794490952327539 0.0023051385123082366 -0.00083573505519052218 -0.0015673896544152644 0.004695681292204457 -0.0077180193481683895
-0.0057758468675228221 0.0080413376554812049 0.0094440620382108889 0.0061392590066113419 -0.0004942405310018709 0.0019865703491931592 -0.0013564317739024594 -0.00075135526924074655 0.0055422548143805308 0.0027088230312283931 -0.010845192125146348 0.0063632234750645809 0.0029338298802582896 -0.0010712723361107667 -0.011902123853219931 -0.0023866287616914634 0.0025072357086193013 -0.0062252938678395665 0.010602622269961245 -0.0043943847821139373 0.011652045693765052 -0.00086514290785976279 -0.012138484296063498 -0.0038851872103453765 -0.00016973095833882571 -0.0056599483823768365
0.0035673546955720357 0.0001529110169428456 0.012580071753514017 0.0023837799109624903 0.0029885357461073435 0.0051960744821730543 -0.0055924407134141374 -0.0037318201587552505 -0.0011184375908824106 -0.0016508570284470428 0.0037973987305450442 -0.0046239614310553002 -0.0066126161241031548 0.0031475691601834241 0.0013617033381038146 -0.0050461986273747459 -0.0065783004403820074 -0.0041432791881913849 -0.00032563594612522722 -0.0030295278788543302 0.0027327974343953577 0.00053060654916727099 -0.00023262991173344312 0.0034281504496029968 -0.0065678009715971434 0.0073865527436461353