C:/Users/vmc04/Desktop/Wing saga/Lab reared wings for landmarking/13/ARS/ARSMB/coord_Jul21_Format - {Aligned specimens} - 1 20 26 0	from C:/Users/vmc04/Dropbox/Homework/ARS/ARSMB/coord_Jul21.txt - TPS like internal (simplified) format - can be converted to other format by using TET	
-0.69383874673351575 0.012083224384891315 0.21431290420665253 -0.10823272972623098 0.23600459216720729 -0.084059075249900736 -0.064154027608551253 -0.082426407688216394 0.25109649884435198 -0.054641568780830818 0.23805019765457525 -0.029368480872294673 0.21983667516058097 -0.0033024822856403241 0.0047323282866602017 0.0011452783388059915 0.1448603490087137 0.038878225721842415 0.065279820165181177 0.064840989827075798 -0.31673482600704356 0.01556775123180208 -0.071063512336224113 0.10691846335313768 -0.22838225280858818 0.12259681174555846 
-0.69979907218775828 0.017926254554931409 0.214877886794092 -0.10624881481570306 0.23401200878015002 -0.08556430586840115 -0.041321580461067417 -0.092460741559003412 0.25043669949586517 -0.05842984034747279 0.23203012634926448 -0.02063324466249564 0.20128308580121218 0.0043913881513879816 0.019949261076549533 -0.0034884969309901355 0.14056419818572921 0.034531338312475006 0.074642195764380914 0.065014986484542167 -0.31735005754791218 0.016701888258171427 -0.074529643550811792 0.10099780283229007 -0.23479510849969504 0.1272617855902676 
-0.7021757516078897 0.017783851446082501 0.20513582831910981 -0.10512258863480793 0.2291336169910097 -0.076971233360462521 -0.047656716288508157 -0.08867421803363347 0.24176577941382024 -0.048001331130015062 0.23909444376530489 -0.024080973937251789 0.21465696570438597 -0.003426504740295848 0.010816808697742661 -0.0028070529072028116 0.15968992297995258 0.032608894007122247 0.070402006899441552 0.061888522154116096 -0.31938090487314125 0.018776594039392532 -0.069621953823920932 0.10053442472811316 -0.23186004617730638 0.11749161636884299 
-0.69734482246929219 0.010381377235157061 0.21043544279090179 -0.10643837286114489 0.23506107685139374 -0.086545455449475603 -0.034393125651927203 -0.085352329827965132 0.24728003526540759 -0.056823402602261763 0.2397468641921004 -0.032139106906624727 0.20747073578801115 -0.0026282359459329587 0.0096913297201606449 0.0013770764270911481 0.15045165005313976 0.03170921027981348 0.053857911381451774 0.070802837808440697 -0.31669983222882903 0.019604003400641421 -0.069915536907603743 0.10729546047207641 -0.23564172878491585 0.12875693797018456 
-0.70200553579994751 0.01937229363942829 0.20944132381678507 -0.1058209131867924 0.23053269928003409 -0.083125959069757394 -0.045481534941133425 -0.088849871630580599 0.24275990358364052 -0.057832632044794004 0.24547334350062242 -0.032156974901812983 0.21051405598912343 0.0045617670998638182 0.01660847200370268 -0.0083856088759584318 0.14193179651094737 0.041510643119647694 0.062536586192182456 0.074409763677627846 -0.31377490862023072 0.013860116414306184 -0.065077039286687816 0.10700449203578644 -0.23345916222903823 0.11545288372303494 
-0.70432541693494122 0.019466815869326658 0.20968866852378473 -0.10946647228189339 0.23425237110272248 -0.084520230322173373 -0.031412743983327746 -0.091524186119570999 0.24658066833261075 -0.056697751404060276 0.24471356453221232 -0.028654867478180468 0.20152441705280222 0.0073208910534903453 -0.0040074256920852513 -0.0071405080880765567 0.14945153244435749 0.039597063230452152 0.057100358560984138 0.072882368565408473 -0.31377792953470096 0.012251721247773871 -0.067909526880133519 0.10360473383057771 -0.22187853752428624 0.12288042189692575 
-0.69241113983169478 0.023698640902659194 0.22395005954855432 -0.098161485512852406 0.23635604080444222 -0.079430308843277536 -0.023803039428623697 -0.08402731805618964 0.24421160905943728 -0.058953450339259625 0.24611439873031485 -0.033582862583130084 0.2140752993092799 -0.008241375405350854 -7.9226827204234422e-05 -0.0017765677888987252 0.14108248288020894 0.032811248282418395 0.053222270280018913 0.069127250554510425 -0.31537278773698818 0.01999785892962418 -0.081172021082755841 0.099804689915352726 -0.24617394570499038 0.11873367994439396 
-0.70835023191696533 0.026790726365976122 0.2061075329298761 -0.1066695508186281 0.23239916557019633 -0.083313947010308295 -0.018764203715160584 -0.090049737683649489 0.2466206416164389 -0.056255288569843152 0.23455932681220668 -0.024320932322401623 0.19893959951231124 0.0080101995098806021 0.02078791227376045 0.00027804897951455847 0.14735269408869525 0.034310673940046763 0.065004075592468805 0.062762467822377585 -0.31428465247764914 0.012454307051740285 -0.074583013724340619 0.10057772352366581 -0.23578884656183721 0.11542530921162943 
-0.70161521846737718 0.018110924967016689 0.20097591577467991 -0.10925746969628598 0.23734595243233308 -0.085056306061649531 -0.022956507290235816 -0.087073121166153317 0.24343038894384139 -0.054770705915504585 0.23927219676661765 -0.025212576955386375 0.20358009701013172 -0.00098239727857064212 0.023606623771290445 -0.0034705143453055464 0.14748129020321979 0.0351810044401464 0.064163868648346903 0.06323465674335195 -0.30743111460526212 0.019342236801135337 -0.077748974579672281 0.1046269391756528 -0.25010451860791316 0.12532732929155294 
-0.67660141272208929 0.012984437872988235 0.21147895800142377 -0.1200066880086449 0.23910543471951157 -0.0918493539223567 -0.029618707389083607 -0.097932312780580552 0.25586948594854486 -0.055499648650088447 0.24743446211305942 -0.029966816797684894 0.21351215849435978 0.0041376950977721153 -0.018816726272777532 -0.0017026111109461107 0.15272199587171945 0.039334581495260749 0.045675420782220318 0.075335637676086073 -0.32079565842430346 0.021555242757528615 -0.078711614973702326 0.11376409551047996 -0.24125379614888284 0.12984574086018622 
-0.69906138266945472 0.018283689480063287 0.20902040534438715 -0.10707519598392808 0.23726456597483664 -0.08082066823575311 -0.027809357838888129 -0.084127586856037689 0.24751849193764908 -0.057672894431565709 0.24851330837878638 -0.030423550242253412 0.20868690697352629 -0.0028129708626590264 0.0092103725023784232 -0.0030575801038106977 0.13882119806039414 0.036996722797167529 0.04902006616220491 0.066808128809321438 -0.31594216632709121 0.018033729836368927 -0.06824160367558188 0.10213830914830771 -0.23700080482314792 0.12372986664477865 
-0.69403509581680611 0.025361629729155014 0.21503685779697213 -0.10554483020944329 0.22999084067771561 -0.085875373620961801 -0.020946245123080992 -0.090546840663295533 0.24637330461803386 -0.049775200109210903 0.24070551020391281 -0.02610557192216538 0.20555765739854504 0.0012307033003323066 0.009389628008646447 -0.0082023672739171358 0.15445524802309957 0.035472365223494576 0.056489742626754748 0.063855343959504554 -0.31631949535464104 0.015700033192790404 -0.075146881532431861 0.098476660269956093 -0.25155107152671996 0.12595344812376064 
-0.70753002246515129 0.014089708028777409 0.21435719934775269 -0.10151274500836266 0.22990520161132935 -0.086640979034319499 -0.035727053056000262 -0.090627242085366502 0.24420270997883814 -0.059567493950751942 0.23727400420896669 -0.028978666640748996 0.20293369521076099 0.0006977849179532347 0.011931308169029519 -0.00038229180680783738 0.14364923058166407 0.037776579268984888 0.057662939208458407 0.071644609343655838 -0.32180730688817738 0.012362860912405361 -0.061041508927426977 0.10547909922363481 -0.21581039698004362 0.12565877683094623 
-0.70596100087273939 0.012289144751206411 0.20308437360097678 -0.10771847705762247 0.2311761469721029 -0.08653738210933988 -0.018705999345510378 -0.08855601461036218 0.24462271076290287 -0.059605188203735671 0.2387076144632822 -0.03081062709312412 0.21537522394939729 -0.0025119240325527335 -0.0086913755809877105 -0.0070137128069182987 0.15005157057069182 0.040681850644935728 0.055933356081374695 0.077960529022803302 -0.30834224826804979 0.015295627329166872 -0.075791531470408693 0.10800053429322871 -0.22145884086303247 0.12852563987231405 
-0.70783306974198723 0.022158700248222793 0.1948572273558139 -0.11009821935572996 0.23568718262849583 -0.089308738495495754 -0.043005122252643295 -0.087248060377250747 0.25303940304347539 -0.055673108198868629 0.24073980193060485 -0.022013191788528768 0.20312036286520069 0.01266696292771801 0.0060393963020005494 -0.0029970402892690834 0.15083695738228498 0.041695293183626643 0.059739787124788453 0.070921996956517894 -0.32212254488874104 0.0059340741122038878 -0.058843212872900022 0.10067096293921883 -0.2122561688763927 0.11329036813763536 
-0.68844048456301765 0.018078787307809301 0.21265928056131048 -0.10352737826031945 0.22993248258473523 -0.087739913555463914 -0.040262683781181426 -0.088916694827780446 0.254818794661059 -0.054535542422781733 0.24256404919239924 -0.0232480218218746 0.20623092599962634 0.00041281570758314152 0.0012054543336579415 -0.0059125535053499339 0.14690119522520412 0.036718792863255419 0.07315317869719408 0.063768645224507273 -0.3309005232862644 0.017379437104001704 -0.069440956171361978 0.10535334170664781 -0.23842071345336119 0.12216828447976605 
-0.69438960148897033 0.019718337549251289 0.20383679740276217 -0.10946369795973945 0.24119046974895239 -0.080209401762353263 -0.030981934260983796 -0.093713156948593862 0.2495714141332698 -0.053793766823692572 0.24673275287454427 -0.024821038861819841 0.20818960026812025 0.0028472836552545537 0.00018299696311298861 -0.0087573259560708768 0.14720723637561056 0.035629792218752926 0.057252144521227975 0.065573639523526017 -0.32195041200632912 0.017451437517051697 -0.078604207114611344 0.10125801666392996 -0.22823725741670534 0.12827988118450295 
-0.70038284077308088 0.022965917225440773 0.22254455963528555 -0.10460580741650677 0.24061203374127263 -0.077952400914326189 -0.041550839135857318 -0.093683804318339892 0.24449116138030841 -0.054984027215237194 0.23449526735816054 -0.031075679098845104 0.20878183527328298 0.00086681666832587074 0.0081832383645936719 -0.011097756395833283 0.14359917941216779 0.033160069674325041 0.05576147465773125 0.073957457539754537 -0.30353476180338912 0.016989178824078126 -0.072328765887362326 0.10354308459302554 -0.24067154222311316 0.12191695083413832 
-0.70066846217812084 0.023459511374703996 0.22223662777523515 -0.10594432011390183 0.24282765641064927 -0.079116423133323746 -0.036523989854803415 -0.085875748730784671 0.24607257009467959 -0.056169099262259194 0.23890049768456559 -0.028995072025643095 0.20106654080093045 0.0033408626414746598 0.017730893385287508 -0.0059811315979630764 0.13315977325268696 0.033320502072942335 0.057734803038291142 0.06271106769549728 -0.31429475715980065 0.015911262298484739 -0.071299375520690267 0.10050845443258445 -0.23694277772891115 0.12283013434818851 
-0.69477968180436978 0.016834811841142522 0.22047214130579765 -0.098599087420163656 0.23676659649866763 -0.084838195910323363 -0.038476659177920279 -0.078195002371141228 0.24851927971651913 -0.059477143715514436 0.24872264309369627 -0.031718103422460571 0.2119308996948997 -0.0013746586020827074 -0.012471622955383958 -0.0020440579943220441 0.1496933693608036 0.029155202647374187 0.052790932556586519 0.064565774833811526 -0.31074573052092852 0.018648125172367885 -0.076463157359997327 0.10484011100913106 -0.23595901040837056 0.12220222393218096 
