C:/Users/vmc04/Desktop/Wing saga/Lab reared wings for landmarking/13/13 landmakrs lab reared txt files/RMOFC 13_Format - {translated and scaled (first one is consensus)} - 1 20 26 0	from C:/Users/vmc04/Dropbox/Homework/RMOFC 13.txt - TPS like internal (simplified) format - can be converted to other format by using TET	
-0.66716395378738769 -0.077277714193351055 0.23052239869986549 -0.080989928111168327 0.248535764596159 -0.053604743471532788 -0.041138632925319198 -0.099185861905059416 0.25723816771497648 -0.025915279002567959 0.24902261232308595 0.0033564405789092218 0.21232646490597412 0.02982878573055691 -0.0051727570985979797 -0.0042505551543228727 0.14690630160017812 0.058065953892314358 0.04953675621480718 0.082469196204522921 -0.33318641311556602 -0.029018933261726599 -0.094874450784870765 0.099874002442157994 -0.2525522583433058 0.096648636251267614
-0.69643756261077172 -0.066466781843925835 0.22583208390753537 -0.075420856081967649 0.23814393598484287 -0.054154929766618336 -0.013689401960082982 -0.091090485998540818 0.25045578806215035 -0.025054188492982441 0.24597875094312946 0.0018080342211431043 0.20456615759218619 0.027550997655513262 0.022126894992084156 -0.0026690028978778677 0.14188763792589346 0.049936183250617806 0.040035043468167823 0.074559887405232866 -0.31253162965472869 -0.022815669933471956 -0.089799032983438665 0.091348776601561238 -0.25656866566696751 0.092468035881316482
-0.67039037098801224 -0.0084141231618459801 0.20722224252081273 -0.11906962660426315 0.23393219162760304 -0.088543970482216933 -0.047158225162904514 -0.091087775159054182 0.25301072670388186 -0.054202607344915117 0.25173882436546341 -0.024948853561287686 0.21103794953606861 0.0081206072375955077 -0.020448276056114184 -0.0071422208234275383 0.15634614898406937 0.043733872713315955 0.071128692310024097 0.078075235850617875 -0.33715195832234235 0.010664411914432771 -0.073868174269694831 0.11750420834159402 -0.23539977124885531 0.13531084107945435
-0.67761459289549442 -0.0028298602155139982 0.22310252795858657 -0.10607411517507265 0.24090326157230357 -0.084713234838612303 -0.055775631989646704 -0.096580390581090372 0.25039698616628603 -0.056232061056665096 0.23971654599805578 -0.026564171700470002 0.20055493204787847 0.010224011101211813 0.0059335778712389549 -0.00045642906701839604 0.15071287792947069 0.039891900457406836 0.067642787732124635 0.074306652110593063 -0.34058736980911891 0.013784157823955184 -0.072389650029115862 0.10872140376377926 -0.23259625255256902 0.12652213737749637
-0.65216950259989181 -0.12844020186417623 0.24499489251107065 -0.052430440611719656 0.25496338579008132 -0.022524960774687585 -0.03536898096110519 -0.10476503032652576 0.257455509109834 -0.0050800975364188707 0.24997913915057571 0.023579320640736871 0.20885910437465666 0.043516307198758264 0.0032589304950611767 -0.0013419125567898608 0.14032571308145814 0.067191478736408738 0.036902595311722124 0.080898156995048362 -0.33442377933142614 -0.054922563931472303 -0.10514843391418011 0.085882403634553781 -0.26962857301785664 0.068437540396285065
-0.66279596326016732 -0.075213441738224543 0.23778603650015254 -0.081061376801603247 0.25065149363958567 -0.056500049535412697 -0.05110195563075532 -0.1009443560170908 0.26000818974099144 -0.026090787205843399 0.25182108065226139 0.0054880621364017069 0.21322470923396172 0.031218976415267847 -0.019523106288510349 -0.009716569028383042 0.14538866249876881 0.059289064719485682 0.04714335343400667 0.085019978998351897 -0.32946366464758142 -0.034277896294573493 -0.096715849125109374 0.10256378418848797 -0.24642298674760399 0.10022461016313651
-0.6617767437191141 -0.092435296203869338 0.22800118386164323 -0.07523598059341656 0.24520049947209599 -0.048863696657388961 -0.021962203010270406 -0.10046164348874731 0.25437346779767095 -0.017904928558573938 0.24864036259418668 0.013053839540241139 0.21653497345467485 0.037132881394874966 0.0067033230071509029 -0.0029988550295148584 0.14315122685007636 0.06579840741229627 0.042248575268753336 0.082997723022749118 -0.3418694733646922 -0.045423833535298365 -0.097639191696262617 0.096757175511111349 -0.26160600051591265 0.087584207185536458
-0.65078943211584284 -0.18135055831253591 0.23222292272228615 -0.045408295639814154 0.2542676139665116 -0.0086671435661056038 -0.020066321517179311 -0.098070613612129834 0.25671702410475872 0.018276367954614008 0.24446997341352233 0.042770469337086392 0.2028300010633193 0.059916340304817052 0.0056524849344166813 0.0023552020560070335 0.13424651719239666 0.077062211272547712 0.038719521800754407 0.083185736618165848 -0.33236611414370204 -0.087048267990017192 -0.10212156114846171 0.083185736618165848 -0.26378263027277954 0.053792814959198923
-0.69521141240395423 -0.1183338574304602 0.2331817652391634 -0.050970236361368736 0.24910407567367596 -0.025249581044079202 -0.003203305057830954 -0.091388409002823578 0.25032886878402305 -0.0044280981681780142 0.24420490323228733 0.021292557149111387 0.20133714437013825 0.040889246914665459 0.0065950398249460104 -0.0044280981681780835 0.13029914397000525 0.058036350459525078 0.039664453804318441 0.072733867783690564 -0.30082803087218118 -0.041171891478591807 -0.08648923656143509 0.080082626445773242 -0.26898341000315623 0.062935522900913407
-0.61361498596131736 -0.24275795290524013 0.24674366958142396 -0.018630908184021883 0.25638354247265893 0.012698678712492502 -0.0099179461477130783 -0.11382465298496947 0.25879351069546802 0.038003345051984855 0.24071874902440196 0.064512995502881698 0.20095427334805677 0.082587757173947632 -0.013532898481926207 -0.012605987626999852 0.1238352902181752 0.098252550622204893 0.027436561305823306 0.098252550622204893 -0.32080384689004804 -0.11502963709637375 -0.13041635728815298 0.07415286839411693 -0.26657956187685028 0.034388392717771721
-0.67746621134342555 0.011748499532848958 0.21624581952650176 -0.11473144075047854 0.24130316618640626 -0.088480887106768991 -0.052225751829617938 -0.096833335993403893 0.25323523602445602 -0.06342354044686449 0.24726920110543116 -0.033593365851740074 0.20908657762367192 0.001009636678604237 -0.011656714380248732 -0.0061496052242256223 0.1482330214496182 0.041578674127973364 0.050390048777610108 0.080954504593537605 -0.33024297905617744 0.014134913500458946 -0.073703477538107451 0.11675071410768693 -0.2204679365461196 0.13703523283237157
-0.66104576419831329 -0.13871409871081902 0.22989950065470716 -0.065727057239808817 0.25129225418931345 -0.030491933771045428 -0.028071939027311657 -0.11354615337598795 0.25632584325627966 -0.00029039936924798288 0.24751706238908891 0.033686326832773908 0.21102354165358383 0.05633747763412196 -0.0054207882259634651 -0.0090991802364388634 0.14432848651628147 0.073955039368503714 0.032331129776282982 0.087797409302660862 -0.32757048851180154 -0.064468659973067249 -0.10357577503180472 0.092830998369627035 -0.24703306344034198 0.077730231168728389
-0.61204128038253891 -0.26490123709683278 0.24065481238988215 -0.014385005703004093 0.25006387272392278 0.01266604275736217 -0.019270479337986875 -0.11082787412691945 0.25006387272392294 0.049126151551769151 0.23830254730637215 0.070296537303360426 0.20184243851196504 0.090290790513196384 -0.0063330213786811059 -0.012032740619494166 0.12304155821437589 0.10205211593074709 0.032479352499236031 0.099699850847236954 -0.3168320124020178 -0.12846986225324541 -0.11100881759488175 0.077353332553890819 -0.2709628432735704 0.029131898341933055
-0.65926353619688194 -0.019530338415846407 0.21804293311212591 -0.10535379736998847 0.24426676779255821 -0.077937970204082038 -0.043003421206722854 -0.10177781991356595 0.25618669264730015 -0.049330150552701284 0.25261071519087741 -0.014762368473949627 0.21327496317022906 0.017421428633853615 -0.0048596616715486721 -0.0028424436192077077 0.15605932386746768 0.047221240770708495 0.052355977631212636 0.080597030363985939 -0.3433855275462202 -0.0028424436192076739 -0.094259098082113413 0.10801285752989251 -0.24802612870828453 0.12112477487010859
-0.64357305244502705 -0.10662082362221829 0.23736273146178719 -0.074897374340255451 0.25322445610276845 -0.045614190387674308 -0.0457080467464967 -0.10662082362221836 0.26542578274967721 -0.01511087377040239 0.25322445610276834 0.016612575511560434 0.21051981283858773 0.045895759464141442 -0.013984597464534005 -0.0065699451175662438 0.14463264894528016 0.067858147428577251 0.049462301099391669 0.08738027006363136 -0.33731975360761662 -0.04683432305236522 -0.10671467998104064 0.097141331381158325 -0.2665520590555458 0.087380270063631388
-0.65299283488695359 -0.098389952283481921 0.24070074278593045 -0.071200861957454994 0.25488635512994434 -0.044011771631428179 -0.065472056972372336 -0.09720781792148081 0.26079702693995027 -0.020369084391404804 0.24779354895793743 0.0091842746586244233 0.2146937868219046 0.030462693174645575 -0.012276010682319751 -0.002637068961387168 0.15085853127384152 0.0600160522246748 0.052741379227744425 0.086023008188700498 -0.33618082587064019 -0.036918965459421069 -0.10093608783240753 0.10020862053271459 -0.25461355489255949 0.084840873826699359
-0.62241286662210338 0.22215599512148451 0.17496687402957686 -0.17478778818103088 0.20174020838722467 -0.15732691794778239 -0.09742270160909923 -0.063038218688240624 0.22618542671377254 -0.13171764160568467 0.22618542671377254 -0.10960053931023653 0.20523238243387437 -0.072350682812639885 -0.019430814567256111 0.0021490301825536177 0.15983411982742832 -0.015311840050694791 0.085334406832234838 0.047547292788999662 -0.32557807265687916 0.13019541189304246 -0.043876032893803908 0.1255391798308429 -0.17075835658874283 0.19654671877938665
-0.66051074230067786 -0.1319036614183296 0.23322227412201224 -0.059185227011234111 0.24846968778801612 -0.035727667525074266 -0.030675270097285975 -0.10375459003493771 0.2566798336081722 -0.0064057181673743925 0.24612393183940029 0.026434865113249391 0.21680198248170046 0.047546668650793232 -0.0072177106111260643 -0.0052328401930664004 0.14994793794614505 0.073349984085569059 0.044388920258425661 0.089770275725880963 -0.31451173987982001 -0.055666593088310082 -0.11746824019607732 0.089770275725880963 -0.26525086495888445 0.071004228136953215
-0.67009026392015747 -0.020500934025444128 0.23440005983074125 -0.097152656377215138 0.25090966156804606 -0.07238825377125839 -0.053338713305137973 -0.090077112775513224 0.25680594790279754 -0.051161622966152558 0.24737188976719496 -0.019321676758493805 0.20963565722478469 0.010159754915264373 -0.0097061944279757673 -0.00045356048728858051 0.14359725027556647 0.044358215656823741 0.055152955254292278 0.077377419131432826 -0.32810565650456336 0.0030842113135623591 -0.086357916779746732 0.10450033627129032 -0.25027467688584171 0.1115758798729922
-0.66654727773581834 -0.035656219030259416 0.22289803938287858 -0.096327795914208619 0.24352637552342118 -0.067205439009913048 -0.065898666584720419 -0.095114364376529703 0.2520203962871741 -0.042936808256333329 0.24716667013645816 -0.015027882889716647 0.22411147092055755 0.010454179401542054 -0.0052270897007710487 -0.00046670443756881747 0.16101303096125016 0.045643693994232667 0.053017624107820405 0.082046640124602208 -0.33285360487409721 -0.01138758827667969 -0.090167297338300034 0.10995556549121892 -0.24305967108585219 0.1160227231796139
-0.66474270185151974 -0.034597778729755023 0.22427858316920099 -0.10035379093542952 0.24532050707501685 -0.072736265809046297 -0.053211788338745951 -0.09246306947074856 0.25452634878381142 -0.045118740682662882 0.24663562731913033 -0.016186095312165989 0.21638786170452004 0.012746550058330685 -0.0045523393065467288 -0.0017197726269176511 0.15326208998707241 0.048254796649395054 0.059888552655014402 0.079817682508118826 -0.33727776106726032 -0.00040465238280417798 -0.091350275418037266 0.11006544812272917 -0.24916470471165619 0.11269568861095614
