C:/Users/vmc04/Desktop/Wing saga/Lab reared wings for landmarking/13/13 landmakrs lab reared txt files/RMOFA 13_Format - {Aligned specimens} - 1 25 26 0	from C:/Users/vmc04/Dropbox/Homework/RMOFA 13.txt - TPS like internal (simplified) format - can be converted to other format by using TET	
-0.67555227195469991 -0.065031339113545306 0.21942562762034176 -0.093088691717322217 0.24045788567932264 -0.064996500372813459 -0.050934377367504551 -0.094580908794041033 0.25192110685020502 -0.033341268641147281 0.24709552266541426 -0.0037117789971715318 0.21388118919557458 0.021816800148000321 -0.0064596102938186831 -0.0012128399412863814 0.15392515910635302 0.057518433781704306 0.06185815865530167 0.086945135858643843 -0.33917499460725736 -0.024148709657069049 -0.087035766689270613 0.103981155511678 -0.22940762885996185 0.10985051193436983 
-0.67225141378463737 -0.060085768714388865 0.21964917372967754 -0.089953277207375074 0.24087095574922104 -0.065385517565475421 -0.041072657312096361 -0.091370573210729056 0.25457282719511892 -0.035420769122662919 0.25165529090551991 -0.0088234899310035819 0.21546780507060384 0.023390923319582476 0.0093311078166638424 0.0038680352155003902 0.15087366575228281 0.054298520943098956 0.049139548972814681 0.080646727540163055 -0.33163249376164239 -0.016279741112812662 -0.091826332966208915 0.10300036992409968 -0.25477747736731771 0.10211455992200352 
-0.66605395817877211 -0.059739134453006701 0.22154402048403601 -0.090820381161302033 0.24103812734421737 -0.061918133513017296 -0.05978181434204758 -0.10101125036352739 0.2522642276788386 -0.03444135649833404 0.24674052897363341 -0.002402831211788096 0.22125954927132793 0.021938014227974093 1.9170393580145574e-05 -0.003434947774122483 0.15985560219957917 0.057112990184451255 0.059178624131419152 0.085516980631321807 -0.33540507450704538 -0.020824374463366904 -0.092995210892292096 0.10397827880248854 -0.24766379255647569 0.10604614559222902 
-0.66993112202546656 -0.05948465104945478 0.22466956326730836 -0.087759237183464373 0.24564564924065213 -0.057965475169124842 -0.057968490772091291 -0.094510954703161357 0.25416957865409745 -0.030050430485697673 0.24814811552683677 -0.0054877023351575386 0.21574874007780426 0.017410827134365498 0.0076726399075806142 -8.9234275385466079e-05 0.15248712154139527 0.053019757978949401 0.052893788233061005 0.076200451434488128 -0.33705540444668275 -0.017366552682362164 -0.087515590612803257 0.10132750755705935 -0.24896458859169218 0.10475569377894564 
-0.6612391184628289 -0.060546992980420197 0.22465563979325065 -0.086930822780508912 0.25047899032320298 -0.058087525236180201 -0.069874852253900485 -0.10081496145660893 0.25682840308195093 -0.03288124956672156 0.25112340452162968 -0.0075841698707346536 0.22553634072060103 0.018302645347812622 -0.0082505025731063886 -0.0035185046016594935 0.15285642401254995 0.05369551702915102 0.049337483776042475 0.083601123553886769 -0.33305762196408689 -0.018318488256023363 -0.093129332002873322 0.10623268632888246 -0.24526525897243193 0.10685074248912431 
-0.6654543675524508 -0.059570971069618985 0.23325907615158337 -0.087651903600760778 0.25202327171695432 -0.064066310342437094 -0.062989299604780696 -0.10064030364317936 0.2591409415326244 -0.034724547923899035 0.23932314158136675 -0.0064693691813608317 0.20292966792738365 0.021117142683638922 -0.0036811698388332917 -0.001744907775475009 0.16317750537506298 0.054794157147622188 0.051942749979740611 0.085587545702221268 -0.33187774667484238 -0.020172768318805389 -0.090037060169422076 0.10683934701007339 -0.24775671042438671 0.10670288931198088 
-0.66516062617539884 -0.056381702243840523 0.22719831956823666 -0.080603238448823597 0.24398836344749245 -0.0581336878594821 -0.043626854571165545 -0.098694556730233557 0.25417829848247231 -0.032866784035597153 0.24837066259435681 -0.0086052825869013753 0.21549824755100652 0.020379576605717278 0.0038000212380423113 -0.0014907993974435435 0.15376317802107217 0.048621216251201631 0.0481003341596394 0.077314270255788006 -0.34841464637010611 -0.019343632738780231 -0.090490102626165442 0.10179648322857071 -0.2472051953194829 0.10800813769982459 
-0.68117297975738744 -0.057054602271281452 0.22290107156931491 -0.08722221151660374 0.24581878888712688 -0.055829646629728301 -0.046700327368109765 -0.10010813330925888 0.25650607980355677 -0.026919111935884806 0.22831777180823601 -0.0053102224814320182 0.20041835449232448 0.020667306388229958 0.008874683669846329 -0.0061559264642078006 0.16399832635555139 0.050499096178117014 0.060739879127281737 0.081459989267586463 -0.33768346372270458 -0.021631380343819399 -0.081466389682590706 0.10402707726386266 -0.24055179518244543 0.10357776585442058 
-0.68009727526033925 -0.055239684629857323 0.22191598478755628 -0.085747441619693068 0.24331916128772652 -0.059979759933653835 -0.041094736935962113 -0.093581064181837662 0.24998607034643572 -0.029303033593263649 0.24363300369500462 -0.0034015004097060937 0.2169379670249435 0.021245135164939324 0.00439226871355472 -0.0047897774959376853 0.15205965205703856 0.051815882463235249 0.054977443405590284 0.078441946025034612 -0.33799320487971707 -0.020932588980447499 -0.091453309285798104 0.099730010004702455 -0.23658302495603317 0.10174187718648496 
-0.66964535063392572 -0.050431721503324117 0.22825591611888807 -0.080972311598110552 0.24700131742408041 -0.056952142485852876 -0.049353755334036901 -0.098876081568695318 0.25449097187415365 -0.031187148077912754 0.24622347610306045 -0.0046801273889682162 0.21319602337870625 0.020563321551624009 0.012622800855928856 -0.0038026810143449844 0.14940301181302651 0.050292504778256628 0.053097377670337564 0.077503498268188767 -0.3427720611281509 -0.018245900113577383 -0.093976073047218667 0.097184545388029911 -0.24854365509485005 0.09960424376468735 
-0.66682126619250459 -0.049986206455587164 0.22903771265291034 -0.077431879495337655 0.24607018777325917 -0.051311114273107299 -0.050325980956881705 -0.093248515261951673 0.25370821236583435 -0.029217380453240013 0.24952516663391477 -0.0044919418471863577 0.21726131181340744 0.017392305808300163 -0.00026131583468582808 -0.0099824422836038464 0.15485112742661211 0.046242917136533182 0.056875189571599552 0.073748739566802876 -0.34497599315996219 -0.017028684840670712 -0.094320100073594523 0.096191836239248665 -0.25062425201990984 0.099122366159799913 
-0.67764688354992852 -0.061291354667046015 0.21254168047696592 -0.09149125822014606 0.2440118481639289 -0.057413080056565445 -0.051211420871425203 -0.095808320752805834 0.25358033079565906 -0.031092194153717737 0.2394274574349034 -0.0053944579088238062 0.21020579116030505 0.024058032055378653 0.0082875794135014932 -0.0013930247283258147 0.15624360566425241 0.052627419370591094 0.06555024645498414 0.080511710822320726 -0.33905755544547594 -0.02268962661904253 -0.076662477655129832 0.10610989099399773 -0.24527020204254099 0.1032662638641851 
-0.67546979542387531 -0.058025534868047443 0.22609993759989377 -0.086618453197576259 0.23897446270006648 -0.066722986903703305 -0.036712535944896228 -0.098361385591190995 0.25361981712896192 -0.034218636434717065 0.2445066824454194 -0.006092123679098063 0.21249751873086356 0.024529950989045118 0.0028095945327343392 -0.0044457160777376372 0.15317839317623866 0.054050205676206983 0.049480579631501771 0.081780002894274229 -0.33046179543381893 -0.021310846908893247 -0.090584607200786454 0.10690279172769677 -0.24793825194230296 0.10853273237374098 
-0.67742466235059062 -0.058246802356380849 0.21731534055778479 -0.089782526799071449 0.23908880704088756 -0.064130086072040737 -0.024803674946384434 -0.098763703485555174 0.25210872907328674 -0.034578426431124402 0.24168600533398815 -0.0024881162493071199 0.21386207273386684 0.020540038566196052 0.0081470772815957077 0.00037254692869249473 0.1463430937930417 0.056076773623461439 0.060235794617335768 0.081499395857038845 -0.33672807051119563 -0.017013073952968666 -0.08686697867378243 0.1016148985153613 -0.25296353394983373 0.10489908185569836 
-0.66750614078236059 -0.06048316011204076 0.21779744049114572 -0.090251347277934255 0.24438627118828748 -0.06044791056974283 -0.049793646966729409 -0.096761721694900688 0.25972587209537185 -0.031800052040173596 0.24686933929979005 -0.0047594965161291986 0.21549870797135279 0.02225432008439579 0.0048977312007608981 -0.00055163711619077641 0.15150922652784699 0.053066270891852778 0.056906444954662086 0.079561515356676618 -0.34726838790335424 -0.021140969816159795 -0.098072965071114515 0.10055773637672571 -0.23494989300565958 0.11075645243362063 
-0.66539593587007462 -0.049217715967384987 0.23069840561271857 -0.085245430559868579 0.24754128550910681 -0.062134784379018849 -0.041224947663410276 -0.10240571376823311 0.25566632884876922 -0.037460019957161583 0.25006061772187244 -0.0068702745420272313 0.2170095087140429 0.023959478798985443 0.0072160425081855238 0.0013223728812167043 0.14269687436603279 0.055659073119067967 0.047905703415245075 0.078336378747800237 -0.33062748947779447 -0.018432980069091148 -0.10158940625984486 0.10047404204778482 -0.25995698742485018 0.10201557364793 
-0.66750583541798658 -0.049276704282978756 0.22614975235929868 -0.090871128438200721 0.24460048491544314 -0.065656109618692365 -0.019352106204183872 -0.09360174127434516 0.25332440510855297 -0.038417854903919656 0.24435887541667806 -0.0033298171708896363 0.21046918894223432 0.025543857389895393 0.011141087711233729 -0.0018041497004995812 0.14501981441692899 0.053058624714262759 0.053578237909576401 0.081253621188856595 -0.33680856450215563 -0.019228334275163472 -0.096823388405276878 0.10266843090870675 -0.26815195225034466 0.099661305462967711 
-0.66912655041169689 -0.052833300986645647 0.2178195654650712 -0.090084468815458299 0.24001055138242094 -0.06435534060247862 -0.030384737160154267 -0.096704765583039864 0.2550203603583085 -0.035498408632661231 0.2534336699106739 -0.0055152812502131743 0.22288973450080032 0.022434326576480767 0.0059087335899595198 0.0034350389855186689 0.1474212645134651 0.056525562997543972 0.046469869436425892 0.079747010692882023 -0.33082239615049341 -0.015887940078697989 -0.095931740345539515 0.10027381781261824 -0.26270832508924169 0.098463748884151256 
-0.67333674583591507 -0.059118469521399951 0.22298812144463651 -0.085083511617210464 0.24332676532695049 -0.06248730190871158 -0.04011443546231553 -0.09905919540747353 0.2492964195012396 -0.039911156093997868 0.24882600288051573 -0.0056797413158735308 0.21218497063673017 0.024613080091020544 0.0075910657614466723 -0.002466592993081588 0.15247150987223115 0.053098688398668575 0.054045828273317366 0.081868336091484639 -0.33267775951444234 -0.019170259230253357 -0.096944717268251296 0.10430983684119424 -0.24765702561614261 0.10908628666563419 
-0.69063097861808076 -0.059760638132554542 0.22325182635948088 -0.084495701263883671 0.23804581664839192 -0.061798771886928165 -0.030317825328707117 -0.089001155753839795 0.24828312940510694 -0.036607358033812598 0.24472072213919643 -0.0074148426143823129 0.20517401229757379 0.023117776207433004 0.0053398527517454462 -0.0054743430841560029 0.15040742362719622 0.050730022013243767 0.056130951376928424 0.078651274693421563 -0.31487000487972711 -0.020284359974011887 -0.082298540269450327 0.10705445081601601 -0.25323638550965544 0.10528364701345436 
-0.67038432852083218 -0.055006957031794437 0.2357533823103708 -0.078133916805076184 0.24801777648444087 -0.056079784858529685 -0.056975324315803613 -0.093395141210970062 0.25302613014424719 -0.03347227658551085 0.24519496140896713 -0.0069662747191366475 0.2116909627105277 0.017848524032758578 -0.0020575775754647615 -0.0048957104345352387 0.15390378969212143 0.049624030654643984 0.05425914704858599 0.078023345874583566 -0.33776293613373759 -0.019068826668522131 -0.087239857806572271 0.098302374541982124 -0.24742612544685016 0.10322061321010705 
-0.66871929247485007 -0.053594689355590044 0.22569036656917693 -0.086523140396231837 0.24611430396722289 -0.060008799069850023 -0.05732089030641585 -0.096653219937137491 0.25458615725814981 -0.033340691628251144 0.25005660329837487 -0.00631405330758226 0.21553170702671709 0.023298028970221644 0.0013662480998959693 -0.0024451712721480722 0.16066014149927638 0.05470199547406656 0.051300270478473985 0.080399588252963602 -0.32732919959268858 -0.017821096361659697 -0.097652617261675456 0.098573423756553633 -0.25428379856165773 0.099727824874644835 
-0.68254245845718575 -0.051441865234703843 0.22305076897963394 -0.086831747075454657 0.24301932048487668 -0.061974075331849537 -0.040755651099493445 -0.089031920252858762 0.2550752212925988 -0.030547311962399681 0.2485063909406981 -0.0030394367346329013 0.21066002349976834 0.027044028837085187 0.002802148765776947 -0.003560161072442657 0.15366637164379843 0.050969166965031766 0.050652163747726103 0.075006616714209828 -0.32550033223265523 -0.019047221234069534 -0.0910671158865555 0.095088002388571624 -0.24756685167898773 0.097365923993512821 
-0.68107807915166652 -0.060997010074181152 0.22494762193220577 -0.082830106086041938 0.24172736407593898 -0.059404093378755345 -0.05565057733425139 -0.09323310710382246 0.24971711972404467 -0.036898848591786833 0.24899724692505407 -0.0067847114777874768 0.20963357676471536 0.022689910885752142 0.0024180784967752136 -0.0014509501638432071 0.15373123860623619 0.05432750128405163 0.057883471845016014 0.080319947087646629 -0.33296247070540946 -0.021122736330648977 -0.084917605300887933 0.10248953203448742 -0.23444698587777027 0.10289467191493001 
-0.6769668170078329 -0.066190792665825546 0.21561504291366429 -0.096491731913032869 0.23784024731916156 -0.064201081046334818 -0.037213814195425486 -0.09709767146237118 0.24608204039636222 -0.034579704414859427 0.2397287716655771 -0.0062098119776154842 0.21391542052414411 0.020491434867319368 0.016270435636644917 0.0050141882861827027 0.15503346218956432 0.055628963871067201 0.056828269253038237 0.086414481429857096 -0.34130857865900999 -0.025647174472493074 -0.087386038709738226 0.1108044554055824 -0.2384384413261508 0.11206444409252371 
