C:/Users/vmc04/Desktop/Wing saga/Lab reared wings for landmarking/13/13 landmakrs lab reared txt files/RMOFB 13_Format - {translated and scaled (first one is consensus)} - 1 24 26 0	from C:/Users/vmc04/Dropbox/Homework/RMOFB 13.txt - TPS like internal (simplified) format - can be converted to other format by using TET	
-0.67348225705298459 -0.049242555188681474 0.22368228718811456 -0.089828312283867257 0.24316599471230524 -0.065143295823222327 -0.049427656118119348 -0.097092006172253401 0.2525886558290702 -0.036728083392977964 0.24576664918053248 -0.0068405801632391702 0.21573191687084428 0.018973977798777953 9.078371575960095e-05 -0.0026686969537914555 0.15183449617278186 0.051265437445931483 0.059080175804626892 0.079141202527240953 -0.33348084247883625 -0.014594252429697056 -0.089179507704471458 0.10520074967829403 -0.24637069611962353 0.10755641495748536
-0.64689729001094431 -0.21504702908060302 0.24349751394059282 -0.030118877490668411 0.25262976834009587 -0.0004390506922839034 -0.014488672845365405 -0.10774303988644347 0.25034670474022014 0.026957712506225008 0.2377898549409036 0.055496007504671714 0.19897777374301595 0.07147745270380193 -0.0042148866459244616 -0.0072882414919109833 0.13391046114655752 0.089741961502807763 0.035738726351900924 0.092025025102683566 -0.30900387722933537 -0.096327721887064691 -0.112660407640022 0.07718511170349128 -0.26562566883169642 0.044080689505293029
-0.63009202273464993 -0.27013890035474492 0.23679701431439695 -0.0056472335984812062 0.24685373168155539 0.023517246766277797 -0.018643606811424216 -0.10822575074349601 0.24484238820812373 0.049664711920889532 0.23176865563081792 0.071789490128637723 0.19556447310904787 0.085868894442659549 -0.00054151555053930274 -0.0036358901250494857 0.1301958102225188 0.096931283546533631 0.035662666971230578 0.094919940073101977 -0.31632244087931044 -0.13135620068796014 -0.10613704790570164 0.071789490128637792 -0.24994810625606556 0.024522918502993714
-0.6342045158423375 0.21604157343882949 0.170476104126774 -0.1748377681953415 0.20546221803847464 -0.15312224921566536 -0.11423847805120237 -0.054195996086029416 0.22476490157596446 -0.13261314795708232 0.22838415473924395 -0.1048655403719405 0.210287888922847 -0.068673008739146862 -0.014105807200473407 9.2801363161030404e-05 0.15961834463693592 -0.010764958126677058 0.094471787697907525 0.045936674764699634 -0.29882038937845007 0.11590890258810058 -0.046679085669987665 0.12917949752012495 -0.18541712359569665 0.19191321901696726
-0.64097545166015713 -0.21074134281586182 0.24044314281004386 -0.032618941065038952 0.2507857338794463 -0.010784582140744537 -0.029613401779913388 -0.10846460890732479 0.25768079459238152 0.027138251780398397 0.24503984995200057 0.054718494632138577 0.20481866245987915 0.073105323199965586 -0.011226573212086581 -0.0073370517842770641 0.13471887854503928 0.092641328553281638 0.032442144636502211 0.094939682124259933 -0.31346006779574082 -0.09467448748145485 -0.1089065999786669 0.080000383912900527 -0.26174711244872773 0.04207754999175755
-0.67531912664100713 0.10772171997220024 0.1988048940251276 -0.13199341324619124 0.22110397618497796 -0.11415414751831095 -0.060979413137129318 -0.079590570170542871 0.23671333369687325 -0.091855065358460608 0.23559837958888086 -0.060636350334670061 0.21552920564501538 -0.032762497634857064 0.0059178333424218521 -0.0037736908270515962 0.1553216838134194 0.016295483116813746 0.072815079821972897 0.056433831004544445 -0.32745344494734124 0.062008601544506978 -0.062094367245121719 0.11775630694413294 -0.21595803414808942 0.15454979250788606
-0.67675410031208905 0.023365861816769959 0.2111486487251707 -0.11237866873779855 0.23340185045542783 -0.085674826661489983 -0.061453072470479403 -0.09235078718056712 0.24675377149358213 -0.060083644671694303 0.24230313114753083 -0.031154482422360019 0.21226130881168356 -0.0033379802595385386 0.0053065327202920587 -0.0022253201730256817 0.15996628474557922 0.031154482422360019 0.070953477824550665 0.072322905623335654 -0.33850543401218064 0.018915221470718564 -0.071467013249095102 0.11349132882431134 -0.23391538587997229 0.12795590994897851
-0.67964751082906794 -0.047302719421690641 0.23116337929235578 -0.082631141826400495 0.24109949809368039 -0.062758904223751258 -0.045943933944586651 -0.095879300228166653 0.25213963009515222 -0.030742521419483002 0.24551555089426899 -0.0042462046159506151 0.21239515488985358 0.018938072587140167 0.0037366600620365809 -0.0042462046159506776 0.15498646848220035 0.045434389390672431 0.062249359669837225 0.073034719394351924 -0.31973920758108709 -0.0053502178160978577 -0.10445663355238685 0.098427022997737007 -0.25349841557225616 0.097323009797589857
-0.66747801112186167 -0.026391370229319019 0.21757224541594547 -0.10314999957425371 0.23618039798441451 -0.081052818399196772 -0.067365090788736356 -0.092682913754489837 0.24897350287523695 -0.051977580010963857 0.24897350287523695 -0.017087293945084518 0.21757224541594533 0.01431396351420699 0.0012524718074931925 -0.0031311795187327664 0.15709574956842118 0.050367259115615619 0.068707024868193398 0.082931526110436443 -0.3371833030315366 -0.0054571985897913589 -0.080158195679558564 0.11433278356972786 -0.24414254018919174 0.11898482171184502
-0.67098500750099566 -0.02088566414207197 0.22833230292028883 -0.095351428699248328 0.24666233727282444 -0.070147631464511764 -0.055783229544014927 -0.098788310140348834 0.25009921871392504 -0.048380715670875575 0.23978857439062354 -0.015157528406904488 0.21000226856775298 0.014628777415966064 0.001498127807659088 -0.0048468840836031375 0.15844904695124634 0.046706337532903527 0.062216366600433774 0.077638270502807652 -0.3330249991261181 -0.0048468840836031531 -0.086715162513919225 0.10513332203161128 -0.25053984453970735 0.11429833920787914
-0.61002676339971906 -0.28977953232238113 0.23461089167460444 -0.014897455227187068 0.24960445951616034 0.022586464376703242 0.0047095181040784605 -0.10985671822370864 0.24585606755577161 0.060070383980593216 0.23086249971421557 0.092556447637297826 0.19712697207071447 0.10255215953166866 0.0047095181040785316 -0.0011533513724273658 0.11716127691574889 0.1050510875052612 0.023451477906023581 0.096304839597686695 -0.30265862264782023 -0.13859438992002454 -0.12523473652274034 0.065068239927778285 -0.27017255899111547 0.01009182450873938
-0.64835943648757566 -0.15313547759672286 0.23321386721636711 -0.058392344040073561 0.24592331196177139 -0.034128858617029321 -0.027907452098300149 -0.10691931488616217 0.25516654450388349 -0.0029329487874010102 0.24476790789400726 0.028262961042227336 0.21472740213214289 0.051371042397507616 0.0079100740023843562 0.0028440715514190932 0.14193694586301001 0.07678993188831601 0.042572196035304814 0.09296558883701217 -0.33062331785247184 -0.066480172514421856 -0.108785736841781 0.095276396972540131 -0.27054230632874304 0.074479123752787979
-0.66664004614740591 0.015137149095081877 0.21607199108294045 -0.11305287924155435 0.23743699580571304 -0.093936822384336705 -0.050428330985329901 -0.091687874518781645 0.25205515693182068 -0.068073921930453932 0.25093068299904314 -0.034339703947128639 0.21382304321738529 -0.000605485963803277 -0.0054493736742295251 0.00051898796897423402 0.15085250298184455 0.038751101683409631 0.060894588359643689 0.076983215397844973 -0.32929786631415253 0.020759518758969447 -0.084162548968655243 0.11633980304505787 -0.24608679528861679 0.13320691203672047
-0.66317749375193713 -0.094853939119747516 0.22668935778383914 -0.069429171933011125 0.2498027824990541 -0.041693062274753175 -0.052983081270262036 -0.10294363777007282 0.2625151660924222 -0.013956952616495218 0.24633576879177174 0.013779157041762706 0.21628831666199214 0.032269896813934669 -0.0056005606040713599 -0.0035559114946485172 0.15157072745939038 0.055383321529149633 0.05102732994820524 0.080808088715886156 -0.3338111915601239 -0.040537391038992364 -0.092275903286127559 0.096987486016536673 -0.25638121876415376 0.08774211613045077
-0.66584413457095137 -0.12477110032590753 0.23614338892051065 -0.058203755418788604 0.24945685790193431 -0.033795728952844988 -0.040111092444033249 -0.097034706614608002 0.25500413664419425 -0.0038404237446414682 0.24169066766277045 0.020567602721302147 0.21062590670611495 0.040537806193437886 0.0031576817455940889 0.0017068549976184759 0.14738692904435183 0.062726921162477481 0.050864278929029415 0.079368757389257152 -0.33189795428690466 -0.048218653682720804 -0.094474424118180397 0.087134947628421125 -0.26200224213442991 0.073821478646997313
-0.67793908074862508 0.020920182631567832 0.21814207530352686 -0.10808761026309999 0.23557556082983347 -0.086005195263111803 -0.053820298906853713 -0.095303054210475246 0.2448734197771969 -0.0627605478947032 0.2448734197771969 -0.03602920342103326 0.21930430767194756 -0.0046489294736816395 -0.002682074696354772 -0.00581116184210207 0.15305706267198277 0.036029203421033391 0.057754008461507612 0.075545103947328024 -0.33275606732775709 0.018595717894727002 -0.082876108117364497 0.11389877210520241 -0.22350622469623657 0.13365672236834963
-0.67549051201474142 0.056298492139234359 0.19777587173588132 -0.12785972484218955 0.22866692748760417 -0.10409737426394133 -0.065986219682673958 -0.086275611330255186 0.24767680795020278 -0.074394436041131037 0.24411245536346565 -0.045879615347233164 0.21797386972739261 -0.016176677124422861 -0.0018278731214037636 0.0016450858092633678 0.15262740563720981 0.025407436387511577 0.080152236373552788 0.066991549899445973 -0.32024337086993016 0.040852964263372933 -0.071926807327236095 0.11926872117159211 -0.23351079125932409 0.14421918927875282
-0.68026062145257804 0.016664455657038495 0.20795486506756869 -0.10533690128475329 0.2273382582265448 -0.088233907320950655 -0.052010643182230303 -0.08595350812577697 0.24102065339758685 -0.065429915369213901 0.24444125219034743 -0.034644526234369338 0.21935686104343693 -0.0015787379043511059 0.0084199354898720196 -0.0004385383067642681 0.1577860827737477 0.037188048413601377 0.076831911345082271 0.070253836743619735 -0.33592034298135304 0.020085054449798845 -0.075954834731553997 0.11130102225674599 -0.2390033771864718 0.12612361702537486
-0.66018683153537194 -0.12942030623993478 0.23381616950211087 -0.063611751996897781 0.24995789035417654 -0.038778335301412142 -0.046801439156876831 -0.10831190204877199 0.25740791536282209 -0.007736564432055169 0.24871621951940223 0.024546877272076155 0.21146609447617379 0.045655281463239016 -0.0033429599397768869 -0.0040115519277323245 0.1369658443897171 0.070488698158724633 0.051290556790291597 0.086630419010790216 -0.33238573115496162 -0.054920056153477892 -0.097709943382622344 0.09532211485421016 -0.24919378522508459 0.084147077341241563
-0.64997627526858204 -0.15581859024130201 0.24023109352293609 -0.052800882154736398 0.25926697436501889 -0.021447666650129447 -0.040828088321933249 -0.10318997850142601 0.26038673206161184 0.0087857911578843751 0.24694963970249459 0.031180945089746535 0.22119521268085332 0.053576099021608564 -0.00051681124458145486 -0.0046513012012328152 0.11929726229088081 0.073731737560284505 0.033075919653211709 0.08380955682962242 -0.33308484713273351 -0.069597247603632881 -0.10129500393796097 0.087168829919401669 -0.25470180837121625 0.069252706773912029
-0.61568339698954722 -0.26277891369383644 0.24487606314307644 -0.015282921201868124 0.24941727401448899 0.013099646744458418 -0.0082964429381569681 -0.1106483495015257 0.25055257673234194 0.043752820126491239 0.23465833868239899 0.068729479919258749 0.19946395442895395 0.086894323404907714 -0.00034932391318557351 -0.00052398586977830377 0.13361639679347614 0.099382653301291438 0.02008612500816967 0.094841442429879241 -0.31142226860492561 -0.11973077124435021 -0.12182671472346374 0.073270690790670959 -0.27509258163362754 0.028993884794401376
-0.64295419849434243 0.17809924886968459 0.18071973177475609 -0.16134687601226286 0.2099193984312677 -0.1406637787972338 -0.078427309801784403 -0.077397834374792016 0.22816919009158732 -0.1199806815822048 0.2306024956462969 -0.090781014925693182 0.212352703985977 -0.061581348269181595 -0.01151140704727859 -0.0019653621788036897 0.16368659289179111 -0.0031820149561583057 0.077304245699610835 0.056433971134219468 -0.32054121249536 0.10266677667369618 -0.052877601477336902 0.13186644333020783 -0.19644262920518565 0.1878324710885218
-0.65610568210573239 0.17873800054147315 0.17636303695160124 -0.16545579676107827 0.20838106460765266 -0.14258577700675587 -0.069489675407363866 -0.084267226633233938 0.22210307646024607 -0.11971575725243351 0.21867257349709759 -0.081980224657801637 0.20152005868135583 -0.051105697989466493 0.015129397683628561 -0.004222157493105682 0.16378452608672384 -0.00079165452995732957 0.081452454971163435 0.0563833948558485 -0.32792089863120655 0.098692931401344858 -0.050050158616190006 0.13071095905739624 -0.18383977417897573 0.18559900646776983
-0.66427686880570969 0.14516285707207419 0.17943110824062261 -0.15379809277767667 0.2113360317423747 -0.13489147144330502 -0.072263288273199111 -0.0758082797733938 0.22669766157655175 -0.10889486710854407 0.2302426530767463 -0.080534935106986699 0.21133603174237484 -0.047448347771836374 -0.0013634582693056684 -0.0049084497695002921 0.16406947840644584 0.0045448608976854715 0.081353010068570125 0.060083061067402029 -0.32513934862041932 0.083716337735366492 -0.052175003105429461 0.13452788257149018 -0.18924800777962356 0.17824944440722454
-0.66744375515570553 -0.071048443704736813 0.22594120951443331 -0.082681060432212461 0.24339013460564696 -0.061742350322755803 -0.040445713544761966 -0.096640200505183252 0.25036970464213243 -0.028007761813076352 0.24106361126015155 0.0022370416783606376 0.20849228442321954 0.028992060151555029 0.0060847533651410901 -0.0012527433398819596 0.15847203249507361 0.052257293606506494 0.064247837002519972 0.082502097097943428 -0.345220271804627 -0.028007761813076449 -0.092792488818402963 0.1034408072073998 -0.25215933798482087 0.099951022189156996
