C:/Users/vmc04/Desktop/Wing saga/Lab reared wings for landmarking/13/13 landmakrs lab reared txt files/RPVFB 13_Format - {Aligned specimens} - 1 24 26 0	from C:/Users/vmc04/Dropbox/Homework/RPVFB 13.txt - TPS like internal (simplified) format - can be converted to other format by using TET	
-0.66372367984348524 -0.075190134889715057 0.22538130579922175 -0.084531011562218858 0.25169687790656642 -0.052806167170832335 -0.044329987769037182 -0.098163489774782842 0.26039096068835355 -0.02474659681888532 0.25366370048538417 0.002192581763514897 0.21363505602528282 0.027904865994949624 -0.012833557553945657 -0.0064363158915363948 0.14250517364885068 0.054935138145311355 0.053322882035497017 0.084231422019601293 -0.33575405502796873 -0.026319587611724659 -0.091010207877603486 0.10117325865835369 -0.25294446851711572 0.097756037137964047 
-0.67189466626057603 -0.081678211531815662 0.22709712801011706 -0.082855921289803389 0.24427886148441424 -0.055573355728787188 -0.049452195907980993 -0.10229123450671679 0.24881815197419194 -0.024036532676423226 0.24074113417048618 0.00066004796740953744 0.21475550874940652 0.026852302313810861 -0.0064076151050949503 -0.0024486307704962404 0.15734549440279691 0.056485640572685382 0.063244926497802875 0.086801478955253905 -0.33017982184728578 -0.026718611441274027 -0.088610853496992242 0.10676548230639929 -0.24973605267128549 0.098037545829757877 
-0.66198647704846858 -0.077782008107211129 0.23394627034021495 -0.079053869225666679 0.24663679147659359 -0.051997667713240547 -0.070710280042897325 -0.10002273505366646 0.25247043163448535 -0.026384755176292456 0.24424922956187148 0.0043981205968559173 0.21665704476246683 0.029748920741623532 -0.010107285061216536 -0.0063702708960737056 0.15789217816302079 0.05608599445624219 0.070305224427510374 0.082355858792127076 -0.33543192988651294 -0.029367134739891707 -0.094101983293471914 0.098455490920931379 -0.24981921503359591 0.099934055404262256 
-0.66965899615887747 -0.072373273536332702 0.23275950145492508 -0.077905481055351208 0.24312548652747354 -0.053403709385773761 -0.049179502278793585 -0.10002924444197744 0.25209633913314516 -0.025638849956880143 0.24410613619331664 0.0029794241590076751 0.21626071380519771 0.02658222219708313 -0.00082046261344256432 -0.0037056511278441202 0.16213779541919299 0.054774345507031669 0.05051330391392439 0.083854887518692092 -0.33076013708577734 -0.030913785546602263 -0.10268958178036505 0.098246257148535091 -0.24789059652992002 0.097532858520411464 
-0.66488561532825019 -0.075010997139566618 0.23654302775616812 -0.079874209140492355 0.24647610273084439 -0.053810263671672812 -0.038304252603416099 -0.098102699269266749 0.25137586242990562 -0.030397406239762986 0.24427719852950036 -0.0027595655719470642 0.21340602970284894 0.027531112777875118 -0.0011340036905851572 -0.0026547817150411796 0.15561631519705466 0.05521697126140223 0.049921943344430827 0.08596158309188684 -0.33300893468686937 -0.024429979326373218 -0.10300405903696391 0.10237356189991081 -0.25727961434466895 0.095956673043047669 
-0.6784806322190754 -0.0775216426675336 0.23082430643178478 -0.075539770360951511 0.24264903524368403 -0.054362775893552186 -0.043989829993616635 -0.095280609785168321 0.24883037359694304 -0.025539186147929202 0.24286070773873689 0.0030955073137343952 0.21157025865835755 0.025812052085544327 0.0053981520208177692 -0.002805829911191516 0.1548216472401984 0.051447542139475388 0.057132786643852573 0.080866200769712376 -0.33232876178655135 -0.026839405773597058 -0.097859805654722187 0.10055480117653058 -0.24142823792041002 0.096113117054926839 
-0.67287500421079716 -0.066051179363847981 0.23148419427145375 -0.078097938213830001 0.24904319730268989 -0.047234414994712134 -0.048164523273128118 -0.10806914526106372 0.25309465034851414 -0.020137088167626951 0.24327005496162443 0.006632346171662246 0.21203803329520451 0.027629653107135093 0.011798198035861936 -0.0077421380848653153 0.15141648219887507 0.052432747456897549 0.050312887105815815 0.076374997159039296 -0.32929027941866562 -0.026909132030818086 -0.099049795462324064 0.096304369900364464 -0.25307809515512492 0.094866922321665603 
-0.67087455272690699 -0.078832244628163378 0.22619017856643259 -0.08339292033650797 0.24214861060420464 -0.056798856039474092 -0.043189380101302778 -0.10104199321774551 0.25007561705284265 -0.022949797073402601 0.24364536411331428 0.00070405466370372627 0.21031558697693395 0.028581050539974454 0.0097771290412205364 -0.0061261100183808911 0.15237225124345918 0.058273040995724494 0.05795788505435507 0.085391370771328801 -0.33603453091737412 -0.027657337500103383 -0.088397207788441345 0.10211843620752586 -0.2539869511187377 0.10173130563552052 
-0.66856672852408894 -0.079586833664778728 0.22643358018305676 -0.080788970864128215 0.244184602780018 -0.053892360358659644 -0.042925239247075427 -0.10531509577858558 0.25225081444551811 -0.02469234911386765 0.24659049119107088 0.0016047112784966209 0.21867483153274545 0.027447800008165199 -0.011799165721133334 -0.0074479373111157902 0.15274782040061535 0.056724444457479581 0.056618985182307686 0.083372058643711291 -0.33362376379705738 -0.025663410120706876 -0.09528946041823684 0.10534392610541028 -0.24529676800773972 0.10289401671857974 
-0.66998404491461561 -0.075428584693691625 0.23044764624628292 -0.083637557745921479 0.24893571133658002 -0.057016780374420949 -0.03648957045001943 -0.10544112067763498 0.2538639388557638 -0.026299271768280185 0.24251428627080371 0.0021114625590264689 0.20802368516768924 0.028548021121316471 0.0035675758714607008 -0.0028187332051366545 0.14595384602181141 0.060792598133673895 0.055473272548627064 0.081687522561071549 -0.33547119404214654 -0.029039170343571185 -0.10275819413378344 0.10277016156326541 -0.24407695877845401 0.10377145287030333 
-0.6685956116535926 -0.067454273883910607 0.23564192933877437 -0.083144427444071592 0.25326583829129629 -0.057022071356869333 -0.037643004357080803 -0.10223471738558707 0.26729889136922463 -0.022633107026527051 0.25294126384313964 0.0092498979231750971 0.21260038356477634 0.030354539276808468 -0.004964901527851122 -0.0085816163557318834 0.11424255030493195 0.057092318102594311 0.043132541432262701 0.078046264176726415 -0.3421549484580349 -0.02798488880082706 -0.090687560707300108 0.096326167673851409 -0.23507737144054525 0.097985915100368637 
-0.66877877089694804 -0.074762097345681233 0.23136300515906558 -0.083190362657991054 0.24675953289627478 -0.0532191511010612 -0.042889310083378956 -0.10315078303886677 0.25283663116218713 -0.029084941589156185 0.24969719833718357 0.0035495397276678847 0.21248942249780595 0.029118954062678091 -0.0031171334878215343 -0.0064437908161676001 0.14718750352958654 0.057420237077836112 0.048704998133624708 0.084835106631918136 -0.33475284359016722 -0.030771708958836016 -0.095657052207267571 0.10470740301352144 -0.24384318145014469 0.10099159499413819 
-0.66307088546217086 -0.07981141991436233 0.22359087883461901 -0.086802017788771835 0.24592932163261877 -0.05773298519426321 -0.047136134254296282 -0.10416132218522661 0.25708016231101677 -0.03266799579920359 0.25057408510479617 -0.0011827058940641736 0.21826426772091162 0.029878066457968474 -0.0070878143736716401 -0.0031503600086494944 0.14704883510771238 0.066183617170635547 0.053082695957140914 0.092203560067920728 -0.33301408727799064 -0.028954522170843214 -0.098160219462499379 0.10427259280734122 -0.24710110583818665 0.1019254924515187 
-0.67583569766088192 -0.06593088355268821 0.22938571586118972 -0.070859698022270448 0.24623187377081107 -0.045938218924786771 -0.050706157087302181 -0.10136948868302617 0.25477087198127146 -0.015401353857429488 0.24660221373540975 0.0058708744072711629 0.21967244337293568 0.024406164547384788 -0.013996891969473013 -0.0088014163774587546 0.157960395169224 0.048879007959270804 0.050966952311523775 0.07577564699604572 -0.334347927275777 -0.026023971170776563 -0.089258137610221042 0.094961288274756944 -0.24144565459871031 0.084432048403706952 
-0.67350575007773783 -0.080834279349488419 0.22432757296385292 -0.079779226460813563 0.24187630152500064 -0.055558694492875899 -0.047858182031635763 -0.096147497456111869 0.25331120920185557 -0.028687822377976031 0.2508513809321124 -0.0013474471246087796 0.21946913592027997 0.026782235525749865 0.0029269709018372261 -0.00067730569450228371 0.148369175006551 0.058885715049182157 0.049394689510335238 0.083847888027357362 -0.33013840817396911 -0.027395205904517016 -0.095731137030593855 0.10040651723007739 -0.243292958647889 0.10050512302852746 
-0.67186166988235396 -0.076745365553290604 0.22787210417711343 -0.081401051727867255 0.25031232505249124 -0.05243336460021146 -0.050476001472928453 -0.094171999596104478 0.25904071083188329 -0.031724333522201768 0.25280727505458056 0.0018933287070045184 0.2117456343274309 0.027111056452533675 -0.00079283257967809626 -0.0042368446080788312 0.14866258510766811 0.056673255217724872 0.042136253459542319 0.083786398408479734 -0.32394751541966771 -0.024949470837160301 -0.098211409805715258 0.10023127371522036 -0.24728745885036502 0.095967117943951366 
-0.67817625249854163 -0.077165544626453614 0.22288217328688181 -0.07934656263171147 0.23992056762651337 -0.057680127257497583 -0.043794976321693484 -0.096601261547828637 0.25482475237884011 -0.024134527081451366 0.25078197599159591 0.00072146188745103221 0.21158354534516829 0.027084080438466517 0.0035336276689059108 6.5632522504373398e-05 0.14801096587615251 0.057313180946264246 0.054966117189920331 0.08330441685103819 -0.32980223050234986 -0.029799235701660386 -0.089986028164591558 0.1016613855560525 -0.24474423787680197 0.094577100644826315 
-0.67330219044588646 -0.075350982603931596 0.22633434913443512 -0.07650790823708456 0.2449528564147436 -0.050707434990872755 -0.052153395636363571 -0.097226274845440927 0.25205873042150362 -0.021830547296047959 0.24571921083754239 0.0056320669511145324 0.21267951309404595 0.031436458532498143 -0.011538758877634685 -0.010134383422838131 0.16075068875401893 0.051907715835664336 0.065138649876993943 0.077090858490289627 -0.33566914860070918 -0.023418998176831133 -0.088936260281097843 0.097379343441892821 -0.24603424469159288 0.091730086321587648 
-0.66430691585544632 -0.071431892722485624 0.2349984044818976 -0.076987167115200705 0.25220550100481681 -0.050824851174539575 -0.045503390575462321 -0.099167832092100339 0.25629996708882646 -0.028779199408476817 0.24518089913275373 0.00056503206887021198 0.21150714591144082 0.026853237883847723 -0.010878164627560546 -0.0056802077994020589 0.15065300975111157 0.056047556728985683 0.055553141933133515 0.078939164770605572 -0.33139717055632101 -0.027925642380764126 -0.093864920249003669 0.10278407020611818 -0.26044750744018674 0.095607731034541732 
-0.66954654533173941 -0.078313212504949395 0.22838672203513347 -0.080458718526979986 0.24580913924681158 -0.054960067249121503 -0.053394087973823605 -0.097537625812470607 0.25521746984598304 -0.022254454659843752 0.24336704752565796 0.0026077789153623396 0.21541345609004733 0.028905688113015426 -0.01178728652537471 -0.007106307896872166 0.15281930208400515 0.055045738148831652 0.058996642746914588 0.082887883113693037 -0.33522419699985673 -0.030210071741334939 -0.081159142319095906 0.10079383992149199 -0.24889852042466254 0.10059953017917789 
-0.66734955319979505 -0.075025723613565118 0.22621225140311824 -0.08237793464234637 0.24829873464533728 -0.055377246485646091 -0.04112973344424703 -0.09710546649800561 0.25847084654890301 -0.028738232016096127 0.24742712347366658 0.00056279044832851296 0.21736969913460855 0.029995068005829472 -0.0093810757829824037 0.00055990172356636982 0.14683627416281322 0.058670943688697158 0.051044420469404064 0.08315596183138424 -0.33846399653825937 -0.03009250362147816 -0.094163223809741736 0.097993888442810262 -0.24517176706282454 0.097778552736521473 
-0.6732662297520996 -0.07179039484030926 0.22824271178684963 -0.077214413301349427 0.24686785303557013 -0.048797791644233424 -0.033159230221834368 -0.10020644129951733 0.25229263842715416 -0.025598371143931382 0.24552835251107136 -0.00030940651846559318 0.21566510863402388 0.026767714614151655 -0.010314854053578933 -0.0049508525289081815 0.14808941623205643 0.057655561352859139 0.055325221743960727 0.078142493291051177 -0.3359973938670181 -0.028505509093892791 -0.090809683895592269 0.098368184280438808 -0.24846391058056269 0.096439226832106206 
-0.66460315698545658 -0.068676620618921158 0.22747742942817614 -0.07649932591456482 0.24594014075234327 -0.052632430328433351 -0.044304224402369745 -0.10096719443308319 0.25136837245214821 -0.024265248096273149 0.2485701210003218 0.00278935179873375 0.21753931036551716 0.027026468377745229 2.0711238335743623e-05 -0.001268571540892303 0.15341024848249757 0.057792848487858151 0.056452181449626576 0.078597062097471429 -0.34353953170179619 -0.031621420925596333 -0.09347558981362411 0.096179923243543741 -0.25485601226571952 0.093545157852412103 
-0.65454079309643698 -0.071344281006566104 0.23420948849803583 -0.078824263409565554 0.24991893155313522 -0.054688254979457708 -0.065137648594328523 -0.098565221891272439 0.25445180280602525 -0.028609587440968486 0.25099876674306859 0.0023114236212758927 0.22407576748600755 0.028484292548309465 -0.0064946668615591353 -0.0062815715526175313 0.15498959247034377 0.061601958390172365 0.054869712804015355 0.083993826783507725 -0.33174218500984398 -0.022672071265268334 -0.099106281670955657 0.094637279527174697 -0.26649248712750678 0.089956470675276179 
