C:/Users/vmc04/Desktop/Wing saga/Lab reared wings for landmarking/13/13 landmakrs lab reared txt files/RPVMA 13_Format - {translated and scaled (first one is consensus)} - 1 23 26 0	from C:/Users/vmc04/Dropbox/Homework/RPVMA 13.txt - TPS like internal (simplified) format - can be converted to other format by using TET	
-0.69666408077524467 -0.010569301314278674 0.21266458635852814 -0.095011558907792906 0.23509055688103908 -0.073011970805622647 -0.031843376618195071 -0.085054275326900852 0.24756033431478131 -0.048072415938138019 0.24381449387010234 -0.020193984797462788 0.21119460297587114 0.009011575257673779 0.013672674130118908 -0.0035050933373846245 0.15097980889310908 0.04201095741092923 0.056676231025582696 0.070268879810628723 -0.31816844105986952 0.0028960954283405501 -0.078924283563922309 0.099144020752304565 -0.24605310643190167 0.11208707176770355
-0.68594701445711936 -0.15343551639172406 0.22818404870876177 -0.045702450604379788 0.24418400897420905 -0.019035850161967856 -0.01181535527294556 -0.093702331400721275 0.24738400102729849 0.0086974142981406117 0.23565069683263734 0.032164022687463052 0.19938412023095695 0.05883062312987504 0.018051237222555864 -0.0041025539142171144 0.13965093523995434 0.075897247413018648 0.04898449373575376 0.082297231519197503 -0.31048128022795918 -0.071302387029095193 -0.091815156600181358 0.079097239466108193 -0.26141473541392118 0.050297310988303277
-0.68578741640602736 0.11422507368964926 0.20721319794809362 -0.12663514290459196 0.2265274605995187 -0.10732088025316695 -0.045008349617574113 -0.081189819018886084 0.2344803922795172 -0.08914275069888461 0.23107199298808925 -0.056194890881747887 0.20380479865666568 -0.022110897967468471 0.012934438336700849 -0.00393276841318611 0.15608720857667449 0.01651762733538157 0.07087722629097587 0.059690685026802109 -0.3256332246118081 0.054010019541088972 -0.06773101156042706 0.10399987581536541 -0.2188367134803991 0.13808386872964487
-0.69513455842828431 0.037295316705575191 0.20935522318759864 -0.11039727150873005 0.23074518423932572 -0.093081588752569985 -0.035101474546423712 -0.082895893013652439 0.24296801912602684 -0.071691627700843086 0.23889374083045978 -0.042153110057982043 0.20731808403981511 -0.0095588836934457216 0.01277129542648895 -0.0034474662500951323 0.15129675747576826 0.027109620966657675 0.052495508808267477 0.069889543070111568 -0.31317096821887441 0.028128190540549408 -0.063621422615393303 0.11063232602578194 -0.23881538932477597 0.14017084366864307
-0.6831042767827189 -0.11306900118399595 0.21189968370037768 -0.072782934836216548 0.24456406182019866 -0.040118556716395609 -0.015662150534375745 -0.091292749104115195 0.25871862567212112 -0.0074541785965745828 0.24565287442419256 0.016499698691294175 0.20972205849238937 0.042631201187151073 0.0050252889415109102 -0.003098928180598507 0.1498373652727176 0.066585078475019738 0.046400167893284189 0.084006080138924383 -0.31073036621675904 -0.043384994528377692 -0.09841190843792233 0.085094892742918454 -0.26391142424501568 0.076384391910966215
-0.68491391164970161 0.11204866366954415 0.19389761840258374 -0.13156232175159335 0.21604407162268727 -0.11444915335424073 -0.06078659362860557 -0.07418287477223455 0.23114392609093948 -0.094316014063237572 0.23517055394913997 -0.068142932984933569 0.21000412983538611 -0.033916596190228306 0.022765934429057333 -0.00069691636007322103 0.16168459553697867 0.011382967214528637 0.068065497833814326 0.057689187583835788 -0.31446414869524464 0.060709158477486341 -0.061793250593155664 0.11708194849229497 -0.21681842313387961 0.15835488403885142
-0.69394415171915902 -0.015730138534242225 0.21650678113210808 -0.091772315770126831 0.23500352694624219 -0.075330763935340994 -0.022923317461961142 -0.08149634587338575 0.25350027276037629 -0.046558048224465735 0.24938988480167992 -0.018812929503264575 0.2062308112353668 0.012014980186958884 0.0079045922282624057 -0.0044265716478269759 0.14868537981361635 0.042842889877182433 0.050036068804901232 0.068532814619035279 -0.31887125048810649 0.0037942042695659835 -0.082523942863059738 0.099360724309258797 -0.24899465519026659 0.10758150022665169
-0.70033173110744873 -0.087182983725087732 0.22426675418756142 -0.066944076788906626 0.239179632982642 -0.044574758596285471 -0.0047524558797511001 -0.08398736684042761 0.24663607238018265 -0.01794461789078404 0.23917963298264211 0.00868552281471743 0.20296264162316016 0.034250457891998806 0.020812479197530282 0.00016387778895690866 0.14650674332749711 0.055554570456399957 0.047442619903031787 0.072597860507920831 -0.31153167680712762 -0.032857496685864851 -0.088903700509135569 0.084315122418341493 -0.26146701228078489 0.077923888649021111
-0.68671634582434538 -0.12709599881066294 0.22401395224162521 -0.065662120716272074 0.24341412427143289 -0.034406288001581957 -0.024954922140906347 -0.090451229421026305 0.25203642295134737 -0.005306029956870459 0.24341412427143289 0.019483078747883846 0.20569156754680687 0.045349974787627326 0.018156571258666165 -0.0020726679519025163 0.14210211478243748 0.069061296157392232 0.048334616638366995 0.077683594837306746 -0.30949077857808532 -0.045184161351475058 -0.096088886250200997 0.087383680852210641 -0.25991256116857675 0.071216870827370923
-0.70225487264131847 0.080939220208861323 0.19228118447219972 -0.11772977484925275 0.22066246948050194 -0.0988089181770513 -0.044229523930316809 -0.080939220208861157 0.2385321674486921 -0.070427633168749365 0.23853216744869199 -0.042046348160447437 0.21015088244038999 -0.013665063152145402 0.019891157014365463 -0.0094604283361006628 0.16074642335186418 0.019972015376212453 0.066142139990857565 0.056762570016603994 -0.31753078697322484 0.043097506864458589 -0.061048063194495676 0.097757759473040218 -0.22187534490820704 0.13454831411343166
-0.69226853635379637 -0.0015257049287462786 0.20966397731350928 -0.10069652529725795 0.23471765824871219 -0.07877455447895533 -0.018950861220217496 -0.083994071340456 0.24933230546091389 -0.05685258366065276 0.24620059534401342 -0.026579385863949222 0.21175178405810952 0.0036938119327543316 0.012366239948786047 -0.00256960830104646 0.14285416148630145 0.042318236707858767 0.053078471468490838 0.068415821015361825 -0.32585845267645347 0.012045038911155293 -0.081585063558224896 0.10495243904586618 -0.24130227952014352 0.11956708625806789
-0.6998009780962422 0.020844759665620868 0.21418873808953526 -0.10431212358092412 0.23370861896284958 -0.08479224270760978 -0.045310854696878906 -0.081347557847613133 0.24519090182950495 -0.06297590526096436 0.2440426735428394 -0.037714882954322224 0.21648519466286634 -0.0067127192143523933 0.012100559636398426 -0.0021198060676901965 0.1441468126029366 0.035771727392272946 0.051140321383027293 0.067922119418908244 -0.29792107776329968 0.020844759665620789 -0.076313018436848831 0.10581365287887136 -0.24165789171668775 0.12877821861218233
-0.66118285885263517 -0.071993154326349409 0.22676424562451938 -0.087981121581478222 0.24890143105469789 -0.059694717976250242 -0.061019164967799334 -0.10642877610662679 0.25997002376978706 -0.030178470736012333 0.25505064922974729 -0.0006622234957745774 0.2107762783693907 0.02885402374446332 -0.010595575932393124 -0.0080412853058340339 0.14682440934887542 0.059600114619711056 0.055815980358141982 0.086656674589929025 -0.33158476466997955 -0.026488939830982605 -0.094224943113067047 0.10633417275008765 -0.24549571021928579 0.11002370365511727
-0.6780686799752712 -0.17890921308961871 0.22688229596130755 -0.043645376739309918 0.24244362226709554 -0.018507849629960372 -0.014916774328624845 -0.093920430958008727 0.25201982307065685 0.0090237276802793351 0.24603469756843091 0.036555304990519163 0.20653286925373884 0.060495806999423363 0.0030386021780531673 -0.0041435484246179046 0.13830243852836205 0.078451183506101446 0.037752330090964389 0.084436309008327493 -0.29621767293324924 -0.066388853647768947 -0.10110258156068007 0.080845233706991856 -0.26270097012078347 0.055707706597642473
-0.6906741854318913 0.14348275395940968 0.18220032248813922 -0.1372407058741679 0.21509760293738642 -0.11969548963456923 -0.036018304491868353 -0.079122177080497527 0.23154624316201022 -0.095570817305121153 0.22715993910211058 -0.065963264900798541 0.20193869075768758 -0.034162560466526083 0.010037888137078036 -0.005651584077178356 0.15478592211376641 0.0053141760725707379 0.082411905125422263 0.050273792686542154 -0.30906573222062156 0.067819008926140692 -0.051370368701517094 0.11058547351016228 -0.21804992297770373 0.15993139418403335
-0.6931444111566627 -0.091820922991868642 0.22118141506405978 -0.068261607224218077 0.24586260301112195 -0.037971058380096054 -0.023386720047740974 -0.088455306453632851 0.25259383608759367 -0.0099242538947978895 0.24474073083171002 0.014756934052264588 0.20547520455229262 0.033828761102267318 0.018122550590500351 -0.0054367651771501423 0.14040661814640068 0.058509949049329817 0.047291227255210566 0.073094287381684886 -0.31731723105366633 -0.037971058380096179 -0.08284594555657307 0.08206926481698025 -0.25897987772424602 0.077581776099332533
-0.70291478679794861 -0.049590378724055494 0.2212620552372308 -0.077433481728591547 0.23518360673949884 -0.056015710186640755 -0.019687874609716487 -0.086000590345371941 0.2426798267791814 -0.031385272913397218 0.23518360673949884 -0.0046130584859585535 0.20626961515786496 0.018946490210187267 0.012438782703209857 -0.0014003927546660468 0.15272518630298801 0.04571870463762584 0.064912322980989395 0.069278253333771772 -0.31739489904283341 -0.01746372141112916 -0.076444969195886212 0.092837802029917815 -0.25421247299407823 0.097121356338307846
-0.67141262013993719 0.17624293300024654 0.18215609458674725 -0.1462163592298342 0.2061159181580228 -0.13223979547992357 -0.051452185233187432 -0.068346932623189346 0.22109080789006966 -0.11726490574787651 0.22807908976502508 -0.08631680030164586 0.21410252601511423 -0.052373716909005739 0.021425611462774968 -0.0044540697664550381 0.15520129306906241 0.001535886126363799 0.069345258605325727 0.05145218523318746 -0.30902028862439757 0.090386898536509871 -0.05644381514386991 0.11534504808992158 -0.20918769041075017 0.17224962907170055
-0.68321855881514248 0.10511675311561353 0.19877795830918776 -0.12665641012395487 0.21870415786372091 -0.11302269463927435 -0.045580173070085828 -0.076316537565134651 0.23758161007327838 -0.09099900039479053 0.24387409414313094 -0.064780316770404939 0.21555791582879452 -0.032269149076166882 0.015247172938488835 -0.0060504654517813177 0.14529184371544121 0.018070723482653397 0.06139205611740748 0.063166859316596616 -0.30776700931394124 0.055825627901768607 -0.068652614659545017 0.11350673187541685 -0.23120845313073554 0.15440787832945835
-0.69551999995651437 0.0471301710805824 0.20228642736071709 -0.11059257966433678 0.22351833611484079 -0.097449017102260185 -0.040363958400696662 -0.078239194896148251 0.24475024486896474 -0.071161891978107003 0.2487944179649883 -0.044874766853953842 0.21037477355276443 -0.0003888627976945471 0.017265508217639152 -0.0024109493457063875 0.15577843675644626 0.032975565244499808 0.057707239177874778 0.069373123108711909 -0.31334564238228746 0.023876175778446782 -0.076761516264908847 0.10475963769891819 -0.23448426700982788 0.12700258972704778
-0.69013630187459052 -0.018949225956763471 0.21787032742559043 -0.08678196235271407 0.24167128756452019 -0.06298100221378404 -0.039180042074854197 -0.080831722317981636 0.25119167162009232 -0.042750186095693574 0.24762152759925282 -0.015379081935924032 0.20834994337001828 0.013182070230792072 0.0084218782030061334 -0.0034786018664590174 0.15003759102963971 0.038173078376668577 0.063164086522545099 0.066734230543384621 -0.32003137171422846 -0.0010985058525659467 -0.078451626304088667 0.091725238689261135 -0.26052897136690328 0.10243567075177959
-0.68349063095567886 -0.033503582833962396 0.21268635699570404 -0.08595159994053185 0.23434966840928709 -0.065428462811874241 -0.04841355425221798 -0.083671251370681071 0.25145228268316844 -0.035783931403813245 0.25145228268316844 -0.0072795742806776058 0.21952740270525659 0.016664085702756237 0.0074549857091277434 -0.002718877140976011 0.15909816560420917 0.046308617110817234 0.053061957106144697 0.070252277094251081 -0.33573747405342441 -0.0049992257108268249 -0.067796517095950096 0.089635239937983321 -0.25364492553879409 0.096476285647535825
-0.68819643803405184 -0.11752738300001396 0.22008312485352918 -0.063463123304324617 0.24279011392571884 -0.036430993456479925 -0.008068051062279832 -0.090495253152169289 0.2460339695074602 -0.01264271919037661 0.23846497315006357 0.014389410657468056 0.20818898772047753 0.03601511453574379 0.020045363979478627 0.00033270313658883329 0.14763701686130559 0.064128529577502258 0.043833638245582 0.080347807486209122 -0.31947818690945046 -0.04724384539561776 -0.093489581381469011 0.092241944619260621 -0.25784493085636456 0.080347807486209039
-0.703962697573007 -0.065805871751029602 0.20603414307216911 -0.0806751011733364 0.23577260191678281 -0.05490177017467128 -0.010065324532023126 -0.084640229019284877 0.24965054937760228 -0.033093567021954713 0.23973772976273131 -0.0023638262158539947 0.21594696268704031 0.021426940859836936 0.018681852351103461 -0.0013725442543668751 0.1445746614599677 0.055130527550398982 0.048420311195717172 0.073964884818654292 -0.31141504082410743 -0.022189465445596308 -0.085402753605044124 0.095773087971370935 -0.24797299528893174 0.098746933855832345
