C:/Users/vmc04/Desktop/Wing saga/Lab reared wings for landmarking/13/SJU/SJUFA/coord_Jul17_Format - {translated and scaled (first one is consensus)} - 1 20 26 0	from C:/Users/vmc04/Dropbox/Homework/SJU/SJUFA/coord_Jul17.txt - TPS like internal (simplified) format - can be converted to other format by using TET	
-0.65815563991365467 -0.17063338962429131 0.23565990211853471 -0.048230070401390254 0.25120814982886081 -0.016611821701868548 -0.019790503216215102 -0.10285763869907878 0.25355603958377593 0.013180290521608271 0.24108613621878283 0.040311461022848098 0.20284162087761232 0.059981559636246962 -0.000329105914364174 -0.0042462689926496284 0.13892684421603774 0.078764677675566747 0.043915572133811559 0.088260587351000508 -0.33205984061990745 -0.079326565822042006 -0.10488846299991124 0.082103898660334546 -0.25197071231336304 0.059303280373715767
-0.6218327446545725 -0.2903311954836052 0.24602914513356822 -0.00038191422715549441 0.25000105309598525 0.029407395490972887 -0.017109757376566056 -0.11258831416543913 0.24503616814296372 0.065154567152726967 0.22120472036846112 0.087993037936625357 0.18645052569731133 0.095936853861459712 -0.0051940334893145843 -0.0083257301519897887 0.12687190626105457 0.098915784833272485 0.044454816040899361 0.093950899880251029 -0.30606606164241135 -0.13046189999631624 -0.12137234139001543 0.055224797246684061 -0.24847339618736325 0.015505717622512898
-0.61729474049160116 -0.29235572940486787 0.23303953083189585 -0.006094129990373804 0.24360268948187719 0.034045872879555274 -0.0025189070626878427 -0.10116255784020578 0.25099690053686413 0.055172190179517931 0.23515216256189211 0.076298507479480582 0.20240637074695003 0.092143245454452516 -0.0046315387926842292 -0.00081255066538310874 0.12740794433208252 0.10376271996943204 0.015438462642280328 0.097424824779443239 -0.30039998099216136 -0.13285203379014973 -0.12293891567247502 0.064679032964501101 -0.26025997812223228 0.0097506079845982065
-0.64249314918586908 -0.18331644642518941 0.24014159286133913 -0.033652294512836765 0.24973544875315662 -0.0087082691941113149 -0.022730058574459904 -0.10080928575555913 0.24973544875315662 0.012398213767887195 0.24014159286133913 0.041179781443339725 0.21519756754261368 0.064205035583701622 -0.0054611179691884948 -0.0048707268373842962 0.14804057629989117 0.085311518545700099 0.032914305598081367 0.091067832080790612 -0.33932730300443686 -0.091215429863741621 -0.10715599042245376 0.081473976188973049 -0.25873891351317002 0.046936094978430112
-0.57603555304052323 -0.34771766374202462 0.24548350572613009 0.017621340757568684 0.2514079220153127 0.063041865641301986 0.014431270448008807 -0.10481659588553824 0.23758428400721995 0.08673953079803233 0.22178584056939971 0.10451277966558011 0.17439051025593888 0.11241200138449024 -0.0013671729898113913 -0.010025935258616777 0.1092219310749304 0.11241200138449024 0.0065320487290987921 0.094638752516942509 -0.30351240373812371 -0.17788439678545695 -0.12380510963291824 0.053167838492664286 -0.25611707342466294 -0.004101518969434139
-0.67115724472952742 -0.1241113470730192 0.23734440874521584 -0.064115954862422886 0.25020056421891518 -0.038403643915024557 -0.02406408588666769 -0.10268442128352047 0.25448594937681479 -0.0019778700728768383 0.23520171616626609 0.028019826032421296 0.1880624794293691 0.051589444400869822 0.0080763027975802437 -0.0019778700728768383 0.14520862785037172 0.068730985032468828 0.053072846955527331 0.079444447927218095 -0.34761066530809764 -0.057687877125573363 -0.084059478097264079 0.09015791082196746 -0.24476142151850419 0.073016370190368551
-0.62975451864052467 -0.25647776762722585 0.23967791385251661 -0.01103990390909447 0.25215780522801479 0.020159824529651035 0.00047999582213458875 -0.10255910732941477 0.2479978414361822 0.051359552968396414 0.23759793195660037 0.076319335719392783 0.19599829403827301 0.090879208990807342 -0.0057599498656145109 -0.008959922013178221 0.11903896388936747 0.09295919088672383 0.03167972426088006 0.088799227094891034 -0.31775723425306956 -0.12335892628857838 -0.11183902655734916 0.065919426239811008 -0.25951774116741116 0.015999860737818176
-0.66874400159928393 -0.16880169575573281 0.23342950999220288 -0.046778227447349816 0.24943258780313812 -0.014772071825478888 -0.0066166571718289709 -0.10078861505925703 0.24943258780313823 0.015233699070025109 0.24143104889767036 0.039238315786428307 0.20942489327579966 0.053241008870996843 -0.00061550299272834178 -0.00076937874091029929 0.12540873476838854 0.079246010313766962 0.043392960987344166 0.083246779766500884 -0.32467782866417161 -0.080784767795587659 -0.10063473931107503 0.079246010313766962 -0.25066359378859498 0.063242932502831556
-0.64367540927254452 -0.20682314863061027 0.23873134827909154 -0.03712954140914191 0.25381522447655541 -0.0050763044895311433 -0.013923578028428233 -0.097465046198997249 0.25381522447655541 0.028862416954762517 0.24250231732845751 0.051488231250958451 0.20102165778543177 0.072228561022471202 0.0030457826937187343 0.00058014908451783215 0.1218313077487467 0.083541468170569108 0.036984504138012374 0.09108340626930099 -0.33445594722453531 -0.10312149977304622 -0.10442683521321132 0.077885014596520127 -0.25526559718784997 0.043946293152226368
-0.66964254428883652 0.027881857066511164 0.21684118552869563 -0.11710379967934685 0.23133975120328143 -0.094320339333569161 -0.039990549278253032 -0.092249115665771181 0.24583831687786711 -0.061180760648801666 0.24169586954227118 -0.03425485296742805 0.2126987381930997 -0.0052577216182563861 -0.00063729959009174025 -0.0011152742826604424 0.16091814649815026 0.03202430440210717 0.059428186776049476 0.073448777758066561 -0.34446042844455499 0.025810633398713222 -0.075201351630818647 0.11073080377843002 -0.23882802138685838 0.13558548779200569
-0.60379394104571704 0.32371606826104138 0.15122618286900591 -0.20025964614972269 0.18010673405700078 -0.18788226706915345 -0.073629537094668213 -0.064108476263461125 0.19867280267785473 -0.16931619844829959 0.20898728524499588 -0.12599537166630728 0.18629542359728551 -0.082674544884314971 -0.0014281591246810231 -0.0084102704008995888 0.14297459681529337 -0.018724752968040614 0.083150597925875383 0.036973452894520947 -0.28610787797777315 0.15868434718678501 -0.03237160682610396 0.12980379599879013 -0.15408250111836808 0.20819386350906186
-0.67247214877438866 -0.11884997383086823 0.22612624302407616 -0.071118419532104515 0.24687909271919106 -0.042064429958944008 -0.03120909319534549 -0.10639826401379941 0.25310494762772523 -0.013010440385783431 0.23650266787163363 0.016043549187377094 0.20744867829847299 0.038871683852003229 0.0071836787406165141 0.0025541968855525643 0.14519012921312899 0.067925673425163743 0.058028160493647417 0.092829093059301371 -0.33212541377450816 -0.050365569836989789 -0.099693497189223934 0.099054947967835802 -0.24496344505502665 0.084527953181255416
-0.64616891680494692 0.22713995249477703 0.15531062985519486 -0.17359982083529388 0.20708083980692663 -0.15059083863452424 -0.059439870685321597 -0.081563892032215382 0.21666791572391386 -0.12949927161715211 0.21475050054051639 -0.096903213499395152 0.19749376388993928 -0.062389740198240722 0.0057522455501923852 -0.0048672846963166401 0.15914546022198992 -0.014454360613303982 0.086283683252886004 0.046902925255414986 -0.32212575081077488 0.12359953259131375 -0.03834830366794946 0.12743436295810867 -0.1764021968725672 0.18879164882682775
-0.50952633313228368 -0.44560052011937717 0.23314120040001174 0.062045642041938673 0.23314120040001174 0.10340940340323106 0.018801709709678354 -0.10152923243226324 0.22938085845807615 0.12785162602581279 0.19929812292259058 0.14665333573549133 0.15229384864839463 0.14101282282258765 0.0018801709709678829 -0.0075206838838713444 0.086487864664520561 0.12597145505484503 0.0037603419419356657 0.099649061461295277 -0.26510410690646491 -0.21621966166130116 -0.13349213893871631 0.022562051651614047 -0.25006273913872207 -0.058285300100003025
-0.66222785634416304 0.17453710539251593 0.17591866559351196 -0.15473474251157079 0.213834817776407 -0.13278328598463168 -0.06953853011680719 -0.078902438145781142 0.23179510038935697 -0.10284948162971477 0.22979951343236249 -0.074911264231792216 0.20186129603444011 -0.044977459876875285 -0.0076753344499786817 -0.0050657207369859368 0.16793631776553411 -0.0030701337799915293 0.08611725252876111 0.048815127101864544 -0.33295600844007639 0.088726866241753841 -0.047587073589867995 0.1166650836396764 -0.18727816057948043 0.16855034452153247
-0.51963465043854395 -0.45141423706139139 0.2319811728459403 0.061708103834746876 0.23094873352824183 0.10300567654268557 0.027558187941643737 -0.10141730836161099 0.21752702239816166 0.1267517808497502 0.19274847877339843 0.14017349197983026 0.15145090606545974 0.14120593129752884 -0.00031767363621487514 -0.0033355731802566769 0.088472107685853077 0.13191397743824254 0.0069094015876743067 0.10300567654268551 -0.25842750306083184 -0.22118026921463321 -0.12627527039542799 0.026605167032998995 -0.24294091329535489 -0.057022417700576936
-0.58733257922269877 -0.3441835530416571 0.23633937308860456 0.023389678013153455 0.24115054103434824 0.049369984920168856 0.005403311692912088 -0.098813987808733877 0.23826384026690198 0.081123693362076574 0.22190586925137376 0.10710400026909209 0.18726546004201991 0.11768856974972788 -0.0051812577877238175 -0.005477329661308099 0.11606017444501479 0.11480186898228179 0.015025647584399303 0.096519430788456137 -0.30924707195871898 -0.17483044135148254 -0.11968705489642142 0.047445517741871474 -0.23996625354001125 -0.014137431963646491
-0.62726505827207146 -0.25824900712590243 0.2413694786480948 -0.018590817079244145 0.25047042257391738 0.011745662673497343 -0.015479383258450129 -0.11061147232922693 0.25047042257391738 0.045115790401513041 0.23631339868930454 0.071407406187222383 0.19181989505195046 0.08556443007183516 -0.00031114338207941373 -0.0064562251781475257 0.13114693554646725 0.097699021972931718 0.036092632321210502 0.097699021972931718 -0.30772080487652714 -0.11566755228801713 -0.1236794943765617 0.069384974203706276 -0.26322730123917276 0.030958766516900257
-0.66251191038325086 -0.14763954019131026 0.23213294741909768 -0.058369120540750566 0.24377691519960556 -0.035081184979734996 -0.029856327642327631 -0.10009333842090347 0.25348022168336193 -0.004030604231714233 0.24765823779310794 0.025079315219555285 0.20787468120970623 0.048367250780570845 0.0011942531056930745 0.0017913796585396599 0.14577351971366473 0.074566178286713372 0.049710785524475484 0.090091468660723692 -0.32774783669365198 -0.060309781837501818 -0.10651244886400407 0.090091468660723692 -0.25497303806547833 0.075536508935088939
-0.67349740486911769 -0.07618648710127468 0.222875004417392 -0.087703049104955813 0.24398870142414072 -0.053153363093912546 -0.03144907316389834 -0.096340470607716611 0.25070669592628775 -0.025321671585016772 0.24302898792383384 0.003469733424186001 0.20751958841248391 0.030341711432775122 0.0078991803486787443 -0.0022885475776545866 0.15089649189438523 0.062012256942897991 0.061643136365856999 0.083125953949646725 -0.34431567426390053 -0.031079952586857293 -0.095749877684450785 0.098481369954554726 -0.24354575673169121 0.094642515953327649
-0.62422276167731883 -0.26241611184849323 0.24471260788846186 -0.011430608856083038 0.25467954122029052 0.022094530532794813 -0.0080850648006441702 -0.10203909369088822 0.24924303213020232 0.051995330528280495 0.23927609879837378 0.074647451736981757 0.18400492304914262 0.092769148703942775 -0.0026485557105557609 -0.0050880149176466809 0.12782766245156355 0.098205657794031079 0.028158329133277919 0.089144809310550632 -0.31434174354228545 -0.12559729974793749 -0.11681524660241034 0.061056179011761046 -0.26178882233809847 0.016658021442706554
