TPS like internal (simplified) format - can be converted to other format by using TET

LM=13
153.000	773.000
887.000	596.000
906.000	614.000
657.000	631.000
916.000	636.000
914.000	656.000
888.000	683.000
707.000	702.000
836.000	722.000
774.000	755.000
437.000	747.000
651.000	802.000
542.000	830.000
IMAGE=C:/Users/vmc04/Dropbox/Homework/SJU/SJUFB/SJU 034-1.gif
ID=1 : SJU034-13
COMMENT=FB-13
VARIABLES=NA
SCALE=NA

LM=13
315.000	560.000
1075.000	246.000
1098.000	263.000
836.000	329.000
1113.000	286.000
1112.000	308.000
1095.000	333.000
898.000	389.000
1050.000	380.000
979.000	430.000
615.000	487.000
856.000	503.000
731.000	546.000
IMAGE=C:/Users/vmc04/Dropbox/Homework/SJU/SJUFB/SJU 040.gif
ID=2 : SJU040-13
COMMENT=FB-13
VARIABLES=NA
SCALE=NA

LM=13
505.000	340.000
1298.000	437.000
1314.000	470.000
1064.000	392.000
1316.000	496.000
1304.000	519.000
1273.000	538.000
1077.000	478.000
1210.000	557.000
1116.000	565.000
791.000	418.000
984.000	563.000
853.000	541.000
IMAGE=C:/Users/vmc04/Dropbox/Homework/SJU/SJUFB/SJU 075.gif
ID=3 : SJU075-13
COMMENT=FB-13
VARIABLES=NA
SCALE=NA

LM=13
527.000	451.000
1312.000	488.000
1329.000	517.000
1105.000	470.000
1335.000	535.000
1324.000	554.000
1298.000	573.000
1132.000	544.000
1236.000	597.000
1156.000	608.000
835.000	501.000
1040.000	619.000
901.000	608.000
IMAGE=C:/Users/vmc04/Dropbox/Homework/SJU/SJUFB/SJU 080.gif
ID=4 : SJU080-13
COMMENT=FB-13
VARIABLES=NA
SCALE=NA

LM=13
401.000	423.000
1197.000	614.000
1204.000	642.000
973.000	539.000
1202.000	664.000
1187.000	685.000
1149.000	697.000
964.000	622.000
1088.000	708.000
1004.000	712.000
674.000	525.000
870.000	696.000
736.000	659.000
IMAGE=C:/Users/vmc04/Dropbox/Homework/SJU/SJUFB/SJU 120.gif
ID=5 : SJU120-13
COMMENT=FB-13
VARIABLES=NA
SCALE=NA

LM=13
444.000	206.000
1043.000	783.000
1037.000	808.000
883.000	601.000
1024.000	828.000
1006.000	847.000
964.000	837.000
836.000	677.000
896.000	814.000
824.000	773.000
635.000	444.000
719.000	691.000
616.000	590.000
IMAGE=C:/Users/vmc04/Dropbox/Homework/SJU/SJUFB/SJU 123.gif
ID=6 : SJU123-13
COMMENT=FB-13
VARIABLES=NA
SCALE=NA

LM=13
537.000	748.000
968.000	92.000
992.000	95.000
813.000	282.000
1016.000	104.000
1026.000	123.000
1031.000	163.000
902.000	300.000
1019.000	219.000
990.000	297.000
717.000	534.000
937.000	402.000
859.000	517.000
IMAGE=C:/Users/vmc04/Dropbox/Homework/SJU/SJUFB/SJU 124.gif
ID=7 : SJU124-13
COMMENT=FB-13
VARIABLES=NA
SCALE=NA

LM=13
487.000	652.000
1162.000	190.000
1183.000	198.000
951.000	310.000
1203.000	216.000
1203.000	243.000
1187.000	282.000
1013.000	365.000
1160.000	327.000
1098.000	398.000
751.000	509.000
1001.000	481.000
886.000	553.000
IMAGE=C:/Users/vmc04/Dropbox/Homework/SJU/SJUFB/SJU 131.gif
ID=8 : SJU131-13
COMMENT=FB-13
VARIABLES=NA
SCALE=NA

LM=13
391.000	335.000
1212.000	538.000
1219.000	560.000
977.000	457.000
1215.000	589.000
1202.000	610.000
1169.000	624.000
969.000	542.000
1102.000	636.000
1013.000	636.000
687.000	449.000
869.000	616.000
723.000	571.000
IMAGE=C:/Users/vmc04/Dropbox/Homework/SJU/SJUFB/SJU 217.gif
ID=9 : SJU217-13
COMMENT=FB-13
VARIABLES=NA
SCALE=NA

LM=13
196.000	587.000
957.000	314.000
984.000	333.000
744.000	369.000
994.000	356.000
994.000	381.000
966.000	413.000
788.000	438.000
926.000	450.000
863.000	492.000
498.000	523.000
736.000	551.000
590.000	598.000
IMAGE=C:/Users/vmc04/Dropbox/Homework/SJU/SJUFB/SJU 222.gif
ID=10 : SJU222-13
COMMENT=FB-13
VARIABLES=NA
SCALE=NA

LM=13
333.000	455.000
1097.000	167.000
1120.000	185.000
858.000	238.000
1136.000	209.000
1136.000	234.000
1119.000	261.000
921.000	303.000
1076.000	304.000
1001.000	356.000
627.000	390.000
863.000	421.000
729.000	464.000
IMAGE=C:/Users/vmc04/Dropbox/Homework/SJU/SJUFB/SJU 223.gif
ID=11 : SJU223-13
COMMENT=FB-13
VARIABLES=NA
SCALE=NA

LM=13
427.000	698.000
1239.000	702.000
1260.000	731.000
1010.000	690.000
1267.000	756.000
1261.000	780.000
1229.000	804.000
1032.000	774.000
1166.000	834.000
1091.000	854.000
731.000	748.000
944.000	864.000
810.000	858.000
IMAGE=C:/Users/vmc04/Dropbox/Homework/SJU/SJUFB/SJU 265.gif
ID=12 : SJU265-13
COMMENT=FB-13
VARIABLES=NA
SCALE=NA

LM=13
303.000	626.000
1144.000	643.000
1157.000	665.000
890.000	612.000
1163.000	695.000
1154.000	720.000
1120.000	739.000
917.000	702.000
1060.000	762.000
964.000	779.000
611.000	669.000
833.000	787.000
695.000	780.000
IMAGE=C:/Users/vmc04/Dropbox/Homework/SJU/SJUFB/SJU 295.gif
ID=13 : SJU295-13
COMMENT=FB-13
VARIABLES=NA
SCALE=NA

LM=13
341.000	517.000
1100.000	274.000
1124.000	298.000
859.000	328.000
1138.000	322.000
1139.000	347.000
1116.000	375.000
906.000	395.000
1059.000	414.000
989.000	455.000
625.000	462.000
873.000	497.000
741.000	536.000
IMAGE=C:/Users/vmc04/Dropbox/Homework/SJU/SJUFB/SJU 379.gif
ID=14 : SJU379-13
COMMENT=FB-13
VARIABLES=NA
SCALE=NA

LM=13
386.000	609.000
1175.000	469.000
1195.000	491.000
932.000	491.000
1201.000	509.000
1199.000	539.000
1177.000	565.000
986.000	566.000
1119.000	597.000
1042.000	627.000
696.000	595.000
911.000	665.000
796.000	688.000
IMAGE=C:/Users/vmc04/Dropbox/Homework/SJU/SJUFB/SJU 385.gif
ID=15 : SJU385-13
COMMENT=FB-13
VARIABLES=NA
SCALE=NA

LM=13
246.000	461.000
1033.000	347.000
1057.000	369.000
791.000	357.000
1066.000	394.000
1061.000	417.000
1031.000	444.000
830.000	438.000
977.000	473.000
898.000	504.000
539.000	458.000
770.000	534.000
635.000	554.000
IMAGE=C:/Users/vmc04/Dropbox/Homework/SJU/SJUFB/SJU 390.gif
ID=16 : SJU390-13
COMMENT=FB-13
VARIABLES=NA
SCALE=NA

LM=13
249.000	337.000
1104.000	642.000
1113.000	676.000
857.000	536.000
1112.000	704.000
1098.000	731.000
1061.000	744.000
860.000	640.000
977.000	742.000
882.000	730.000
545.000	496.000
742.000	704.000
602.000	650.000
IMAGE=C:/Users/vmc04/Dropbox/Homework/SJU/SJUFB/SJU 426.gif
ID=17 : SJU426-13
COMMENT=FB-13
VARIABLES=NA
SCALE=NA

LM=13
174.000	419.000
1003.000	595.000
1024.000	625.000
768.000	529.000
1029.000	658.000
1016.000	685.000
984.000	701.000
787.000	626.000
908.000	713.000
817.000	715.000
472.000	530.000
669.000	695.000
534.000	663.000
IMAGE=C:/Users/vmc04/Dropbox/Homework/SJU/SJUFB/SJU 431.gif
ID=18 : SJU431-13
COMMENT=FB-13
VARIABLES=NA
SCALE=NA

LM=13
395.000	716.000
1010.000	176.000
1050.000	186.000
808.000	330.000
1067.000	198.000
1078.000	218.000
1065.000	252.000
896.000	363.000
1042.000	305.000
993.000	374.000
646.000	552.000
895.000	481.000
797.000	566.000
IMAGE=C:/Users/vmc04/Dropbox/Homework/SJU/SJUFB/SJU 434.gif
ID=19 : SJU434-13
COMMENT=FB-13
VARIABLES=NA
SCALE=NA

LM=13
344.000	552.000
1167.000	474.000
1187.000	500.000
918.000	478.000
1196.000	525.000
1190.000	555.000
1167.000	578.000
967.000	566.000
1113.000	610.000
1020.000	641.000
649.000	561.000
890.000	663.000
750.000	671.000
IMAGE=C:/Users/vmc04/Dropbox/Homework/SJU/SJUFB/SJU 472.gif
ID=20 : SJU472-13
COMMENT=FB-13
VARIABLES=NA
SCALE=NA