C:/Users/vmc04/Desktop/Wing saga/Lab reared wings for landmarking/13/SJU/SJUFC/coord_Jul18_Format - {translated and scaled (first one is consensus)} - 1 16 26 0	from C:/Users/vmc04/Dropbox/Homework/SJU/SJUFC/coord_Jul18.txt - TPS like internal (simplified) format - can be converted to other format by using TET	
-0.6700145185931452 -0.098782568212465408 0.23298474621848586 -0.071899816250167919 0.25308928088414495 -0.039370156276967064 -0.028985039161249185 -0.098029566824196779 0.25708079064307909 -0.010756103522762682 0.24616166811207454 0.01567364280435234 0.20821039814334022 0.038715485285369687 -0.0035335922377726613 -0.0056356940825366903 0.14262457962626104 0.061381429473363287 0.047519901886834207 0.080357064457730526 -0.33462770025833838 -0.041403862426402774 -0.099465969103184559 0.089091880561645465 -0.25104454616053085 0.0806582650130378
-0.65552687047706282 -0.1924613348145244 0.23754718454422319 -0.043036492923803363 0.25492216615942337 -0.0048115333703630751 -0.012652550714658484 -0.09979476620012373 0.25723883037478334 0.027621765644677106 0.24797217351334316 0.053105072013637324 0.20163888920614284 0.071638385736517388 0.0024057666851814842 -0.0036532012626831005 0.1217139737762223 0.080905042597957458 0.026730740946461769 0.08669670313635755 -0.31497723081914059 -0.085894780907963583 -0.10416078722137917 0.072796717844197459 -0.26285228597354021 0.036888422506117388
-0.66228365939602629 0.058581887935402754 0.21380186769807882 -0.12465168635878926 0.23899648416353023 -0.10403790925069267 -0.063338913421886425 -0.086859761660612184 0.25273900223559459 -0.074262453427886482 0.24930337271757852 -0.045632207444418926 0.21723749721609492 -0.010130702424919265 -0.019820939527015982 -0.0021142335495483687 0.15081532653445023 0.032242061630612537 0.055762909869338337 0.070033986328789613 -0.34277011422052911 0.035677691148628704 -0.070210172457918676 0.11240675038432153 -0.22023266141128842 0.13874657668911169
-0.65469380813145139 -0.17736792563821502 0.24458372454722169 -0.03339492163793488 0.25344360171646957 -0.0023853515455667237 -0.016782651945594806 -0.10205896969960684 0.25233611707031356 0.020871826023709236 0.23793881667028555 0.040806549654517257 0.20360679263944964 0.059633788639169273 -0.00017038225325479239 -0.0034928361917227245 0.13605022922393339 0.071816119746885329 0.043021518946829311 0.081783481562289428 -0.33573823003852293 -0.082124246068798853 -0.10870387757654285 0.074031089039197265 -0.25489185086913491 0.051881396116077241
-0.63842956751042357 -0.2233944139718371 0.24645670324165697 -0.018673570043100399 0.2576436346038829 0.019361996588468041 -0.0063679455446517758 -0.1036942483960184 0.2509314757865474 0.042854552449142901 0.23079499933454048 0.065228415173594997 0.19835289838408482 0.076415346535821049 0.0037002926813516678 -0.00077447986353865606 0.1334686964831738 0.083127505353156689 0.027192848542026464 0.083127505353156689 -0.32631418250431676 -0.11040640721335383 -0.11935595230313489 0.061872335764927198 -0.25807390119473783 0.024955462269581265
-0.65760743796320109 -0.25816726195008188 0.22931636888568754 -0.018766234394469256 0.24641644228251702 0.016573917292311634 0.024115488123733923 -0.081466503516177305 0.24527643738939506 0.042794029834116773 0.2327363835650533 0.069014142375922016 0.18599618294705275 0.081554196200263634 0.019555468551246 0.0074538781473358516 0.11987589914597892 0.089534230452117447 0.022975483230611798 0.082694201093385669 -0.30306591620227008 -0.11338664052359232 -0.10698507458529204 0.063314117910312231 -0.25860572537051346 0.018853927078555578
-0.66324979773662018 0.081453335171186886 0.2076602443858688 -0.13270487190811361 0.235024904179335 -0.10652997993175459 -0.048139836292184532 -0.089873230492253431 0.24335327889908584 -0.081544855772502922 0.24097374326487139 -0.051800660344822287 0.21717838692272662 -0.023246232734248876 -0.0053081948763245334 -0.0030201798434260443 0.15412069261604375 0.024344479950040208 0.063698338515894543 0.070745424817222 -0.32535573767816811 0.049329604109291908 -0.077884031719865271 0.11595660186729655 -0.24207199048066239 0.14689056511208443
-0.65305604923472738 -0.14101063533089137 0.23690483514516655 -0.060619766640086711 0.25502108724450279 -0.02551952819762273 -0.018987225757958345 -0.10138133386359335 0.25841788451312825 0.0084484444886327569 0.242566163926209 0.032226025369011597 0.2119949885085792 0.050342277468347928 -0.011061365464498667 -0.011932339123120472 0.14179451162365111 0.070723061080101221 0.042155125077301792 0.087707047423228934 -0.33036030871530014 -0.062884298152503765 -0.1073039547422224 0.085442515910811867 -0.26808569212383171 0.06845852956768407
-0.66612672669278439 0.16898526926816673 0.19218282471152631 -0.1523008736223658 0.2177001356992222 -0.129103318179006 -0.067629796254102689 -0.08154832952011852 0.22465940233223025 -0.10242612941914236 0.22465940233223025 -0.078068696203614549 0.20726123574971031 -0.049071751899414845 -0.0038365187848633507 -0.0073161521013673141 0.15738649154648701 0.0019628700759765218 0.084314191899903704 0.052997492051367973 -0.32164302835889197 0.086633947444239676 -0.054871140760254657 0.12027040283711125 -0.19405647342041327 0.16898526926816682
-0.65449673138375508 -0.19325070645832193 0.23981292377527264 -0.046474694352069169 0.25460430484024371 -0.012340738048289545 -0.0059515616119410353 -0.10222682298157602 0.25801770047062195 0.013828628451274942 0.24095072231873182 0.044549189124676557 0.18974978786306229 0.067305159993863009 0.0088398194530300948 0.0024506430166816172 0.11465508399474701 0.085509936689212182 0.042973775756809683 0.09347452649342744 -0.32794854941092949 -0.088573240460064193 -0.10835343052328017 0.08209654105883428 -0.25285384554261414 0.053651577472351178
-0.61623105492706975 0.28738711683599943 0.15906420189180778 -0.1887515018583627 0.18875150185836273 -0.1716242134161195 -0.086426932447012078 -0.063151386615245553 0.20816242875957175 -0.15107146728542759 0.2047369710711231 -0.12366780577783837 0.18532604416991408 -0.081420494286971706 -0.012208682530624761 0.0030741286947616091 0.16020602112129065 -0.038031363566622144 0.092838686581800403 0.039612344038213891 -0.30223076681927702 0.16064518236339942 -0.025910513284419387 0.12639060547891298 -0.15607790544546796 0.20060885539530041
-0.65278356548827343 -0.17540001904922711 0.24138716338134947 -0.043026413323970933 0.25825830920907822 -0.0079863412202266469 -0.010382243586294542 -0.10791543573831215 0.26085387010565203 0.021862609090370418 0.24008938293306281 0.046520437607820035 0.19207150634645026 0.067284924780409247 -0.014275584931155019 -0.017070804358234427 0.13496916662183006 0.085453851056424876 0.04412453524175225 0.086751631504711671 -0.32055177072684571 -0.083257607220862506 -0.11160911855266679 0.076369387918416992 -0.26215165055393863 0.050413778952680496
-0.59139415863919431 -0.31765731146250326 0.24030900966529048 0.0094712206282303209 0.25117305685649577 0.050513176683894191 -0.0011142612503799534 -0.10641194941129162 0.24755170779276059 0.079483969193774637 0.23185919518324202 0.098797830867028133 0.18478165735468627 0.10966187805823344 -0.0083569593778500661 -0.013463990108758577 0.11235467607998521 0.1072476453490766 0.025442298550343793 0.09276224909413637 -0.30289334989496808 -0.15348948723984734 -0.12544724577195035 0.05172029303847258 -0.26426562654846075 -0.00863552469044504
-0.60945681287575104 0.28896954562152677 0.15878765192125377 -0.18533790655749374 0.19664317627356995 -0.16975033770654002 -0.077252676393188224 -0.068431140175340785 0.21000394957438748 -0.14748238220517751 0.21891113177493235 -0.11964743782847449 0.1944163807234337 -0.079565117926022069 0.009592350062125372 -0.0094210580967303004 0.15210726527084509 -0.025008626947684021 0.071942625465940241 0.041795239556403393 -0.30883941360735789 0.14756802818787501 -0.047190936466349039 0.12530007268651258 -0.16966469172384252 0.20101112139114502
-0.59331181268947519 -0.32176825459711866 0.23921901293704237 0.019377348305470499 0.25164484615534849 0.053265984355396714 0.0031281817892239191 -0.10262174147426345 0.24373749774369907 0.084895378001994259 0.23018204332372874 0.10522855963194992 0.17821946804717534 0.11200628684193525 -0.0059087878240897031 -0.015640908946119789 0.1183495443589726 0.10861742323694253 0.018942878612522855 0.088284241606987002 -0.29735105785345406 -0.15910280155747347 -0.12225977159550266 0.044229014742083024 -0.26459204300519218 -0.016770530147784023
-0.61490481636282601 -0.26054250474126567 0.24067581056045709 -0.017066102930650549 0.26001739388186113 0.026168024493664271 -0.010764772617795052 -0.10239661758390367 0.26001739388186096 0.054611529378081926 0.2418135507558338 0.080779553871746165 0.20085490372227224 0.091019215630136457 -0.014177993203925137 -0.011377401953767021 0.12121309004590283 0.094432436216266638 0.01654099207124583 0.086468254848629689 -0.31454140478337556 -0.11946272051455414 -0.12567653235084239 0.05916249015958875 -0.26106761560067038 0.018203843126027425
-0.65530905252337102 -0.14480160619341959 0.23442019837377032 -0.059745728120233883 0.24896923014944683 -0.029528508278443992 -0.04201140536408364 -0.10003535457595343 0.25680332418250357 -0.00043044472709107158 0.24673091756857354 0.026429306243388729 0.21203707256503726 0.052169900923431795 -0.0050792477796739195 -0.0015496010175277272 0.14936432030058441 0.068957245279981635 0.047521097870848773 0.084625433346094805 -0.33746866603936077 -0.059745728120233772 -0.10580331391897303 0.089102058507841517 -0.25017447538530163 0.074553026732164934
