C:/Users/vmc04/Desktop/Wing saga/Lab reared wings for landmarking/13/SJU/SJUMC/coord_Jul18_Format - {translated and scaled (first one is consensus)} - 1 16 26 0	from C:/Users/vmc04/Dropbox/Homework/SJU/SJUMC/coord_Jul18.txt - TPS like internal (simplified) format - can be converted to other format by using TET	
-0.69000331459133613 -0.087513188309410683 0.22807617774905134 -0.067190712220091528 0.2490961336284282 -0.038801299057149373 -0.018508990448484093 -0.088754255551506511 0.25506939026463549 -0.013049153783661132 0.24521779849687861 0.011461924247731427 0.20589210079658846 0.033490867794932336 0.0056148746033742722 -0.0025000822258465414 0.13771034865032769 0.055209544531609325 0.047656027429370515 0.074214007209822658 -0.31830367558363615 -0.037094831599267755 -0.092817891568971841 0.08406435791033727 -0.2546989794262251 0.076462821052500338
-0.67735308077980028 0.19512972185707786 0.17877857386812807 -0.15366465596244866 0.21048715366990334 -0.13957195382832643 -0.063146146100971107 -0.069108443157715041 0.22810303133755602 -0.12078168431616339 0.23045181502657638 -0.093770671892429019 0.20461519444735238 -0.055015741023592739 -0.0032521620309513247 -0.0021681080206341803 0.15059316959988353 -0.0080400672431851297 0.066036956795149898 0.054202700515854955 -0.27805985364633568 0.10000398245175235 -0.056099795033909765 0.11761986011940516 -0.1911548571525816 0.17516506050040451
-0.50668828668198773 -0.47518853665978134 0.22830588050282971 0.083640361882326 0.22830588050282971 0.1139734544963026 0.024140834062602534 -0.092524906760384204 0.21897262123699077 0.13963991747735971 0.20030610270531274 0.15363980637611802 0.15013983415142851 0.14547320451850898 -0.0061922585513740011 -0.010858888184293378 0.080140389657636299 0.12330671376214149 -0.0061922585513739352 0.085973676698785806 -0.23369045315619832 -0.19985738831753222 -0.12869128641551003 0.01480757479676364 -0.2488569994631866 -0.082024990086315488
-0.69955964356678058 0.0078622751367934431 0.21319564673258401 -0.10385516924880586 0.235776832299886 -0.077708533328771978 -0.020935593096810364 -0.084839434034235772 0.24290773300534976 -0.051561897408738115 0.23696531575079649 -0.027792228390525482 0.20131081222347769 0.0066737916858828801 0.026603744939614867 0.0019198578822402894 0.14782905693249909 0.0351973945077379 0.056315831212380638 0.0660979642314143 -0.32518735652993175 0.0078622751367934604 -0.072040381485967531 0.10056398430782261 -0.24318199841709834 0.1195797195223926
-0.5986919978866907 -0.36154005144489637 0.23409739543216845 0.031139450570353559 0.24071558928635783 0.060921322914206787 0.015696998243911315 -0.087988038805059232 0.23630346005023142 0.090703195258060032 0.21865494310572592 0.11496990605675537 0.17343061843543028 0.11938203529288191 0.012387901316816448 0.0046666751535952072 0.10283655065740774 0.10945474451159738 0.010181836698753244 0.08408500140387061 -0.27660656364946312 -0.16740636505533452 -0.11115171729472295 0.037757644424543262 -0.25785501439592584 -0.036145520280573953
-0.67441199777546434 -0.16242148671186465 0.23283697957205512 -0.042464304854618773 0.25962353474406175 0.00062710998730435778 -0.0070773841424363985 -0.097202048032196994 0.26311743324475795 0.02391976665861437 0.24215404224057935 0.037895360661400229 0.19556872889795954 0.04954168899705523 0.0034043113596529777 -0.0028667885133919907 0.12219686038333333 0.067011181500537573 0.032520132198790255 0.077492877002627122 -0.31454045220372695 -0.078567922695149076 -0.10024801082767605 0.078657509836192643 -0.25514417769188663 0.048377056163489744
-0.68394398116200694 -0.10828417121368369 0.22556882623861593 -0.064859156536730703 0.2472813335770925 -0.03590914675209559 -0.0072375024461588545 -0.086571663875207178 0.25451883602325132 -0.008165387375153578 0.24607508316939936 0.014753370371015949 0.20868132053091221 0.036465877709492361 0.0012062504076930825 -0.0021341353366878574 0.1375125464770173 0.058178385047968822 0.045837515492339061 0.075065890755672687 -0.32689386048483943 -0.037115397159788691 -0.092881281392371451 0.084715894017217741 -0.25572508643094455 0.07385964034797958
-0.63737200502070834 0.27475011018580853 0.16479439233029231 -0.17156803570873347 0.19977608484635104 -0.15588658733946573 -0.061983476394501857 -0.071448019197255103 0.21787006373396745 -0.13176128215597696 0.21907632899314189 -0.11004850749083708 0.19133222803212999 -0.071448019197255172 0.00074231708256890748 -0.011134756238533295 0.15273173973854812 -0.026816204607800993 0.074324497892209629 0.037115854128444217 -0.29599893667434263 0.12758574856652694 -0.040270701729362028 0.11793562649313148 -0.18502253283029441 0.1927240725619466
-0.69479391944532243 -0.04206712748762502 0.22050926136027593 -0.081954192706217496 0.23940313435855665 -0.056762362041843345 -0.025111087617372945 -0.080904533095202014 0.2478004112466814 -0.034719510210515885 0.24150245358058783 -0.006378700713094764 0.20896300563910453 0.020912449173310647 0.016875296823250698 -0.0021800622690323853 0.14703308858918432 0.050302918281747364 0.062010660096921182 0.073395429724090508 -0.32111509792377091 -0.016875296823250653 -0.082842366223230823 0.089140323889324399 -0.26023484048486628 0.088090664278308806
-0.70408714872670564 -0.013358476869730051 0.21631190759770189 -0.09150556655765156 0.23491835752339746 -0.066696966656724144 -0.011927211490830472 -0.087784276572512449 0.24484179748376841 -0.041888366755796581 0.23491835752339746 -0.019560626844961976 0.21010975762247003 0.005247973055965376 0.019083538385328808 -0.00095417691926640957 0.14312653788996599 0.039980012917263795 0.057536868231766299 0.067269472808283895 -0.31707299027223779 0.0027671130658726687 -0.080150861218380831 0.095799362694350507 -0.24760891054964104 0.11068452263490697
-0.6671985769184039 -0.18492805995963413 0.23402964829374384 -0.022683294054161977 0.24705660030075269 0.0045548783241289529 0.0042815856246811133 -0.086633785724931994 0.25060940539357313 0.030608782338146439 0.23284537992947033 0.048372807802249222 0.20087013409408547 0.06139975980925793 0.0054658539889546991 -0.0001821951329650551 0.14047244751613591 0.073242443451993045 0.048099515102801381 0.075610980180540188 -0.31783940945771599 -0.090186590817752557 -0.10703964061702959 0.063768296537804928 -0.27165294325104877 0.027055977245325866
-0.66884160920692204 -0.19874990560488937 0.2302689949900526 -0.020413917995572111 0.24725337476236842 0.0061241753986715315 0.0052259630068664971 -0.081982294670217309 0.25256099344121724 0.032662268792915235 0.24406880355505917 0.051769696036770653 0.19948480665272986 0.065569504601777351 0.020087295307642968 0.00081655671982286328 0.12093205020576867 0.074061694487935245 0.036010151344189091 0.076184741959474833 -0.31641572893136649 -0.090474484556375301 -0.10835707672049645 0.059200362187158816 -0.26227801840710951 0.025231602642526975
-0.65221970679725361 -0.22571606253303148 0.23985730982425763 -0.019489539535984538 0.25399855711548369 0.011149829595005142 -0.0040792059493920578 -0.090195775992114965 0.25517699438975255 0.038253886903188365 0.24221418437279529 0.065357944211371796 0.19389825612777298 0.079499191502597863 -0.004079205949391991 -0.0065267295190274436 0.11847827057456727 0.081856066051135462 0.035987661375748548 0.078320754228329015 -0.31400820908209665 -0.097266399637727985 -0.1042463742622432 0.060644195114296306 -0.26097853173999891 0.024112639611962389
-0.6397456147269307 -0.24876197591022256 0.23667229500199691 -0.008647480094077899 0.2530437378985525 0.026278264751906796 0.0031063763444746369 -0.090504694576854436 0.25522659695142652 0.05683829149214327 0.24103801310774525 0.08084974107375785 0.19083225489164221 0.088489747758816933 0.0031063763444745748 -0.0042817619883298167 0.10460932230311765 0.089581177285253957 0.034757832611148246 0.083032600126631828 -0.30795103869007645 -0.12543043942283913 -0.10931086487853856 0.050289714333521161 -0.26538528715903253 0.002266815170292293
-0.59749945623811485 -0.36266432144637789 0.23560007008421852 0.024052965308020778 0.24664913542005848 0.056095254781956795 0.016828576434587024 -0.084227874983210771 0.23891478968497037 0.079298291987220701 0.22013137861404256 0.10360623572606856 0.17372530420351459 0.11244548799474059 0.0024647914979950562 0.00084992810275690944 0.10743091218847481 0.11134058146115665 0.016828576434586962 0.092557170390228649 -0.27486674843158804 -0.15273208006541861 -0.12238964679699649 0.042836376378948778 -0.2638176830957481 -0.023458015636090932
-0.52054431976243587 0.46141005102444166 0.10949785847356434 -0.21917655568944672 0.13535779862504224 -0.2144747483891781 -0.079749885362249251 -0.051086944704842221 0.1541650278261166 -0.20389568196357358 0.1647440942517211 -0.1768602899870288 0.16239319060158675 -0.1333685724595437 0.001356290567385181 -0.001717968052021314 0.13418234679997473 -0.066367818430715361 0.081287014671952332 0.019440164799187708 -0.22785681532071192 0.2086879086350012 -0.0033455167328834607 0.13228354000563558 -0.11148708463906258 0.24512691521208335
-0.6499283093123327 0.22571910655689797 0.18496948415852293 -0.1660969631860035 0.22158780843356046 -0.13924352538430934 -0.073800007385075597 -0.07699237411674556 0.2313526949069038 -0.12337558486512649 0.23257330571607174 -0.096522147063432234 0.20083742467770588 -0.058683211979226796 -0.018872520972519218 -0.0013145039483346758 0.14590993826514959 -0.0086381688033421809 0.064129014050899075 0.052392371655053623 -0.28862750979862906 0.096334360785098688 -0.051829012820053151 0.11708474454095331 -0.1983023099202032 0.17933589580851697
