C:/Users/vmc04/Desktop/Wing saga/Lab reared wings for landmarking/13/SJU/SJUMC/coord_Jul18_Format - {Aligned specimens} - 1 16 26 0	from C:/Users/vmc04/Dropbox/Homework/SJU/SJUMC/coord_Jul18.txt - TPS like internal (simplified) format - can be converted to other format by using TET	
-0.6986042508815733 -0.093994175586060047 0.22550604863229118 -0.068714096054813795 0.24886094708200254 -0.043051146012187902 -0.029990973481087237 -0.088678938834116858 0.25742430442877895 -0.018759948320578687 0.24870303903697713 0.0069120423879483741 0.20945335153150682 0.03199067194233169 -0.0021045003821860398 -0.0032936800703891262 0.14109325177406637 0.053250725020736966 0.038636576493369136 0.076197292359033261 -0.29479358147450985 -0.020367204949710949 -0.098695065507457699 0.085093492946486535 -0.24548914725217816 0.083414965171320674 
-0.68904882451234584 -0.08802773808151057 0.23400211676702817 -0.066047668819791919 0.25178099901836792 -0.04147109758983638 -0.034671390355837994 -0.089115278886670188 0.25926264669874599 -0.015205112010231009 0.2523442408270839 0.0070787714813421321 0.20691175087910446 0.029865538335108206 -0.01138174013987887 -0.0051687048623732549 0.13720432639553565 0.052933926093232414 0.045373922431705703 0.073287272525561775 -0.30648213685366216 -0.024958031794740796 -0.095589608202027193 0.087426187577999345 -0.24970630295382029 0.079401936031910175 
-0.69401226997079146 -0.088275021425072778 0.22543730440695392 -0.07359552803770919 0.24421414631061233 -0.044595757009565709 -0.0090872031952179948 -0.086910594081811871 0.2476870657713682 -0.017717603329949014 0.23853691506482597 0.0050108860635446244 0.19848733226526041 0.034254365324188636 0.026088091518139522 0.00555486993918493 0.14159538408870187 0.055163700550800512 0.046705839537533239 0.073205042679947027 -0.32318645693122899 -0.036866601056923819 -0.085167277919447879 0.089718817849430296 -0.25729887094670917 0.085053422533936676 
-0.69484364872746951 -0.079596613969644278 0.22582204263305769 -0.06910615740281037 0.24423382782960609 -0.044779904586699101 -0.022343581127368173 -0.086539326950437312 0.2526158151540725 -0.015863316039736338 0.24666687716661453 0.013546776448207218 0.20738084018341799 0.036379072093531736 0.013206299650160356 -0.00091192410569084707 0.13905883164432489 0.056730402686107753 0.04425075733787534 0.072220687719471863 -0.32118364199967953 -0.037109974761862626 -0.08535642932460627 0.080589229696093709 -0.24950799042000588 0.07444104917346861 
-0.68932350220331928 -0.0777521150795005 0.22579617090980969 -0.070939167217353424 0.25770724149796592 -0.031492074232199435 -0.019046526358566813 -0.095580109550186018 0.26405551370765956 -0.0088104821035079484 0.2449818416979809 0.0076508673609795384 0.20019489869055238 0.024970166393599058 0.003023556832774249 -0.0032658714446473116 0.1295474182194859 0.051381295879993759 0.04185593472717853 0.072875137821380914 -0.32184336583202161 -0.039057168600289863 -0.089748511437427264 0.090453702098380606 -0.24720067045207222 0.079565818673350414 
-0.68675923410450734 -0.088693773599731324 0.22362310763967888 -0.071279108348067902 0.24615409752074169 -0.042961436543463037 -0.0097086441488419776 -0.086329465749367187 0.25418152189213944 -0.015435846922433986 0.24639620415925287 0.0077148603385233114 0.20963822836777288 0.030487160944739598 0.0011447670895696324 -0.0021677366057705895 0.13911903662879274 0.054224704451570557 0.047964071935885401 0.073725257441274616 -0.32782104654749677 -0.027758064945424942 -0.09042228130545743 0.087335709625227617 -0.25350982912753062 0.081137739912923168 
-0.68998028485685758 -0.075219029108873958 0.22796247093915703 -0.068013928454232778 0.25066503526458539 -0.037123473499734605 -0.018698826862197433 -0.092720680903111724 0.25451202244150689 -0.0072132225505603638 0.24485611436799015 0.012271722889712889 0.20168687488793913 0.032175230051813337 0.0061357490580923758 -0.0093212882499549444 0.14609882173871738 0.051973333928944099 0.04636285081314636 0.068936229075073172 -0.32042573851500261 -0.034940518695887754 -0.093183185854677289 0.082749231344317151 -0.25599190342239969 0.076446394172495519 
-0.69115495472410937 -0.082541276180876019 0.22491604069576726 -0.068946346426204841 0.2423076041122203 -0.042694864734133489 -0.020346976461160918 -0.082232054246315536 0.24940422355570493 -0.02019954147644178 0.24146312442112663 0.0077254419303182274 0.20738651039301043 0.033071189321893353 0.016973759038342869 -0.0011915613613857627 0.14384700530279487 0.058797549210428714 0.05762187070640766 0.076889083011399198 -0.31958306762789718 -0.035585736510697012 -0.087903116090865721 0.084154008615593162 -0.26493202332134275 0.072754108846421819 
-0.69870586455291184 -0.087904930156101971 0.22479170179346578 -0.06806468162263779 0.24066405322564027 -0.041423828259893179 -0.0025563424354859226 -0.088553953613934602 0.24790229846395459 -0.015703231541282437 0.23566837430034127 0.0054470339353474579 0.20837019476321531 0.027486604077421945 0.019077184672674316 0.0010737391965736723 0.13808320611975841 0.054923906169542867 0.05008335275585897 0.072988567286639286 -0.31558046510853871 -0.030853008228960196 -0.089852603006077281 0.08676513228091183 -0.25794509099189489 0.083818650476373199 
-0.68842679124614148 -0.073626635784331956 0.22719579355738168 -0.060551461579987018 0.24449103672173222 -0.035802843901652198 -0.0099063512159204593 -0.086171973460526796 0.25224584473285977 -0.010677333138490409 0.23761715050767868 0.0097462440860003694 0.20819489663605439 0.027814138316925432 0.0053629397973889645 -0.0010712756996356086 0.15053766283804873 0.049349529898975834 0.059788082602189221 0.066753043793826003 -0.32829310065954281 -0.037136928078419194 -0.095205130394481058 0.080373275740921096 -0.26360203387724734 0.071002219806395248 
-0.69352938640918027 -0.076600348376252833 0.22296491816632794 -0.061050662312062652 0.24439924289250781 -0.037957172303306398 -0.0094411415867316738 -0.08160436369632916 0.25434304445839767 -0.012786514237616666 0.24938530261680494 0.007526827702446141 0.2079672309811639 0.029037542200171428 0.019912170475529557 -0.0027697769958233459 0.13217801558061804 0.051367962336116686 0.048988241334313953 0.068563825142958432 -0.32746349267976688 -0.032744569517372618 -0.096097744002995061 0.077531687431895688 -0.2536064018269899 0.071485562625174678 
-0.68512825232573094 -0.08329204454928843 0.23037293714875715 -0.069567816243644096 0.25064984792382006 -0.042593889849498377 -0.022983492148636025 -0.087313670273622801 0.2575101332582736 -0.016345935222431749 0.25054634519445579 0.012880252040077311 0.20629232705247072 0.036879953609442975 -0.0053622823889361137 -0.0055212360005169915 0.13306030770093014 0.055067873231513367 0.051675321385486306 0.0689848785886919 -0.32745021711180572 -0.028952775045983009 -0.089136197275008017 0.081238927142321254 -0.25004677841407547 0.078535482572938242 
-0.6826755071568642 -0.071492126484071827 0.22603932920166037 -0.070673727703816025 0.25103106155484678 -0.041292694543821458 -0.020839190635027701 -0.088127620234068449 0.26118534206252669 -0.012386454812925423 0.25382148380024955 0.014514088192610445 0.20740031761138139 0.035106882803032438 0.0018690360217064586 -0.0049487133749875865 0.12450885665934788 0.058868007014944906 0.055398737685656931 0.070947159734900678 -0.33011326288633835 -0.039898258491300465 -0.092207116809288683 0.077303092809792959 -0.25541908710985667 0.072080365089709969 
-0.6927336652827234 -0.093011178032367248 0.22551295686629527 -0.07231766346625168 0.24847006011324599 -0.047382516183028793 -0.018313103940828031 -0.083917615153521558 0.25067586545026532 -0.023024037940045049 0.24319995079206683 0.0067719913305436495 0.20421827535736969 0.033456914099189959 0.0025988771372598097 -0.00020835674664606372 0.1430303659606563 0.05899525732562734 0.052488940068411608 0.078070109170893603 -0.31302864112969359 -0.029864485713986842 -0.094989467714663961 0.088267671361928104 -0.25113041367766109 0.084163909947664345 
-0.69083433169597874 -0.081323736839164718 0.23645063671517114 -0.064181305464878477 0.25015558709876606 -0.041753246442527064 -0.014961455952804046 -0.0935204521499967 0.25477990877844525 -0.02067614593837927 0.24164640451992009 0.0052147816551635015 0.2076253051669624 0.032410756362442318 0.0021848722477103484 -0.00013142142948945241 0.13884657557645722 0.055957286984737349 0.039601438013120341 0.073601799359735529 -0.30740927802913126 -0.031127275501655925 -0.10094512621479299 0.085558219547347492 -0.25714053622384581 0.079970739856665418 
-0.68416882061050388 -0.072587514180218429 0.2380963107065249 -0.071498657871491608 0.25979019478942911 -0.031606500899490568 -0.03397996733987841 -0.10109217863786947 0.26186682877468886 -0.013090774193555641 0.25153406885451274 0.011725169974436841 0.20670457433712092 0.032443943463790995 -0.01651535401953055 -0.0092272991767873846 0.13569341209219074 0.054328868565374118 0.035707350422989836 0.074715970023492839 -0.30217002122647824 -0.035769075364355439 -0.096760596435806978 0.083859829188404733 -0.25579798034525858 0.077798219108269034 
