C:/Users/vmc04/Desktop/Wing saga/Lab reared wings for landmarking/13/TLC/TLCFB/coord_Jul24_Format - {translated and scaled (first one is consensus)} - 1 20 26 0	from C:/Users/vmc04/Desktop/Lab reared wings for landmarking/13/TLC/TLCFB/coord_Jul24.txt - TPS like internal (simplified) format - can be converted to other format by using TET	
-0.66688709929642909 -0.062659383581605679 0.22742401312987379 -0.083493156624470224 0.24654542126510556 -0.056209475762855877 -0.043871667069399767 -0.096735445243496365 0.2556780341058133 -0.028355006598697313 0.24991307225011633 -0.00072885275555655753 0.21549453760669929 0.025584487991732619 -0.0024324363046885227 -0.0028978483052246461 0.1509383805889466 0.054865927912251665 0.054475157458971434 0.079866455563689084 -0.33742809106789828 -0.023674542517834681 -0.097411609848048572 0.098474154226631055 -0.25243771281906208 0.09596268569543645
-0.67608041863844948 -0.0040274846225483388 0.21632067405998581 -0.095943633674929557 0.23377310742436197 -0.075000713637678199 -0.06640874644290834 -0.088962660329179072 0.25355253190398847 -0.0459133246970512 0.25238903634636339 -0.021479917986924515 0.22562863852098658 0.00062649760795190947 -0.012887950792154655 -0.0017004935072982147 0.15930939173635689 0.037858355451954422 0.065066251568725544 0.068109239950206416 -0.3305222380238011 0.0052804798384522402 -0.082697684249659315 0.10650459335183407 -0.23744259341379489 0.11464906225520961
-0.65811803197765861 -0.11739632984662958 0.2334295673292926 -0.064235727651929433 0.25004225551513626 -0.0354404014631335 -0.031265931098485605 -0.10189115420650872 0.25447230569802815 -0.0077525878200604206 0.25004225551513626 0.019935225823012506 0.20906429132338833 0.044300501828916886 -0.0035781174554125315 -0.0033225376371687539 0.14704358876290471 0.067558265289098154 0.049582484739287593 0.085278466020664828 -0.3402619313551804 -0.054268114740423132 -0.10214673402475247 0.091923541295002381 -0.25830600297168432 0.075310853109158596
-0.64019822342429722 -0.18442300692979047 0.23250442235848617 -0.046001769432645029 0.24872566112768291 -0.017884955566037381 -0.016221238769196736 -0.096828317576128156 0.25629557255330815 0.016720353808248895 0.24439999745589724 0.045918583592803049 0.20655044032777159 0.066465486033785562 0.0032442477538394518 0.0015805309569986532 0.14274690116893118 0.084849556638875154 0.038930973046072279 0.092419468064500285 -0.33740176639929181 -0.093584069822288757 -0.11246725546643051 0.08052389296708945 -0.26710973173277258 0.05024424726458887
-0.66423707626584971 0.038707650518282462 0.21103859347161594 -0.11931266885813567 0.23457353465533778 -0.092415593219596498 -0.035517933214994205 -0.086812035794900752 0.24802207247460742 -0.067759940550935496 0.24802207247460742 -0.03974215342745703 0.21552143941137247 -0.010603654819039495 0.0093105261825712458 0.0017241715152909729 0.15500301922465898 0.030862670123708476 0.059742543004832407 0.070087572096578246 -0.33811003414856095 0.029741958638769342 -0.092674218946890138 0.1171574544640219 -0.25069453832330835 0.12836456931341333
-0.65645609094155188 -0.1367097442206423 0.2262151512271052 -0.064324220077068131 0.24458162750234042 -0.032993172313431518 -0.020111707052520068 -0.099976791670171733 0.25646581803337498 0.00049863736493851855 0.24782277037444075 0.025347399384374459 0.21325057973870387 0.052356923318543955 0.013380102625850106 0.0069809231091391829 0.14518657942459703 0.07396454246587944 0.044711150389486587 0.090170256826381065 -0.33342218468888546 -0.066484981991801709 -0.11734599321553001 0.084768352039547121 -0.26427780341741169 0.066401875764311988
-0.67402756488583382 0.10731216966904322 0.18412418161411498 -0.13642988398342931 0.2200677102633275 -0.11396517857767141 -0.054001695686917935 -0.081391355739322532 0.23803947458793376 -0.090377237901625732 0.23579300404735798 -0.061173120874140563 0.21220506337131226 -0.028599298035791716 0.014515655800643554 -0.0038881220894581071 0.15716653512720563 0.01633011277572391 0.080786536747629145 0.053396876695224388 -0.33593374852917868 0.063505994127815338 -0.062987577849221044 0.11742128710163421 -0.21574757460837421 0.15785775683199826
-0.66593542850759757 -0.076088049101745936 0.23005556357900847 -0.074862343230218398 0.24966685752344869 -0.049122519928140762 -0.04082543402856998 -0.094473637174658481 0.25824679862414124 -0.017254167268425633 0.24721544578039384 0.0072599501621245007 0.21289568137762355 0.0317740675926746 -0.00037714026816228175 -0.0049971085531505489 0.15038468192972085 0.055062479151697194 0.054779623950575451 0.078350890710719809 -0.33744625493822611 -0.030736931855228189 -0.098433609990362603 0.090607949425994858 -0.2602267850319932 0.084479420068357319
-0.66756761067369985 -0.076709714926217948 0.22582848570384284 -0.084696653208009509 0.24636632699987829 -0.055030882447069406 -0.051432371792635767 -0.099529538588479502 0.25321227409855679 -0.028788085235468466 0.24978930054921766 -0.00026330565764149961 0.21555956505582521 0.024838500370846343 -0.0069337156512255856 -0.0048272703900938243 0.15052306761837961 0.057927244681125666 0.055820799419993877 0.087593015442065811 -0.34010314112024526 -0.026506102869242303 -0.093649045567819791 0.1024259008225359 -0.23741393464006794 0.10356689200564898
-0.65627720518412225 -0.12048804553482058 0.23216640384072895 -0.071901285666273962 0.25067564569541345 -0.042980595268329591 -0.051256362059126016 -0.1008219760642184 0.26108709423867321 -0.0094325944067140417 0.25530295615908433 0.024115406454901293 0.21712764483379773 0.047251958773256823 -0.0026696021905794052 -0.0024916287112074901 0.13962019456730682 0.066918028243858993 0.040133019598378158 0.083113614866707819 -0.32658133464755656 -0.046451078116083039 -0.096372639079919484 0.093525063409967732 -0.26295581577207905 0.079643132018954593
-0.66352898660780946 -0.077328566108428906 0.22940214024101899 -0.080803006290720084 0.24909063460733558 -0.056481925014681945 -0.032339020158248362 -0.10049150065703667 0.25835580842677869 -0.024053816646631098 0.25372322151705712 0.0060579982665589669 0.21897881969414551 0.032695372997457936 -0.003385351972488754 -0.0055234690077449033 0.14485742913860081 0.058174601000926321 0.037149783487574924 0.081337535549534073 -0.32535014219813629 -0.026370110101491904 -0.10414411725893241 0.097551589733559416 -0.26281021891689538 0.095235296278698686
-0.64533269521143033 -0.17942561333350324 0.24203187746084959 -0.049160048712854829 0.25650582908536607 -0.011305098310273201 -0.038540107875931505 -0.11484952147027587 0.25761920997955967 0.012075900467791847 0.24759878193181747 0.039910422822631256 0.20974383152923595 0.06217804070650277 -0.020726013568834224 -0.0079649556276924719 0.13514731161826635 0.079992135013600044 0.03494303114084453 0.094466086638116537 -0.32467899768368058 -0.074767809279307068 -0.099776057056578271 0.087785801272955086 -0.25453600134948529 0.061064659812309227
-0.67941895951175268 0.048660499470476605 0.21344462379536402 -0.10976903368921458 0.23834069329188701 -0.08374132467012245 -0.059280501143818574 -0.08374132467012245 0.24739380947244086 -0.063371813263876434 0.24513053042730254 -0.035080825199645907 0.21004970522765648 -0.0067898371354153941 -0.0015668854927881574 -0.004526558090276884 0.16252084527974917 0.02489606949652292 0.071989683474211405 0.057713615651030323 -0.3297423470378627 0.032817546154507479 -0.081913291595202886 0.09958427798609161 -0.23694790618718636 0.12334870796004531
-0.65396273200668154 -0.091793140359216277 0.23607572838240423 -0.067619256249883006 0.25255792209331346 -0.036852494656186278 -0.046319190531169945 -0.096188392015458618 0.25805198666361623 -0.008283358890610628 0.25036029626519202 0.012594086476540763 0.21849472175743462 0.035669157671813299 -0.0012678610546852831 -0.0049869201484288297 0.14926950817161685 0.058744228867085954 0.049277532992102295 0.077424048406116081 -0.34409749024159236 -0.045642997968671044 -0.10675390080450273 0.089510990460782675 -0.26168652168704731 0.077424048406116081
-0.66337053821614422 0.016143973275171676 0.21876378758975915 -0.10394301509789659 0.24008764533824795 -0.078129924139199697 -0.053957129930386545 -0.088230698862168055 0.25018842006121655 -0.056806066390710945 0.25355534496887244 -0.032115283734566034 0.21764147928720709 0.00043165703944318245 -0.0045755646180967178 -0.0040575761707650412 0.15815913925194905 0.034100906116004318 0.0616406252324736 0.072259388402773739 -0.34687959689646902 0.016143973275171707 -0.087626379006947822 0.10592863747933491 -0.2436272330616813 0.11827402880740738
-0.66685340165499074 -0.037668159905619628 0.22888697614560746 -0.083885722396559587 0.24429283030925411 -0.05857610484199717 -0.051719653263670805 -0.090488231323836626 0.25089533923653123 -0.040969414369258064 0.24759408477289266 -0.012358542351057137 0.21238070382741447 0.017352747821689943 0.006602508927277183 -0.00025394265104908455 0.15075728717282794 0.045963619839890869 0.068225925581863606 0.074574491858091757 -0.35103339130023448 -0.01345896050560345 -0.09023428867278771 0.09988410941265409 -0.24979492108198512 0.099884109412654049
-0.65374286978668872 -0.12558071584732833 0.23819769206715866 -0.061379338644480759 0.255394489532207 -0.036157369029076264 -0.036951067373616898 -0.10150519939626045 0.25654094269654359 -0.0063495867563255898 0.24736931738185094 0.023458195516425154 0.21182926928741741 0.044094352474483248 -0.0059968319365297906 -0.0029102272633158965 0.14533498575589682 0.0727556815828974 0.050179373115961969 0.08765957271927273 -0.32700371795076782 -0.053354166494124701 -0.11376342938416675 0.088806025883609321 -0.2673881534052665 0.070462775254224286
-0.66886125146576314 -0.027582839602090115 0.22816886661007579 -0.095771236520043754 0.24580379684747763 -0.069906672171854423 -0.045760383077565657 -0.095771236520043754 0.25520909297409206 -0.038163797744531089 0.24815512087913133 -0.015826219443822041 0.21641224645180793 0.013565330951847651 -0.017544494697722818 -0.0064209233172078045 0.15410215961298826 0.050010853442478152 0.057697874315191557 0.08175372786980134 -0.33262191493930188 -0.0099479093646880849 -0.098665173789771091 0.10409130617051034 -0.24209593972063925 0.10996961624964414
-0.66719167559164327 -0.051153122660166882 0.23014503035056144 -0.094646483407365506 0.24731346222445566 -0.0648878681592822 -0.060573749380713859 -0.10151385615692324 0.25761452134879231 -0.035129252911198887 0.24731346222445566 -0.0030815134132630671 0.21183203635174097 0.020954291210188741 -0.0090684537590313211 -0.0042260755381893162 0.15460393010542689 0.055291154957977283 0.058460711611619226 0.083905208081134317 -0.33069041086331669 -0.014527134662525851 -0.098344299503281385 0.10450732632980744 -0.2414145651190667 0.10450732632980748
-0.66836624220721252 -0.059691118111074422 0.23222894856352297 -0.081214776758425339 0.24922131065353659 -0.054026997414402998 -0.049844262130707341 -0.10160561126644199 0.25715107962887662 -0.02910486634904938 0.25035413479287111 -0.0019170870050271435 0.21523658647350905 0.029801988896332093 -0.010195417254008358 -0.0053155594230299835 0.14953278639212211 0.058122592379688559 0.049844262130707535 0.083044723445042198 -0.33191747282493761 -0.027972042209715088 -0.09629005184341187 0.094372964838384907 -0.24695566237486835 0.095505788977719108
-0.6664847197302427 -0.081864976504643833 0.23084284253534149 -0.075945929260147829 0.24268093702433322 -0.05582116862886171 -0.031962855120278001 -0.097254499340333284 0.25333522206442605 -0.026225932406382033 0.24504855592213187 0.0010016849182992794 0.21308570080185379 0.027045492794081336 0.0035514283466974864 -0.0013659339794990281 0.14915999056129756 0.059008347914359563 0.054455234649362638 0.08386834634124242 -0.34093712128296605 -0.028593551304180405 -0.098256184258632639 0.10162548807473024 -0.25451903151332528 0.094522631381335084
