C:/Users/vmc04/Desktop/Wing saga/Lab reared wings for landmarking/13/TPN/TPNFA/coord_Jul24_Format - {Aligned specimens} - 1 20 26 0	from C:/Users/vmc04/Desktop/Lab reared wings for landmarking/13/TPN/TPNFA/coord_Jul24.txt - TPS like internal (simplified) format - can be converted to other format by using TET	
-0.67681410106944984 -0.072357140643976359 0.23037926543009554 -0.087451402214868593 0.24830237771782315 -0.063386413516013734 -0.041142863664176833 -0.099510932611644343 0.25366200010917728 -0.033775551468716115 0.24532164112742907 0.0013687671965517507 0.20973032016514781 0.033942101377020896 -0.010351690945010952 -0.0048344715899663977 0.14576396247607795 0.06279554286549037 0.050037927090979956 0.085618858517085852 -0.3215020209591013 -0.030966485274022133 -0.092271842109503968 0.10679659674257681 -0.24111497536948773 0.10176053062048225 
-0.68126571947796766 -0.07335264702714539 0.2313428965227313 -0.086107505948929158 0.24120626363788694 -0.062941713537051927 -0.038909702352271154 -0.10167674760668843 0.25408705881041549 -0.025272960066573633 0.24346420287757983 0.00067170659590126301 0.20852661289634414 0.035235377214298418 -0.015251268870838731 -0.0036505558674054138 0.13902923566071251 0.064825478559764449 0.051820626263686317 0.087716656495514564 -0.3532836575726902 -0.032709182503305831 -0.07933014652533929 0.1004659694759808 -0.20143640187024817 0.096796124215640988 
-0.66818061671810802 -0.079229626594160454 0.22815391980520966 -0.087426394773327032 0.24328914463945425 -0.061601928998191308 -0.0385740288851961 -0.10204134671976282 0.25328408742708225 -0.031497061678290313 0.24556416387491187 0.0010453906406206982 0.21373953555130845 0.029881700611012561 -0.002158343576659691 -0.0034940897826697356 0.14539969221916035 0.061524762206572631 0.048674742570813612 0.084321399406996761 -0.34742617095692935 -0.027015485602749981 -0.090893732746685954 0.10691445232985089 -0.23087239320436145 0.10861822895409801 
-0.67074368856905153 -0.063872381750540996 0.22975016789259051 -0.085118985062248673 0.25095748144779773 -0.054785430347691004 -0.044609743723486105 -0.1070366342229679 0.25971795493896949 -0.02284083042778742 0.24940452371063387 0.0026701885361553653 0.21722601906540742 0.029178447158045757 -0.0023305128444016461 -0.0035855967267852443 0.13189913423354438 0.057067379548433418 0.04103386632120095 0.077905392146987815 -0.33968442642480495 -0.034107123416501378 -0.08920682212495426 0.10471270953933147 -0.23341395392344585 0.099812865025568728 
-0.66958196135162862 -0.067508974482957451 0.22798255016207872 -0.084017999698223531 0.24549598862181068 -0.056260378708198978 -0.037738683975904304 -0.098242706717237296 0.25230747240931828 -0.024082234879642443 0.24719742777948597 -0.0003716910334162858 0.21094811353650328 0.026913247600959631 0.0074210921776229535 -0.0019853478437894742 0.142484515559022 0.057784627658799083 0.059925267650876662 0.078062472762240168 -0.3401698680772049 -0.030344708277812524 -0.092497851509575665 0.10019836328243843 -0.25377406298240557 0.099855330336840312 
-0.67034151842963774 -0.080309384233540893 0.23110970604388095 -0.084227237119812573 0.24739166257273468 -0.05853873248238671 -0.057162718231794779 -0.094816545377453584 0.25244149196375587 -0.029257388746214884 0.2428711266387461 0.0036782255448673108 0.2105498269093054 0.027988536001846715 -0.0058328882538325744 -0.0053690713158897931 0.15344412972923693 0.056137411382229052 0.053402432739927022 0.083935062681291153 -0.34741028659389334 -0.02741886788035491 -0.084051347673954127 0.10450296898236142 -0.22641161741447349 0.10369502256305746 
-0.66106848635674353 -0.066738266562286611 0.23459390874195316 -0.085170436735007182 0.25348825502116823 -0.05721223801961605 -0.04740275958968021 -0.10143132638448628 0.25980074559250982 -0.025671994694487502 0.25325744747855439 0.00099390619077349045 0.21179731116280082 0.027732732226706292 -0.010324257284355079 -0.0021074620801228316 0.14292240018018729 0.057475937201667091 0.043187636409688555 0.08186985893258486 -0.3423446157541965 -0.027329479299244071 -0.093817753680255314 0.099005850390126229 -0.24408983192163183 0.098582918833392597 
-0.66403685724396977 -0.066361303350742015 0.2274320009650809 -0.08157639686245978 0.24623953482066696 -0.055491905942092683 -0.053385309925551468 -0.099133250243455845 0.2556556109390854 -0.024181654220401916 0.25045446851901193 0.0029629005654445255 0.21706769877029233 0.029082560601883814 0.00096288376114264684 -0.0010445353480752304 0.14714632326320098 0.057314611163745761 0.056342302638136971 0.078253526867433781 -0.35084641723688176 -0.030036305524160489 -0.090833676026542062 0.096098767000221366 -0.242198563243673 0.094112985292658366 
-0.67456199898980462 -0.067867784072596707 0.22498697574540807 -0.077011553150093642 0.23806302075769328 -0.058301351083399594 -0.052931905657573761 -0.091218432384898351 0.25542215245245192 -0.025339714715209842 0.24899270272011587 0.0023965956556875577 0.2134695072354196 0.030650309857507992 0.0075008822535637563 0.0010773503313884218 0.15210721002851818 0.054576198504242703 0.061753374833535678 0.077020074568929342 -0.34557816072808673 -0.033008755249793624 -0.093581493783007438 0.09614219829454293 -0.23564226686823428 0.090884863443692857 
-0.66324416044260481 -0.061921034682044879 0.22842841936108493 -0.083785581880371329 0.24897820853232494 -0.051814556301175554 -0.049130184808992707 -0.10056512868820816 0.25613263099658762 -0.021859433543673052 0.24655162852156637 0.0061324870587639996 0.21242416500966985 0.031170820984164703 -0.0098181397328184952 -0.0087541251495111445 0.15601207972685469 0.055447139942981748 0.056161670535179738 0.079295214823857429 -0.35318752402705395 -0.032290694722383856 -0.087250030787486416 0.094921576418076803 -0.24205876288431274 0.094023315739523189 
-0.67210315643937391 -0.062976615371177755 0.22985023730833298 -0.079109842839256234 0.24690786397664832 -0.05215437152983482 -0.053076248935488179 -0.090272061091345307 0.25509441948406875 -0.024303927467012335 0.24440691219009564 0.006415727531948941 0.21063359047791819 0.031054539730753325 0.00228205516113523 0.00064999952768455627 0.1559329852062088 0.051876350088608358 0.061378378523306978 0.073961555450593103 -0.35213938777137421 -0.027701809220672367 -0.094984123509387827 0.09015004758721408 -0.2341835256720908 0.08241040760249653 
-0.6633830678054633 -0.069456377164714631 0.22891758650670296 -0.083930686336826724 0.24620460552605899 -0.059906292753604179 -0.047246546796719836 -0.096773109390702758 0.25715082406967543 -0.025613532132956078 0.24748099372081525 0.002206236649243542 0.20679455607934386 0.027559894972305782 0.003275701941612304 -0.00091347951068875086 0.15885152200306596 0.053855787526976943 0.054978129364429432 0.083576919465039923 -0.34204605101913038 -0.028093571106281461 -0.10047504291421137 0.10021987636349677 -0.25050321067617964 0.097268333418711272 
-0.66316161952646613 -0.062528470006838907 0.23169657997286744 -0.079638388582029179 0.24653503021517575 -0.05354174705547244 -0.043586542238989452 -0.10213415719267037 0.25381078110488337 -0.027528798830592709 0.24591330854557403 0.0026383052781330583 0.21862867572363232 0.027188269930688531 -0.012215161762973775 -0.0077819225174448718 0.15451528227285591 0.059974809235212909 0.058097925841661083 0.082679192364919912 -0.34477067811618983 -0.029830983361841437 -0.099817717730462316 0.097139373542655047 -0.24564586430156871 0.093364517195281146 
-0.65569651224522008 -0.066761817309358429 0.22680911094081888 -0.084885421707201023 0.24547883312209837 -0.054845704725961585 -0.056870912988903004 -0.10317087663743603 0.25307646200654171 -0.027087758048273906 0.24957609311561652 0.0028224365403029163 0.21949104329694502 0.029251690596853841 -0.0064301736916485856 -0.0086500880774424051 0.15834196149865482 0.059933631518118098 0.066187132797443607 0.084891718321603582 -0.34328603559649612 -0.032788919518118805 -0.10572821480663902 0.10051548808262172 -0.25094878744921217 0.10077562096429191 
-0.65968519501235345 -0.0747699823286051 0.22035772524823111 -0.087543663473402769 0.24178632452127341 -0.05988600743263664 -0.034207178655829541 -0.095607053044786505 0.25353195596378919 -0.028695506284190549 0.25227540688301864 0.0039472801479027847 0.21828451462090329 0.032075342639299488 -0.031765665342460829 -0.008722390113429004 0.15605610690609678 0.060996896957541138 0.067548667896963066 0.083048497263299659 -0.35617400767219587 -0.026779210187179422 -0.090527539290090844 0.10488119164646925 -0.23748111606734515 0.097054604209717441 
-0.65432682571706546 -0.076052844128536398 0.23317999510818122 -0.083066762178924947 0.24615886901581868 -0.058662812764307889 -0.047113441935688817 -0.091506627438229002 0.25596670005631955 -0.0310373000644244 0.25087529021392413 -0.0011630376714366537 0.22127889012065166 0.028904886324383088 -0.027236757694348371 -0.0032271369177145994 0.15649789598009897 0.056054369543716655 0.050156541779240109 0.082466801122161745 -0.35667489635498612 -0.028326628711095581 -0.093517115325742958 0.10384676334602991 -0.23524514524640208 0.10177032953837793 
-0.65277439510442903 -0.065807887953684502 0.23376189766107039 -0.084412456982320361 0.25291755712833747 -0.058889465468197372 -0.041026254784418882 -0.095544650959078575 0.25661985588301434 -0.028915819344519509 0.25000623124065835 0.0033344650413316907 0.22156086752427562 0.031872972604128302 -0.039363779764793175 -0.011653176439189417 0.15991161973758031 0.0579611687727071 0.049584602785023267 0.085014010940327886 -0.34629959468134164 -0.024220508976828883 -0.096222936500019743 0.099300618316698328 -0.24867567112495739 0.091960730448625363 
-0.66335100881163811 -0.070345248016311493 0.22760377224045761 -0.080041093083509041 0.24165761268392233 -0.054731472437781405 -0.038543129500445875 -0.097395927166551918 0.25022450077598524 -0.028367571692278718 0.24780919370937698 0.0012006216318810128 0.22240837804911862 0.027307518245524232 -0.030481959216235366 -0.0041923512955141552 0.16080694159899256 0.058619491711110985 0.065287544131744119 0.083100066770195408 -0.35137402763316322 -0.027440370067414316 -0.094822030511760108 0.099421378279410472 -0.23722578751635526 0.092864957121238559 
-0.66050210763163764 -0.07448984498550848 0.23441873259866708 -0.082582665377752329 0.24785574451969741 -0.058054011491237588 -0.052038527205088704 -0.096290023090703461 0.25455131626588795 -0.028269602209911995 0.24819141786016921 -0.0011003873238356163 0.22097633454544344 0.027579878946582193 -0.024330184791823587 -0.0055935805326212031 0.15310915599496172 0.060411757600903185 0.054933556328109374 0.08240131690510609 -0.34564952168931118 -0.024816267167917787 -0.094654971979487038 0.10271685293470688 -0.23686094481558748 0.098086575792190697 
-0.65983006488077045 -0.071664162376669588 0.23058343334318035 -0.081697025358640055 0.24723126331576359 -0.058203335537030491 -0.058326752387782656 -0.10063816155917178 0.25717201765958542 -0.031387649769282461 0.25593851820457081 -0.00015104723821424943 0.21787708373663769 0.03317825736641021 -0.025216138069636636 -0.0045580834518805973 0.15082314977875441 0.061935244240152586 0.055905076225128914 0.08277688952471271 -0.34422194969016368 -0.031422972406459193 -0.094787537926736429 0.10006102624692693 -0.23314809930853161 0.10177102031914581 
