C:/Users/vmc04/Desktop/Wing saga/Lab reared wings for landmarking/13/TPN/TPNMC/coord_Jul24_Format - {translated and scaled (first one is consensus)} - 1 19 26 0	from C:/Users/vmc04/Desktop/Lab reared wings for landmarking/13/TPN/TPNMC/coord_Jul24.txt - TPS like internal (simplified) format - can be converted to other format by using TET	
-0.68371936979504 -0.042341167201671186 0.22866686593992042 -0.081550950893640395 0.24648480934919201 -0.059171632713761982 -0.032367000683501311 -0.087840119137962122 0.25400627504052925 -0.034510455763174068 0.24901148766973602 -0.0072605170655288031 0.21140415921304956 0.019927338205603197 -0.00049360378873582319 -0.0049177462537122307 0.14124403032617078 0.047979675906295809 0.050616284241855818 0.0714073840244622 -0.32946782395484026 -0.014288829500978721 -0.088840662487747329 0.094156859992607561 -0.24654545107059042 0.098410160401460556
-0.66768999820564012 -0.059917488223418656 0.22876780636781585 -0.080658157223832766 0.24835621597931798 -0.054156191278859109 -0.058144781471246382 -0.10255108561315879 0.25411751292387774 -0.025349706556061748 0.24835621597931809 -1.637459077005441e-17 0.21954973125652069 0.027654225333885576 -0.017815702859330054 -0.009218075111295191 0.15271868669963065 0.053003931889947162 0.061690194975590862 0.079505897834920861 -0.342752850532485 -0.027654225333885559 -0.096169341305339065 0.10139882622424691 -0.23098368980803102 0.097942048057511166
-0.68834000693576491 -0.04898873044796255 0.2281843497181418 -0.078317509860887632 0.2428487394246043 -0.063653120154425119 -0.027395013737347484 -0.081459879083701031 0.25122839068544001 -0.037466709964313491 0.24913347787023121 -0.0049955613285751375 0.21247250360407482 0.021190848861536479 0.0029812220831819986 -0.0029006485133661482 0.14124546788697126 0.047377259051648128 0.045926934794965062 0.071468756426550914 -0.33115737194264222 -0.014422668997015232 -0.087100028970802018 0.095560253801453554 -0.24002866448105384 0.096607710209058006
-0.69020468698258641 -0.032887660135545255 0.22157733884425798 -0.086188350700050015 0.2442584837653238 -0.062373148532930814 -0.022244969057199224 -0.082786178961890014 0.24992876999559024 -0.039692003611865048 0.2442584837653238 -0.009072457968426248 0.20229836566135206 0.020413030428959276 0.020849206292825846 0.001134057246053289 0.14446144611263442 0.046496347088184856 0.050334694690211422 0.071445606501357284 -0.33411071172185353 -0.017010858690799321 -0.082350003098023317 0.095260808668476207 -0.24905641826785671 0.095260808668476277
-0.68241602826877623 -0.042686710056759967 0.23432800109552182 -0.080884377946939062 0.25130474238004574 -0.059663451341283966 -0.033055674135731759 -0.088311702258918323 0.25873206669202514 -0.031015200423649664 0.24706055705891486 -0.0044890421665808545 0.20355765751732191 0.01885397709963969 0.007264086415012771 -0.0034279958362981025 0.14095592403063947 0.045380135356708498 0.043339661644626222 0.069784200953211806 -0.32908760028461981 -0.01297741280884287 -0.096718453952697236 0.09206617388914963 -0.24526494019228245 0.097371405540563394
-0.66838281120468179 -0.070829538728210711 0.22855844987882573 -0.090130806371779865 0.24672434883747876 -0.060611220563968227 -0.0348470850216476 -0.095807649796359098 0.25013045489222629 -0.033362372125988325 0.25013045489222629 -0.0038427863181766889 0.21266328829000394 0.022270693434887513 -0.00078602447417250841 -0.00043668026342919285 0.14681190456488569 0.057467122667278353 0.048034828977208184 0.084715971105258261 -0.33685515520925885 -0.023144053961745785 -0.096156994007102328 0.10515260743374327 -0.24602566041599228 0.10855871348849087
-0.68625790476456683 -0.041214460938112783 0.22723648733445942 -0.083450000863431045 0.24533743301673866 -0.062935595756847887 -0.026176752217449886 -0.084656730575582956 0.25619800042610635 -0.037594271801656864 0.24654416272889063 -0.0062192992857061698 0.21154900107648419 0.020328754381636664 0.012438598571412314 -0.0074260289978581888 0.13552502921091128 0.051703726897587371 0.05105394936027479 0.068597942867714742 -0.3121716939974622 -0.0074260289978581888 -0.09616707552226296 0.093939266822905654 -0.26510923522353602 0.096352726247209586
-0.68425187313441249 -0.041562722689767691 0.22033353196399361 -0.086958073496419597 0.23804879081537023 -0.06481399993219919 -0.036537721380963811 -0.090279684531052659 0.24912082759748033 -0.040455519011556668 0.24690642024105841 -0.01388263073449208 0.22033353196399361 0.013797461220783512 0.0044288147128441167 -0.0039177976305929327 0.14615088552385505 0.04922797892353626 0.052038572875918072 0.075800867200600752 -0.323303474037619 -0.0072394086652259396 -0.07861146115298269 0.10126655179945432 -0.2546568459885355 0.10901697754693151
-0.68508295589151913 -0.031761209551964466 0.23011041564286577 -0.079991194427169829 0.2430501676825548 -0.059993395820377424 -0.016921214205747364 -0.089401923183307391 0.25010821424965801 -0.034113891740998874 0.2430501676825548 -0.0058817054725859852 0.2077599348470385 0.018821457512275302 0.016016336440734275 -0.0035290232835515777 0.14423751574310956 0.047053643780688229 0.050130228181733315 0.071756806765549436 -0.32865160425280637 -0.016468775323240904 -0.092207044254848408 0.091754605372341758 -0.2616001618653257 0.091754605372341758
-0.68423790478197444 -0.068010561748585774 0.23123590994519186 -0.065772239463189344 0.24914248822836355 -0.040031533181129564 -0.035124442016991241 -0.083678817746361239 0.25249997165645816 -0.019886632612561059 0.25249997165645816 0.0036157513841020951 0.20997184823392476 0.0282372965234634 0.0096420036909386376 -0.0019800543293892032 0.14729882424282303 0.048382197092031905 0.045455160257282662 0.066288775375203793 -0.32498717797583704 -0.028839921754147194 -0.098916627150791109 0.084195353658375799 -0.25448002598584735 0.07748038680218626
-0.69209386715423948 -0.014776537871074373 0.22209314450801637 -0.077265270313810835 0.24060832449104924 -0.056435692832898739 -0.04174817025020422 -0.085365661556387917 0.25449470947832403 -0.028662922858349274 0.24639431823574706 -0.012462140373195377 0.21283555451649985 0.012996232103475109 -0.0024034127862591148 -0.010147742875316184 0.14687522582694471 0.040769002078024683 0.070500108396933464 0.060441380809997169 -0.32989065873615575 -0.011304941624255714 -0.085721722709907772 0.085899753286667643 -0.24194355381674904 0.096314542027123654
-0.68268113613428194 -0.045953775618843604 0.22942910895840429 -0.081289765743499776 0.24599285432933693 -0.056996272532798639 -0.041112065433494251 -0.087915263891872736 0.25593110155189658 -0.033807029013493119 0.25703535124329197 -0.0050965370372100154 0.20844836482188972 0.021405455556282132 0.0019536725309304017 -0.0050965370372100154 0.14108913364676395 0.045698948766983154 0.049436409260937064 0.068888192286288827 -0.31827873797376566 -0.0084092861113964964 -0.089699051854896392 0.090973186114198884 -0.2575450049470131 0.097598684262571941
-0.6778526515979878 -0.070062050417760285 0.23054764543017323 -0.073671588021845633 0.25220487105468559 -0.049608003994609642 -0.04257403327895596 -0.0929224552436346 0.25822076706149472 -0.024341240766011858 0.2582207670614946 0.00092552246258599871 0.21129677820838427 0.031005002496631073 -0.008885015640825571 -0.0050903735442230829 0.13790284692531443 0.056271765725228858 0.050070765225902855 0.074319453745656003 -0.31569571198808521 -0.023138061564650123 -0.097920276541598988 0.089960783363359442 -0.25553675191999525 0.086351245759273929
-0.68419968303058021 -0.03366870264876861 0.22733823115938423 -0.094351821582094778 0.2492874443905872 -0.067238087590608647 -0.028305546474628362 -0.084022780061528676 0.25445196515087026 -0.043997744169334781 0.2467051840104458 -0.015592879987777699 0.21442692925867651 0.016685374763991512 -0.0037740728632838713 -0.0039727082771407567 0.13566798766435931 0.046381369135619327 0.045288874359405436 0.07091284274696398 -0.32268322981076442 0.0024829426732129898 -0.087697535217884121 0.099317706928520891 -0.24650654859658908 0.10706448806894547
-0.67789552944656062 -0.065531573757010186 0.23272238827336414 -0.07205462474354267 0.24968232083834827 -0.04726703099471951 -0.037331922569077837 -0.090319167505833339 0.25750998202218717 -0.022479437245896277 0.24837771064104178 0.0049173768975398508 0.21445784551107325 0.029704970646363012 -0.0021074472418026648 -0.0029102842862991163 0.13748584386999085 0.050578733803266621 0.050076960650456616 0.067538666368250844 -0.33347843735764932 -0.027697878035122352 -0.086907110066724053 0.087107819327848168 -0.25259260512464743 0.088412429525154615
-0.69082423713544749 -0.0093015246685801117 0.2281664001202709 -0.090317804531913251 0.24025838218942505 -0.072179831428181893 -0.034229610780374842 -0.081853417083505312 0.24993196784474853 -0.049205065496788936 0.24630437322400228 -0.018975110323903532 0.21123762522345502 0.010045646642066607 -0.012464043055897437 -0.0032555336340030694 0.13989493101544545 0.042693998228782878 0.061297047565943202 0.069296358780922024 -0.33048317147465256 -0.003255533634003121 -0.07534234981549931 0.097107917539976704 -0.23374731492141915 0.10919989960913093
-0.6812154202235855 -0.033066880445094558 0.22628674310289762 -0.085728949302097013 0.24588193151480531 -0.064909061614444846 -0.023551909148927703 -0.084504250026352631 0.25567952572075936 -0.04163977537530418 0.24588193151480531 -0.012246992757442458 0.2115903517939666 0.013471692033186681 -0.0015073221855314296 -0.0061234963787212505 0.13565899669782358 0.044089173926792749 0.051154746671471019 0.07225725726891026 -0.34074902156668624 -0.012246992757442423 -0.086011572211884088 0.1016500398867721 -0.23909898167991439 0.10899823554123762
-0.68557575684846384 -0.027052030991765678 0.23255085213278653 -0.079803491425708931 0.2539026337370015 -0.057195722668304673 -0.031206450036929734 -0.086083427191654543 0.25641460804337979 -0.037099928217278748 0.25264664658381253 -0.014492159459874502 0.21119907052857143 0.015651532216664425 -0.021158552811416806 -0.009468210847118002 0.13332786703084556 0.043283249586825251 0.041640804848039448 0.068402992650607675 -0.33641132826188708 -0.0094682108471180557 -0.080189949011305661 0.089754774254822839 -0.22714044593443322 0.10357063293990314
-0.68148086847316602 -0.048067283556955755 0.23525145565200661 -0.07550689053757316 0.25021851400507067 -0.058045322458998447 -0.024177555801103551 -0.08797943916512653 0.25520753345609198 -0.035594734929402322 0.25021851400507078 -0.0044133633605187616 0.20781184867138922 0.021778988757343177 -0.0079632425852840319 -0.0094023828115402507 0.13671832149433488 0.050465850600716025 0.043174206787684702 0.074163692993067465 -0.33599127148993763 -0.014391402262561491 -0.08778755380162552 0.090378006208886835 -0.24119990192053201 0.096614280522663382
-0.69025866053829388 -0.015652536534289482 0.2277808078216676 -0.086634969654905136 0.24434337554981125 -0.065340239718720466 -0.018291626996466529 -0.087818010206915473 0.25380769996589347 -0.040496388126505002 0.24789249720584228 -0.016835577086299808 0.21121824009352411 0.013923477265966856 -0.011193383684404838 -0.007371252670217732 0.13432060421285721 0.04468253161823358 0.050324725020128774 0.0695263832104491 -0.32943129217516443 -0.0073712526702177658 -0.083358857357030539 0.094370234802664515 -0.23715412911836434 0.10501759977075682
