consensus aligned to its principal axes - from coord_Aug10_Format.txt
-0.67231357617230436 -0.06116341191714926
0.2261747321469792 -0.083379200881747093
0.24339575276570644 -0.058670329734541719
-0.039315773990966946 -0.09678549418726215
0.25106235816258227 -0.0314928445313215
0.24564731135846882 -0.0031037863463859602
0.2158504727209731 0.021088727962181721
-0.00037740163233409755 -0.0032499681022704289
0.15219395176305775 0.051781154884756264
0.056029999131524441 0.080972308676461782
-0.33544185155587214 -0.022938575169011054
-0.094961207854239574 0.10319532858699887
-0.247944766843575 0.10374609075929059