C:/Users/vmc04/Desktop/Wing saga/Wing field landmark repeat/13 landmarks field repeat/RPV field collected/coord_Aug10_Format - {translated and scaled (first one is consensus)} - 1 47 26 0	from C:/Users/vmc04/Desktop/Wing saga/Wing field landmark repeat/13 landmarks field repeat/RPV field collected/coord_Aug10.txt - TPS like internal (simplified) format - can be converted to other format by using TET	
-0.67271367172637841 -0.060974858157941292 0.22616090073425937 -0.083410806576414392 0.24344333612776253 -0.058708189442947159 -0.03932123691775357 -0.096694466668937717 0.25110782946574994 -0.031518605529601798 0.24573193024257922 -0.0031513144257852327 0.21589772548396446 0.020973933845686854 -0.00037963869949242965 -0.0032400600917337576 0.1523213744650205 0.051673669863965294 0.056044855710649842 0.080907536294103924 -0.33554696138769047 -0.022811089600053409 -0.094901081401396692 0.10314406798085732 -0.24784536209727445 0.10381018250880103
-0.66932756795570481 -0.10065412564498968 0.22743358879072337 -0.070413152784539468 0.24255407522094849 -0.045987751628021899 -0.035430252227036274 -0.10065412564498968 0.25069587560645451 -0.020399236130717906 0.24720653258409475 0.0051892793665860425 0.21812867406443112 0.033104023545463247 0.0041156353597062972 -0.0041156353597062391 0.14834181361723814 0.063344996405913484 0.049477094650381519 0.086607283221644363 -0.33086129478681975 -0.042498408605662348 -0.10172776965186975 0.10289088399265613 -0.25060640527254796 0.093585969266363686
-0.67259818157428508 -0.059769692175892598 0.22833535567954935 -0.085342041486590955 0.24210508223146385 -0.066654555451849853 -0.033289448806826334 -0.10107887183163615 0.25095704930055152 -0.038131550451455595 0.24603928981772502 -0.0076414416579305639 0.21358207723106931 0.017930907652767791 -0.0087006513926932427 -0.0056743378647999771 0.14965120395432338 0.053338775929119321 0.054246669987487298 0.083828884722644284 -0.31950305070733487 -0.015509856830453177 -0.089351906911049689 0.10841768213677734 -0.26147348880998089 0.11628609730929985
-0.67582613158464921 -0.041378596824413118 0.22386695077715091 -0.088730864317139474 0.23807263102496859 -0.067895866620339848 -0.046040973931389166 -0.094413136416266627 0.24564899382380487 -0.039484506124704118 0.24280785777424119 -0.011073145629068267 0.21534354262845995 0.011655942767440315 -0.00058279713837200062 -0.0025497374803775852 0.15946786698704302 0.043855484662494261 0.063816286651735873 0.08079025330682077 -0.34151912308600135 -0.0139142816786319 -0.087710969324988425 0.10730752310274748 -0.23734413460200349 0.11583093125143816
-0.66482834829808601 -0.080146158476028365 0.23339805701241764 -0.073760662703678814 0.24616904855711674 -0.050347178205063917 -0.040114011903221641 -0.096109897906902192 0.25255454432946606 -0.023740945820274119 0.24297630067094197 0.0060580344506905789 0.21849856687693536 0.026278771063130799 -0.018829025995389624 -0.0088414556847918307 0.15677210774422287 0.053949252743312193 0.059925421863588062 0.080555485128101872 -0.34129656249904211 -0.0301264415926237 -0.096519224558976116 0.10077622174054213 -0.24870687379997375 0.095454975263584249
-0.67237975947753903 -0.056847245555051489 0.2277967816861676 -0.089715882511559056 0.24264068224717125 -0.067450031670053923 -0.038333149800393485 -0.095017275569060283 0.25430374697367369 -0.03564167332504662 0.24370096085867149 -0.00065247914553861661 0.21507343834816492 0.020553093084466251 0.0019574374366158271 -0.0017127577570388299 0.14933616443514969 0.05448200865247408 0.05391108940012776 0.083109531162980629 -0.33203032518596093 -0.017616936929542498 -0.095588194821406611 0.10431510339298555 -0.25038887210044225 0.10219454616998504
-0.67527239774951875 -0.055660966962987411 0.22345054853257282 -0.08082940419842527 0.24232687645915105 -0.057758336732607288 -0.041866727324334073 -0.092364937931334268 0.24757030088320081 -0.033638584381979392 0.24337556134396096 -0.0042754076073019832 0.21610975433890345 0.016698290088896249 0.010567516916161472 -0.0032267227224920445 0.15213997636549911 0.049207521518003373 0.059855706502227116 0.079619383177490788 -0.34074191949515797 -0.022103050649070338 -0.086960177371160116 0.10583650529773853 -0.25055501940150582 0.098495711104069197
-0.66518855957454992 -0.10253959951805942 0.24349033518998997 -0.058605832200434332 0.25206277759342904 -0.039317836792696466 -0.041543374724358505 -0.099324933616769778 0.2542058881942888 -0.010385843681089656 0.24563344579084972 0.012116817627937915 0.21134367617709351 0.036762589537825199 -0.0061820498101723539 -0.0060996224793701355 0.14812191345173059 0.059265250846852684 0.045252604610461857 0.080696356855450277 -0.33407797174171627 -0.046818723895705613 -0.10262202684886179 0.091411909859749133 -0.25049665830818563 0.082839467456310045
-0.65950567799467108 -0.04829540716230412 0.21907586425038858 -0.093705239682835298 0.24474229132721054 -0.070013153150384241 -0.051408790328427455 -0.096666750499391677 0.2556011643212508 -0.036449363896078488 0.25165248323250899 -0.010782936819256492 0.22105020479475951 0.017845001074121743 -0.0069861280800816872 -0.0028855746417729227 0.15490979655833376 0.053383130872798369 0.061128620700715126 0.083985409310547585 -0.3337394881734691 -0.015718788180183851 -0.097805793121144055 0.1096518363873696 -0.2587145474873741 0.1096518363873696
-0.68545586112949641 -0.056137509892152125 0.2239075501850071 -0.089546957839412786 0.24270036465534128 -0.065533917127319125 -0.03083949041285616 -0.097899319826228001 0.24792059089710078 -0.03316851442841031 0.23956822891028548 -0.0028912022262052839 0.20824687145972867 0.020077793237536511 0.0098782742728678787 0.0012849787672023097 0.14769224705531855 0.05035510543974156 0.052684129455295783 0.079588372393594745 -0.3294364314414992 -0.02377210719324321 -0.087217933823858687 0.10777759409909604 -0.23964854008323577 0.10986568459579983
-0.67570159098565774 -0.0484972794495135 0.22072375251980222 -0.091941060872354874 0.23767742331895989 -0.068629763523513201 -0.032521705042614868 -0.091941060872354874 0.24615425871853872 -0.041080048474881919 0.24403504986864413 -0.0082323113015140871 0.21754493924496018 0.015078986047327663 -0.0028527811440889738 -0.00081508032688262094 0.15820709144790851 0.048986327645642994 0.061783088777699509 0.082893669243958273 -0.33450896615261017 -0.015649542276145522 -0.095038366114508596 0.10832417544269467 -0.24550219445703261 0.11150298871753676
-0.67929765834904388 -0.070188712917300125 0.22686282841775671 -0.073335103496351653 0.24049718759364608 -0.053407963162359497 -0.030092402204773414 -0.10165261870781417 0.24469237503238114 -0.028236838529948374 0.24364357817269736 0.0021782704008817206 0.21008207866281586 0.028398191892976644 0.0066154878841592959 -0.0062121044765885945 0.15659343881894242 0.053569316525387829 0.053811346569930273 0.080838034877166565 -0.33843867895180973 -0.030334432249316041 -0.090922620066433618 0.097618784632107186 -0.24404696158026803 0.10076517521115866
-0.67755256869979774 -0.055381865862015142 0.22654047716832948 -0.085380376537273373 0.2389536539994708 -0.063657317082776096 -0.035170667688233792 -0.096759121965819567 0.2472291052202317 -0.033658806407517818 0.2420569482072559 -0.0036602957322596171 0.21309286893459292 0.021166057930023029 0.013447608233736419 -0.0026258643296644475 0.14792369057110083 0.051164568605281305 0.062065884155706616 0.081163079280539521 -0.33929350005119641 -0.017107903965996072 -0.09309882623356007 0.1018517073324417 -0.24619467381763649 0.10288613873503678
-0.68135111026911366 -0.065314872180675734 0.21911086420753415 -0.089488348005552235 0.24227711187304049 -0.058264275065086822 -0.030681719316189401 -0.099560629599250744 0.24832048082925973 -0.029054658443361185 0.24328434003241045 -0.0018594981403750757 0.2110530389325751 0.019292293206391812 0.0075929507398650236 -0.0038739544591148362 0.14860489305164437 0.05253082246559692 0.061983271345837018 0.079725982768582879 -0.33285016712714482 -0.018982376849662582 -0.099173234153339118 0.10490668675282923 -0.23817072014637877 0.10994282754967857
-0.67527773334467145 -0.058448736296422818 0.22639143858814428 -0.081750299166596707 0.2456405557417663 -0.054396290579870846 -0.036004421558596469 -0.094920747745390596 0.2496930014583183 -0.028055393422282967 0.24158811002521421 -0.0017144962646950704 0.22031277001331642 0.019560843747202891 0.00046758989037142402 -0.0047538305521090569 0.15344741569020873 0.04590174090479076 0.056188718492961143 0.074268860920654572 -0.33385918172516704 -0.019950501989178946 -0.10084355302342808 0.10060975807824248 -0.24774471024843739 0.10364909236565653
-0.66285403357960071 -0.049196560397309699 0.22648982522535019 -0.093844759550339801 0.24338373841838862 -0.067297181675565074 -0.04743291011891556 -0.1034984242320761 0.25183069501490768 -0.037129479545139399 0.24700386267403956 -0.010581901670364751 0.21321603628796285 0.017172384289627047 0.0032488294601996106 -0.0021349450738455448 0.1528806320271113 0.049753502590486776 0.058757401380183108 0.084748037061780634 -0.33704285057100242 -0.016615442096449915 -0.0969079416128137 0.11250232302177232 -0.25257328460581052 0.11612244727742331
-0.66873894899214481 -0.065789904084139858 0.22663746425943279 -0.080965775495183662 0.24506530811570013 -0.051698023488170722 -0.040024276248906428 -0.096141646906227313 0.25156925300614741 -0.026766234741456146 0.24506530811569988 -0.00075045517966697338 0.211461592848389 0.022013351936898566 -0.0020845977212972213 -0.0040024276248906811 0.16268200617003417 0.050197113128836776 0.054282924662579377 0.081632846765998635 -0.3370377595793328 -0.025682243926381704 -0.089887853742335502 0.10548064469763871 -0.25899042089396512 0.092472754916744032
-0.66653354868063763 -0.055531589976984673 0.22506127008752966 -0.086657084776323848 0.24815437913220043 -0.055531589976984673 -0.042015556255187235 -0.093685422311658606 0.25819486132553565 -0.029426336274313184 0.25217057200953463 -0.0023170343523081531 0.21502078789419424 0.021780122911696412 -0.0048657721398469361 -0.0043251307909751386 0.14975765363751534 0.049893473053034966 0.048348783484829627 0.079010871413707134 -0.34323002205524367 -0.025410143396979126 -0.095230111879863993 0.10109993223904457 -0.24483329656055872 0.10109993223904461
-0.66549560522258722 -0.068427183585039977 0.22201517888785624 -0.080682798555494845 0.24652640882876617 -0.046979857386743804 -0.038416639234310643 -0.10519402849640468 0.25367551756153178 -0.023489928693371936 0.2455051075812284 0.0010213012475379243 0.21588737140262901 0.02348992869337193 -0.0067563005606353279 -0.011234313722916993 0.15154539280774068 0.054128966119509278 0.063713485519480362 0.079661497307957019 -0.34889221848583513 -0.03166033867367516 -0.098673412839047195 0.10213012475379103 -0.24063428624681676 0.10723663099148063
-0.66862826806826059 -0.050966220070538901 0.23056147174767594 -0.087370662978066768 0.2426962860501852 -0.064314515803299166 -0.043685331489033294 -0.10557288443183059 0.24997717463169103 -0.038831405768029618 0.24755021177118891 -0.0084943700117565291 0.21842665744516679 0.019415702884014785 -0.0036404442907527626 -0.0072808885815055339 0.14440429019986029 0.058247108652044445 0.058247108652044494 0.082516737257062975 -0.33128043045850314 -0.019415702884014802 -0.097078514420074202 0.1079998472923324 -0.24755021177118905 0.11406725444358704
-0.68295498158642842 -0.049288621975169172 0.22098121511142224 -0.091802978370812777 0.24325063989009243 -0.061435580945352994 -0.042202895909228703 -0.099900951017601963 0.25134861253688168 -0.033092676681590667 0.24527513305178975 -0.0067742655795255974 0.21288324246463286 0.019544145522539458 -0.0067742655795256113 -0.0067742655795255974 0.15417294077541072 0.047887049786301879 0.055985022433091093 0.082303433535156137 -0.32563193854685235 -0.01487223822631482 -0.09079073178996401 0.10457285831382666 -0.23554199285132194 0.1096340912180699
-0.66824244849340875 -0.046317706299976301 0.2237645946248859 -0.093104848812452526 0.2410554951186272 -0.068694165762464995 -0.039667359956229734 -0.09412196060620201 0.24919238946862293 -0.043266370918727919 0.24614105408737427 -0.011735905312493959 0.21664481206863931 0.015726113118741961 0.0010171117937494952 0.00046943621249980925 0.15765232803116955 0.049290802312474825 0.055941148656221393 0.08285549150620769 -0.33869822731857707 -0.011735905312493987 -0.09662562040620061 0.10624906276244582 -0.24817527767487327 0.11438595711244158
-0.6854061212626873 -0.017649943036807517 0.21376042122355632 -0.097074686702440779 0.23631312621503245 -0.071580324538163362 -0.043144305201084761 -0.094133029529639492 0.24219644056063491 -0.049027619546687246 0.24219644056063491 -0.020591600209608582 0.21866318317822506 0.0029416571728012818 0.0078444191274699478 -0.0019611047818674401 0.15394672537659793 0.042163752810151056 0.060794248237892229 0.076483086492832059 -0.33632947009027436 -0.0029416571728011843 -0.080405296056566974 0.10884131539364562 -0.23042981186942993 0.12453015364858565
-0.66808585044126667 -0.089330165310888388 0.22625366350940387 -0.079692886065730301 0.24649194992423562 -0.051744776254771821 -0.044553883279538499 -0.09511253285798324 0.2542017733203622 -0.026687850217360837 0.2513105895468149 0.0051151712916607597 0.21661638426424568 0.029208369404556025 -0.00022239875181136361 0.0012602595935975809 0.14915542954813907 0.061011390913577705 0.050855181247526457 0.086068316950988752 -0.32499870931363878 -0.032470217764455661 -0.099486374976939615 0.09859677996969432 -0.25753775459753214 0.093778140347115277
-0.67556585162635219 -0.048080812863497177 0.22244983672921764 -0.084673963159924537 0.24321892203259571 -0.057970853484153123 -0.039636239718167793 -0.093574999718514962 0.24816394234292352 -0.034234755994578585 0.24222991797052987 -0.0085206503808728327 0.21453780423269281 0.014226443046636053 0.002890934950653313 -0.0025866260084791972 0.1581645726949534 0.04785258115686665 0.063220182736655348 0.080489715205031731 -0.33633745833784945 -0.01742168693946337 -0.091064450945579176 0.10125880050840939 -0.25227211306227287 0.10323680863254052
-0.67443348975900919 -0.090478633610713233 0.22955356513248096 -0.073853584325352495 0.2461786144178417 -0.047876944816976338 -0.030212829951280613 -0.10294742057473379 0.25241300789985199 -0.019822174147930093 0.24513954883750666 0.006154465360446032 0.21188945026678518 0.031092039288487073 -0.0052752560232394458 -0.0052752560232394753 0.14642831870567719 0.058107744377198269 0.047717088573847932 0.083045318305239438 -0.33777624173045423 -0.034369092272620784 -0.092556764771383387 0.099670367590600203 -0.23906501159862487 0.096553170849595041
-0.67239399947084 -0.093192273395096628 0.2285951647397369 -0.074867070055220489 0.24284810067075191 -0.05246959930648297 -0.022867347757452191 -0.095228407099527249 0.25608296974955136 -0.017855326331161402 0.24488423437518247 0.013704746087514236 0.21230609510429155 0.03508414998403634 0.0097107915134387289 -0.0025843235479312237 0.14613174971029433 0.061553888141635212 0.044325064488760266 0.080897158333726779 -0.33439580453534667 -0.038216663375468168 -0.10431269593467971 0.09413202741252627 -0.25091432265368885 0.089041693151449566
-0.67582035496598192 -0.042704010835531638 0.22973974269684183 -0.081411866528655674 0.24400053163641372 -0.060020683119297633 -0.048345641624812905 -0.096691283249625726 0.25214955388759763 -0.035573616365745596 0.24603778719920974 -0.010107921830795567 0.21446032597587156 0.016376400485552476 -0.005563274806096849 -0.0029775273610095254 0.15130540352919547 0.043879350583298539 0.059628903203375327 0.076475439588034613 -0.33763593154184529 -0.015201060737785531 -0.091128008443528821 0.10194113412298464 -0.23882903674623915 0.10601564524857665
-0.67650658634303207 -0.04056557494352276 0.22493339834840573 -0.086948392947780201 0.24308319669789752 -0.064765306076178822 -0.046305254763447663 -0.095014969991998904 0.25316641800317097 -0.037540608551940753 0.24711648522000673 -0.010315911027702761 0.21485017704313225 0.010858853713371306 0.0010858853713370904 -0.00023268972242940927 0.15031756068938268 0.044133484020773349 0.056543602550340549 0.077408114328175404 -0.33468538409426557 -0.012332555288757359 -0.094704717028759794 0.10564113398294084 -0.23889478169416872 0.10967442250505015
-0.66779284880631973 -0.057621970265694135 0.22055305860317387 -0.089067843094348703 0.24189132945118952 -0.067729572246333122 -0.045613793553652866 -0.098052378188250092 0.25087586454509087 -0.04189903385136675 0.24975279765835318 -0.011576227909449769 0.21830692482969855 0.018746578032467143 -0.0029372518576215689 -0.0048378265890238374 0.14306144341827504 0.056930852181547816 0.061077560686425308 0.085007524349989427 -0.34098038476565901 -0.018314629229875794 -0.083798067702733556 0.11196112963169347 -0.24439663250621976 0.1164533971786441
-0.67345368423230412 -0.053612460547875558 0.22468187330552897 -0.085492425258520799 0.24117151022482822 -0.064605551827408403 -0.042450244787119007 -0.093187589154193784 0.24996598324845462 -0.04042075101243621 0.24007220109687494 -0.0074414771738375582 0.21478809115394953 0.018941941897041167 0.00042281120305895007 -0.00084562240611794697 0.15652470737242535 0.04752397922382659 0.063083431496396142 0.082701871318331718 -0.34146232759041251 -0.018434568453370492 -0.090819846417063727 0.10578736300535063 -0.24252450607461687 0.10908529038921057
-0.6741968206162785 -0.076777460010376081 0.22781233210956242 -0.077869480776387986 0.24419264359974138 -0.049476940860078242 -0.024444464839189772 -0.097525854564602443 0.25292880972783655 -0.02108440094376848 0.24310062283372946 0.0062161182065293957 0.2158001036834315 0.028056533526767641 0.0017640335450962205 -0.0047040894535897732 0.14918683695670462 0.056449073443077417 0.04872092648360854 0.082657571827363344 -0.33021027932252567 -0.035280670901923342 -0.097609856161987946 0.097945862551530191 -0.25704488799972736 0.091393737955458687
-0.63298530238158202 -0.061728321258631709 0.24616556647284771 -0.075768814250164379 0.26236613530923159 -0.049847904111950225 -0.024923952055975161 -0.10276976231080417 0.26776632492135966 -0.019606842284033778 0.25804598361952935 0.0041539920093291603 0.22024465633463369 0.03007490214754337 -0.010883459064442314 -0.0044863113700755256 0.14464200176484257 0.058155888130608638 0.033398095755006789 0.085156836191248364 -0.32625453241271463 -0.027167107741012934 -0.15020835105734345 0.085156836191248364 -0.28737316720539341 0.078676608656694832
-0.67097346356532572 -0.076636487163846759 0.22966694096254098 -0.074534642579184282 0.24437985305517837 -0.052465274440228402 -0.039369165874254687 -0.099756777595134016 0.25068538680916574 -0.025141294839616461 0.24648169763984085 0.0042845293456580625 0.21495402886990372 0.02530297519228273 0.0026677258189946327 -0.0030719267006605682 0.14559315757604235 0.054728799377557313 0.060468451897212602 0.082052778978169358 -0.33047464085000616 -0.03249775088593506 -0.095068047367809924 0.10096938024013155 -0.25901192497148234 0.096765691070806556
-0.68064011938255053 -0.038821695698115818 0.21839304571299376 -0.093440964537456345 0.23696359711836951 -0.065038944740999305 -0.031763205571185518 -0.093440964537456345 0.24351790937909049 -0.037729310321329014 0.23587121174158271 -0.0093272905248719604 0.21402350420584659 0.014705187764437851 0.01630175100743398 -0.0016805928873643242 0.1550346938593587 0.048569134444828875 0.062181936832479981 0.078063539618072803 -0.34746257946257375 -0.019158758915953308 -0.080920547526592085 0.10755794479131663 -0.24150119791425317 0.10974271554489032
-0.67653584343590689 -0.074454250979445219 0.21952490494970434 -0.083434815272842217 0.23848387401354226 -0.054497441438562957 -0.048894183375161479 -0.097404581951459707 0.25245364069216003 -0.025560067604283757 0.24746443830693948 -0.00061405567818102432 0.21752922399561611 0.024331956247921744 -0.00099784047704406793 -0.00061405567818102432 0.1556631144188812 0.053269330082201034 0.054881226237425945 0.0842023848705684 -0.3362722407638653 -0.030549269989504295 -0.084816440548749414 0.1051570348884948 -0.23848387401354251 0.10016783250327425
-0.6659621628950021 -0.08953243705268614 0.22896428568940275 -0.075048078347273867 0.24758703259636147 -0.049183152087608921 -0.038996350360725532 -0.098843810506165461 0.25482921194906749 -0.020214434676784267 0.24551783849558828 0.0077196856836538024 0.21447992698399018 0.030480820792158914 -0.0017508565468082177 -0.0036608818705987454 0.15240410396079448 0.0584149411525971 0.055151981224454631 0.086349061513035133 -0.32661433036819909 -0.037802584533356373 -0.10417596453508114 0.099798823168060866 -0.26143471619384351 0.091522046764968029
-0.67050594856430512 -0.074873846913595096 0.22724294457145808 -0.07700373752601683 0.24108723355219913 -0.054639886095588563 -0.032603710143994311 -0.091912971812968966 0.24960679600188609 -0.030146144052738501 0.2453470147770426 -0.0024575660912558293 0.21552854620313838 0.02416606656401598 0.0014745396547535369 -0.0013926207850449596 0.1548266637491186 0.050789699219287721 0.058981586190140378 0.077413331874559496 -0.34037290363893574 -0.022691526909262353 -0.098630319129068292 0.099777183304987666 -0.25198244322343349 0.10297201922362018
-0.6811818285781962 -0.070790731834959639 0.22462137831677076 -0.079062907240393179 0.24323377297899612 -0.052178337172734318 -0.022509861920554521 -0.091471170348543421 0.24633583875603379 -0.029429854807792238 0.24323377297899612 -0.00047724088877503667 0.21014507135726226 0.026407329178883825 0.01264688355253763 -0.00047724088877503667 0.15017179966786953 0.050189833469505105 0.049871672876988328 0.079142447388522247 -0.33685252732702742 -0.031497898659150647 -0.092823352866739373 0.098788863976426819 -0.24689261979293814 0.10085690782778517
-0.67912464489959501 -0.056997489330657451 0.2279018622850241 -0.084483141063524642 0.24278992364032737 -0.059287960308396323 -0.027485651732867308 -0.09937120241882777 0.25309704304015257 -0.031802308575529091 0.24164468815145776 -0.0020261858649229035 0.21301380092972103 0.02316899489020537 0.0045809419554779483 -0.0043166568426618738 0.14315443610868353 0.052945117600811595 0.053826067976864983 0.079285533844809283 -0.32868258530553757 -0.021495189175703939 -0.092764074598427004 0.10448071459993763 -0.25195180755128327 0.099899772644459692
-0.66319386720016427 -0.050262358320759565 0.21774371658243319 -0.092267329203108497 0.23874620202360769 -0.064264015281542561 -0.072790665353814135 -0.093434133949840417 0.25391466373112259 -0.036260701359976492 0.25274785898439056 -0.004756973198214701 0.22824495930302016 0.020912731229887439 -0.010950013777022666 0.0010770505354448841 0.16290389348603301 0.053583264138381118 0.066059099507283919 0.080419773313215287 -0.33882214760869123 -0.01642502066553387 -0.087959127061329134 0.10025545400765787 -0.24664457261686981 0.10142225875438975
-0.67042584346239475 -0.079703190560525716 0.23182061190864656 -0.072493458611213799 0.24727003751431495 -0.043654530813965829 -0.029789661680673644 -0.097212539580283364 0.25035992263544865 -0.022025334966029965 0.24521011410022595 0.005783631124173288 0.21534122459593347 0.027412826972109259 0.0011091895306633839 -0.0024560625321831801 0.15148359875917028 0.054191831355268019 0.052607274882891769 0.07891091232433764 -0.33259840355177661 -0.032324952036475688 -0.102916942880838 0.095390299637050729 -0.25947112235161224 0.088180567687738784
-0.67429811809934703 -0.049499096457948047 0.22943183097570266 -0.087112153956009783 0.24468036779924107 -0.062714495038348153 -0.044025262726421578 -0.10236069077954828 0.24874664428551813 -0.034250559634409615 0.24468036779924107 -0.0047700551089017509 0.21113358678745645 0.021660742051898319 -0.00031279049894437157 -0.0047700551089017804 0.15725542334428699 0.050124677455836888 0.052548803822655817 0.080621751102913961 -0.32968118588737649 -0.020018591932440388 -0.091804011440175595 0.10400284089900627 -0.24835565616183783 0.10908568650685244
-0.66847938220478409 -0.049827338393775754 0.23020828864511717 -0.079005509525265985 0.24285216280209629 -0.059553395437605801 -0.037258280060210668 -0.090676777977862152 0.24868779702839436 -0.032320435714881586 0.24771519132401135 -0.0080052931053062847 0.21950962589690384 0.016309849504268888 -0.012943137450635318 -0.0060600816965403212 0.1582354665207743 0.04548802063575922 0.05611186756055829 0.077584008880398542 -0.34751949975839086 -0.020649167262285439 -0.095614622323191303 0.10189915148997374 -0.24150547798064279 0.10481696860312281
-0.66873167329635896 -0.048120013235410403 0.22746091362695753 -0.085831087437629058 0.24298900300434184 -0.065866401095278054 -0.048717247442232867 -0.093595132126321159 0.24853474921055035 -0.03813767006423479 0.2463164507280669 -0.011518088274433319 0.21747857045578201 0.01399234427412643 -0.0032421285513219477 -0.0059723420682246771 0.14982046674003643 0.048375970752620005 0.065525124405665144 0.077213851024904967 -0.34042349788880727 -0.012627237515674983 -0.088646620126935027 0.11048832826215693 -0.24836411086574403 0.11159747750339866
-0.68013032271957763 -0.029700970101595232 0.22206400987507233 -0.094211185260834149 0.24008892293427145 -0.071442874028161657 -0.052104404551693011 -0.089467787087360751 0.25052439891591305 -0.042982484987320942 0.24767836001182897 -0.01262473667709087 0.21826929133629347 0.0072975356514975607 -0.0037217431822638334 -0.00029190142605987652 0.15565643544644395 0.040501322865811838 0.053199034899417498 0.073705110080125966 -0.3319648967866265 -0.002189260695449175 -0.085308191766007097 0.10501153802505073 -0.23425089441307348 0.11639569364138702
-0.67054376325522891 -0.04672911211353719 0.21844910134377157 -0.092166525193041623 0.2391922681844148 -0.067472278954180495 -0.048248758035928631 -0.090190985493932729 0.25203327622862259 -0.041790262865764968 0.25203327622862248 -0.013144937228686043 0.22733902998976135 0.009573769311066186 -0.0087379640537508432 0.0026593803641851007 0.15424406112273245 0.048096793443689535 0.055467076167288097 0.078717658779877325 -0.3337142445571632 -0.012157167379131639 -0.098625020363205251 0.10933852411606514 -0.23888833899993644 0.11526514321339183
-0.67776690051185184 -0.079676047496371999 0.23102049952465628 -0.071348098813334121 0.24351242254921321 -0.049487233520359726 -0.042760813430213797 -0.095290951277068048 0.24975838406149162 -0.023462393885866333 0.24247142896383359 0.0067264200901459978 0.21748758291471995 0.025464304626981189 -0.002162063600403912 -0.005765502934410846 0.15086399345041698 0.052530137846854334 0.055092583595481436 0.081677958237486858 -0.33319802375115948 -0.036995310495802881 -0.093769499113820598 0.099374849188942335 -0.24054959465236317 0.096251868432803131
