consensus aligned to its principal axes - from coord_Jul24_Format.txt
-0.68824256335770784 -0.034180609968406564
0.22406462911035438 -0.083756218898918003
0.24284631201367865 -0.062771502532473655
-0.026074296881966757 -0.08691705764928126
0.25174876402522789 -0.038428810407562929
0.24679803580959395 -0.0089803873632560358
0.20915147457164185 0.018532399160681466
0.0060177064788291875 -0.0039102181260263743
0.14504744576510453 0.046815274434791443
0.050290234773290352 0.070799626434239191
-0.3275347182151917 -0.01208018377937612
-0.086041256866209767 0.094663681406400607
-0.2480717672266449 0.10021400728918821