C:/Users/vmc04/Desktop/Wing saga/Lab reared wings for landmarking/13/TPN/TPNMA/coord_Jul24_Format - {translated and scaled (first one is consensus)} - 1 19 26 0	from C:/Users/vmc04/Desktop/Lab reared wings for landmarking/13/TPN/TPNMA/coord_Jul24.txt - TPS like internal (simplified) format - can be converted to other format by using TET	
-0.68846928889989167 -0.034142899401336586 0.22413147652389162 -0.083787966785386442 0.24290294354259934 -0.062753997074445067 -0.026240337309502707 -0.086841163675855704 0.25183692853244521 -0.038440150478703451 0.24691765036162952 -0.0089814200305843028 0.20926083917066399 0.018498426296407362 0.0062157257650796525 -0.003836536178206847 0.14508461726849778 0.046770041134403882 0.050318413572095759 0.070743330582264174 -0.32761300124185655 -0.012091555497828546 -0.086119308134302019 0.094604891502113042 -0.24822665915135061 0.10025899960715848
-0.68638773298723743 -0.041941538984677521 0.22651933476693228 -0.088611351675352015 0.24587023271184638 -0.066983877501624794 -0.021627474173727183 -0.094302792247385497 0.25156167328387974 -0.039664962755864126 0.24131708025421933 -0.0089311836668833529 0.20033870813557861 0.019526019193284037 0.0091063049152536133 -0.0055163193236632659 0.14342430241524382 0.051398086396671511 0.050084677033894721 0.073025560570398718 -0.32782697694912827 -0.010069471781290081 -0.084233320466095454 0.10034447531615942 -0.24814680894065977 0.11172735646022647
-0.68755095541817635 -0.05088452134890567 0.22880608401066183 -0.081467512776073392 0.24579663480353278 -0.063344258597011066 -0.020388660951445033 -0.090529139865604472 0.2537255585068724 -0.03729208071460894 0.24579663480353264 -0.0078417926736327505 0.20388660951445103 0.023873902139726288 0.0033981101585741184 -0.0078417926736327505 0.14158792327392428 0.052191486794511195 0.040777321902890205 0.075978257904530472 -0.32395316845073868 -0.015770716376972461 -0.084952753964354602 0.098632325628358386 -0.24692933818972396 0.10429584255931539
-0.68705290956561449 -0.040834650712786108 0.21796981516397862 -0.085158087117538403 0.23961614457095068 -0.064542535301374535 -0.019109030721905691 -0.088250419889962975 0.24889314288822428 -0.039803873121977917 0.2478623652974162 -0.010942100579348584 0.21178514961912934 0.019981227144897192 0.017998962547189128 -0.0016651022620748216 0.14272305103498045 0.049873777278334884 0.047891512680626754 0.074612439457731508 -0.33349619591840457 -0.013003655760964926 -0.087140351715246547 0.098320324046319851 -0.24794165588132472 0.10141265681874446
-0.69495334968118105 -0.023608971206989699 0.22792051788062745 -0.083080704904873751 0.24066446081588819 -0.063964790501982449 -0.036516298026035857 -0.082018709660268682 0.24809842752812358 -0.044848876099091092 0.24278845130509821 -0.016175004494754161 0.20668061298852564 0.010374876620372666 0.019769449938032826 0.0008169194189269986 0.14720887929064169 0.037986752980104538 0.052691302520790136 0.065598629339836415 -0.31582104735717004 -0.0034310615594933067 -0.086430074522474296 0.093210505699568277 -0.25210133268086565 0.10914043436864432
-0.68754593795031627 -0.025434374533430237 0.22040398510480577 -0.089224767253930748 0.23635158328493086 -0.06796130301376388 -0.019873160809079003 -0.087098420829914008 0.24592014219300606 -0.04563466556158869 0.24379379576898938 -0.013739469201338502 0.21508811904476433 0.013903034310878328 0.027969633731296267 0.0022081289787865927 0.14704503347623044 0.045798230671128461 0.046043578335438103 0.071314387759328676 -0.3292565655035059 -0.005234083505271785 -0.093232112437654419 0.09470419842351209 -0.25270809423890539 0.10639910375560385
-0.69110227912372835 -0.013389462933842678 0.21826541179975678 -0.085915720492157496 0.23611802904488066 -0.066947314669213664 -0.02162913243159198 -0.087031509069977711 0.24727591482308281 -0.045747331690629355 0.24281276051180176 -0.016736828667303486 0.20599173744373428 0.01227367435602242 0.017423467792115836 0.001115788577820243 0.14797073139708247 0.041284177379348391 0.067633953794026092 0.064715737513573166 -0.3240078370208736 -0.0022315771556404383 -0.082997504211704543 0.097073606270359838 -0.26375525381858134 0.10153676058164067
-0.6906504874460121 -0.026009433188870754 0.21655854218179701 -0.089472450169715154 0.23944684338800321 -0.067624526291063788 -0.036253148414025736 -0.084270563531940956 0.25193137131866111 -0.044736225084857487 0.24568910735333216 -0.013524905258212776 0.2071951462338037 0.014565282585767558 0.0084830766708316931 -0.0031211319826644802 0.14997439321828815 0.044736225084857542 0.057380811065908588 0.07074565827372821 -0.33380106409470617 -0.0052018866377741332 -0.077868241516218878 0.095714714135044079 -0.2380863499596621 0.10819924206570203
-0.6950392713739949 -0.029011408307795541 0.22074904034202925 -0.087188540925023802 0.24181317456550844 -0.065121352690902745 -0.039041948414214225 -0.088191594935665737 0.24983760665064361 -0.041048056435497998 0.24682844461871778 -0.010956436116241933 0.21071850023561067 0.018132130192372201 0.0040893740433860966 -0.0049381120523907321 0.14652304355453111 0.047220696500986342 0.05424207457547936 0.073300100777674876 -0.31287569331944398 -0.0089503280949582553 -0.078161054829247151 0.095367289011795892 -0.2496832906490063 0.1013856130756471
-0.68197392628441511 -0.035437821361043571 0.22985591504916519 -0.076836382259774183 0.24471693691024787 -0.055606351029655943 -0.035519475327313255 -0.085328394751821565 0.25427045096380124 -0.032253316676525833 0.24790144159476574 -0.0078387807618898065 0.2139333916265766 0.020821761398769827 0.013309596501958868 -0.0067772792003839531 0.14705879325170407 0.045236297313405852 0.045154643347136307 0.065404826982018202 -0.32424790005692172 -0.012084787007913463 -0.089656054964114773 0.088757861335148347 -0.26480381261259073 0.091942366019666072
-0.68541006816594896 -0.045536884057199849 0.22170823032655143 -0.083835002811406753 0.24031017372145205 -0.066327291380912173 -0.029965121486807932 -0.091494626562248133 0.25015826140110525 -0.0411599561995762 0.2512524933655112 -0.0039560694097752393 0.21076591068249256 0.022305497735966635 0.014898389053834315 -0.00067337351655750489 0.14511199281813789 0.052943992739332216 0.048819579950417635 0.077017095956262202 -0.32321928794759242 -0.015992621018240234 -0.093430575422350948 0.098901735244380465 -0.25099997829680226 0.097807503279974645
-0.6925148383272538 -0.041577987970002617 0.2266889486674076 -0.077905802306318578 0.24650412012357995 -0.056989787991470045 -0.021000694534746914 -0.08891423089308105 0.25421002013431376 -0.028367873665887725 0.2487058058409323 -0.0041493307750104834 0.2024704057765303 0.01896836925719058 0.012024591225540476 -0.0063510164923629032 0.14192404854933705 0.043186912148067948 0.043949034127151593 0.067405455038945225 -0.31822826637733181 -0.012956073644420318 -0.091454637490026136 0.09382568364717507 -0.25327853771543363 0.09382568364717507
-0.68515001265741393 -0.043693720509877146 0.22060900439868689 -0.083032830360830562 0.24363677601875725 -0.057126587288251408 -0.024061069064560691 -0.086870792297509006 0.25419117134462282 -0.035058306152350761 0.25035320940794431 -0.005314101143093216 0.2090951185886516 0.020592141929485937 0.014318550302223241 -0.0005166487222451699 0.14480925614928861 0.048417365970404344 0.047900717248159044 0.070485647106305047 -0.32630057157798431 -0.017787477437297968 -0.094103874408941357 0.091594437758036315 -0.25529827574943392 0.09831087114722345
-0.68533530377091056 -0.04240395054097592 0.23341695795023376 -0.074890218358740046 0.24559930838189536 -0.054586300972637357 -0.02444279285326972 -0.084026981182486291 0.25473607120564168 -0.028191208370704018 0.24864489598981063 -0.0017961157687705932 0.20499147360969008 0.02256858509455251 0.014134650180325286 -0.0028113116380756673 0.13798854623555137 0.048963677696485935 0.048651309736699705 0.067237203343978327 -0.33204714125272466 -0.025145620762788624 -0.093476111966018724 0.087541120730081023 -0.25286186344692435 0.087541120730081037
-0.6925834842548918 -0.031279613428691198 0.22040621342396616 -0.085571476518817483 0.24367415474830612 -0.061195537988556745 -0.018921183054957613 -0.084463479312896605 0.25364612960159449 -0.031279613428691261 0.24810614357198987 -0.0057956776925096364 0.20932624136475667 0.020796255249593089 -0.005625216583906344 -0.0080116721043514624 0.14727839783318392 0.046280190985774836 0.049774643712140708 0.069548132310114599 -0.32694440630098026 -0.012443660928035333 -0.084293018204293524 0.090600079222612637 -0.24384461585690961 0.092816073634454418
-0.70052203496300802 -0.054786527174436404 0.21905942115474833 -0.078452226412761034 0.24723287262894431 -0.052532651056500727 -0.010835942874690849 -0.081833040589664674 0.25174062486481552 -0.029993889877144086 0.24723287262894431 -0.0018204384029481245 0.20666310250610198 0.025226075012280056 0.00043343771498760065 -0.0063281906388194782 0.13453906673216029 0.052272588427508114 0.05227258842750817 0.070303597370993592 -0.32412472326774983 -0.018724509287465638 -0.088594668943471594 0.08833460631447887 -0.23509661660929065 0.08833460631447887
-0.68179895398282198 -0.050948368180374431 0.22806685352123851 -0.081054222105141141 0.24479232792388667 -0.059868621195120125 -0.018355136011111321 -0.085514348612513988 0.25036748605810272 -0.036452957031412686 0.24367729629704346 -0.0018869765992730568 0.21357144237227663 0.021528687564434261 -0.0060897881158359351 -0.0052320714798027535 0.14778457638852724 0.049404478235514609 0.046316698345794945 0.075050205652908403 -0.34171430779564271 -0.02084251425560776 -0.087487096875390538 0.096235806562929418 -0.23913139812606726 0.099580901443459116
-0.68024350293765856 -0.022559536755619971 0.22879346280508051 -0.086607876739966144 0.24789559929163993 -0.064134774991072743 -0.03976010309419617 -0.087731531827410891 0.25688483999119727 -0.041661673242179321 0.25014290946652928 -0.014693951143507274 0.21418594666829985 0.014521081130054176 -0.0116687259080792 -0.0045810553565052018 0.14227202107184078 0.045983423578504976 0.045637683551599126 0.070703835502287801 -0.33752870126703377 -0.0068283655313945762 -0.080211686242203956 0.093176937251181202 -0.23639974339701336 0.10441348812562795
-0.68444561614365995 -0.020361674701866044 0.22182146465465147 -0.086537117482930914 0.2386457297684815 -0.06746961702059015 -0.019326335310245746 -0.089901970505696913 0.24874028883677951 -0.042794028186972762 0.24761867116252431 -0.010267115633568089 0.21284852326060891 0.018894943897070672 -0.018204717635990412 -0.0035374095880360422 0.15676763954784198 0.045813768079198791 0.054700431190606406 0.076097445284092832 -0.33225766642748439 -0.016996821679100039 -0.078772072045778463 0.099651416443454877 -0.24813634085833408 0.097408181094944243
-0.68439507154417989 -0.0098691695396532463 0.22921942156614009 -0.086434823548898643 0.24473948656801392 -0.0698800875468997 -0.038760367466218894 -0.0822961395483989 0.25612086756938834 -0.04401331254377619 0.24784349956838886 -0.014007853540152996 0.21369935656426606 0.012893592463095441 -0.021170960464094838 -0.0098691695396532463 0.14334172855577024 0.039795038466343843 0.055394693545150614 0.065661813469467228 -0.33467627350195084 -0.0057304855391534801 -0.078077865470966262 0.095667272473090467 -0.23327851548970685 0.10808332447458975
