C:/Users/vmc04/Documents/GitHub/wingproj/Gomez analysis plan/2017_09_06 Field 18 landmarks scaled  - Centroid sizes -  Field 18 landmarks for analysis- 17 50 47 45 54 17 11 or 67-92-71-11 or 159-71-11
2.4050182760355168
2.7143601395115038
2.7302323358890974
2.6804899841746632
2.6480208795517717
2.7380819634355915
2.8605090471807015
2.937878878020622
3.0593143932786155
2.7912286557364814
2.6812782042931032
2.6652121374939175
2.74643800599915
2.5849073480896769
2.7205096294617035
2.2920456297148042
2.6900108583361919
2.5096089272599209
2.684842428138472
2.9317887438186179
2.8915021808692614
2.8691444120430645
2.854144773798442
2.9564374164239497
2.8040835157546615
2.6336120376810919
3.045027684599682
3.0737136096425965
2.5685747162368648
2.556700517936028
2.457660424093691
2.8281676772805873
2.5721364061654985
2.6339329428433995
2.8115539521361916
2.5296889816433481
2.4621267137318688
2.6101904663900921
2.8140717158257442
2.9551877361358319
2.6502819287644259
2.8079097469094112
2.9610652589155793
2.7683479924933785
2.780696615906864
2.6495042917840479
2.847380037769708
2.7935136633060913
2.6879606926140047
2.6028206932474607
2.5951797206882325
3.1239416532091799
2.6543876172296921
2.7288890622068256
2.8144130199110142
2.6095015386209774
3.2269086531858782
2.5860107427389361
2.8594508222405253
2.5450017990635896
2.6598446162143645
2.8270554011935536
2.7706712368249993
3.0141683621436428
2.6016966249678917
2.5907832926661869
2.8654731984489681
2.4920287740287934
2.868462282582847
3.0798762644512645
2.725448795729605
2.6752290258982416
2.7216006379321547
2.7289942197060144
2.8876475016533454
2.7094283319264481
2.701840439969927
2.6759813510852379
2.7828409201595221
2.7975168097029242
2.8430822677351943
2.364021002293081
2.6055823778141631
2.8955643845952439
2.9095194482157507
2.3717892205765629
2.782852745135886
2.8111285691978942
2.9179572535598228
3.0015843998097425
2.870124902111324
2.7637204243678446
2.823916777110731
2.81498355888152
2.8023969481226811
2.5638114701594898
2.5943324329109103
2.6416108544102235
2.6867542931497237
2.7026719044332643
2.6197325843950674
2.8273654647066198
2.7498638729278042
2.6840160434443381
2.7489028215455193
2.465655447941236
2.5011251847978224
2.7731565249703283
2.7961495619820833
3.0169478326223236
2.5899682187008533
2.9960763039459661
2.9267451261266175
2.7318708910753524
2.5695127609356283
2.6808097010546583
2.813344832835349
2.6894240590471634
2.9741771489090261
2.9046376175735671
2.7197628627681594
3.0101259727099423
2.9061122499006311
2.6696329099108289
3.1048127600957893
2.7528991191519596
3.0060325860811359
2.6848731230921956
2.8181878839182102
2.3878800890581853
2.7809237953099237
2.9375944059092562
2.6901766022463187
2.9555809505785295
2.9888206993656325
2.376432997119847
2.9467145850990617
2.9552479250442372
2.9048246927298824
2.7649048204214273
3.0350910979879493
2.9752069240610868
2.9080040343000872
3.0183774172408446
2.7275517568177547
3.0471117714241616
2.6314609289760025
2.9939828320547517
2.7998436971778138
2.8704128590613207
2.9340893707998004
2.6434902889243954
2.6963288018764451
2.7224298777374019
2.7241745517495541
3.0599678317268562
2.6018511320725985
2.8956122984313373
2.9383423103512478
2.6513363129156478
3.1913819249137672
2.9708992881033214
3.0550810996178721
2.7741801310081198
2.9554609859355612
2.8087201546978169
2.8647334861044813
2.9899428972816677
2.4588926575736396
2.6599535063427151
2.7018619460529472
2.9085908674008727
3.002808354929043
2.8722283492961558
2.7805012967370133
2.8697554112213011
3.0461574956428485
2.9523800457796523
3.0264719769510875
2.8996022896150189
2.9629412671578823
3.0883626633849208
2.6759403610965107
2.8400317129128285
2.7835646934045726
2.9153710848655883
3.0394880035906646
2.8788004180554574
2.9197274427026758
2.806383514110621
2.9821927662617793
2.8608811836371659
2.7054967943289814
2.9923591116591171
3.0033506067994264
3.0805934748027526
2.7049541252695533
2.9702463165715018
2.9029672936655504
2.7966083895369378
2.8297813721907645
2.4339647998216369
2.7572320928629259
2.8928736549329255
2.7996277940883414
2.7546644221554923
2.8023728284812912
2.8332211416821207
3.083844720199028
2.7639396676556478
2.8881325432727936
2.9318445603174026
2.8408346262357891
3.0158139592193556
2.8855176920877956
2.9575387237545203
2.9856919692198391
2.8566589353831895
2.460633711489955
2.9209921927569846
2.8304376311092558
2.9695537675704275
3.0236481209234176
3.1056785677106231
2.9258426823444963
2.894369950896444
2.9377671714877049
2.8565677140000902
2.7784590046968232
2.7019553184840031
3.4455911099852838
3.3564897967017311
3.2449800404510314
3.1423807723789041
3.1190585839847449
3.2146326716893387
3.3670018485767197
3.19782594435187
3.3038978407761967
3.1528860688347695
3.3099142347503663
