consensus aligned to its principal axes - from coord_Jul28_Format.txt
-0.37633918152262957 -0.079461868002716776
-0.089403592127975204 -0.11851689863904108
0.27757518174072976 -0.07174440276871881
0.29897137436364885 -0.047350978930445813
0.31077819083738883 -0.020622043519112728
0.30664205809392525 0.013224527667285865
0.26505733883123539 0.047762418322407851
0.19139336796051978 0.085230658653473679
0.085767280983963912 0.11729094829759633
-0.076955876340433521 0.15072978952398888
-0.36566859865961854 0.034004820791179731
-0.20968889008871991 0.021257785644334365
-0.21082600104812874 -0.0064865760705964158
-0.14319534371647871 0.00036924120789338753
-0.14393919466039551 -0.02919157441316763
-0.14542011972891192 -0.057820363120110047
-0.012364571933619208 -0.070215901573303235
0.037616577015499947 0.031540416929052857