consensus aligned to its principal axes - from coord_Jul27_Format.txt
-0.37534719703592911 -0.063386175025094624
-0.094856404760855162 -0.11780278895865889
0.27443187340974579 -0.087851687967436837
0.29918810645998983 -0.062326595721766388
0.31178319536882954 -0.033044182267151993
0.30675369464399471 -0.00087879249208607337
0.26740785527843025 0.03474785207223894
0.19296848384509044 0.077354746124781007
0.091398858586151543 0.11649904543883909
-0.067477916275260605 0.15799199500003608
-0.36127005536399764 0.052084828866012803
-0.21087893049781301 0.033112557228673269
-0.21280269968575288 0.0048809342304550699
-0.13879721763412925 0.0087891659251431494
-0.14179661673384675 -0.023509845601765146
-0.14465406732106195 -0.053485589298348069
-0.022620707760897509 -0.071447492789584122
0.026569745477311651 0.028272025235712994