TPS like internal (simplified) format - can be converted to other format by using TET

LM=18
703.000	525.000
902.000	506.000
1163.000	562.000
1183.000	585.000
1193.000	607.000
1187.000	636.000
1154.000	653.000
1097.000	678.000
1003.000	696.000
898.000	710.000
705.000	602.000
821.000	607.000
825.000	589.000
871.000	600.000
873.000	578.000
872.000	556.000
957.000	554.000
985.000	631.000
IMAGE=C:/Users/vmc04/Desktop/Lab reared wings for landmarking/18/APR/APRMB/APR 069.gif
ID=1 : APR 069 18
COMMENT=MB-18
VARIABLES=NA
SCALE=NA

LM=18
614.000	514.000
793.000	453.000
1076.000	446.000
1099.000	465.000
1109.000	483.000
1109.000	508.000
1088.000	530.000
1030.000	567.000
952.000	605.000
838.000	649.000
638.000	595.000
744.000	571.000
738.000	548.000
791.000	546.000
786.000	523.000
784.000	502.000
859.000	480.000
916.000	546.000
IMAGE=C:/Users/vmc04/Desktop/Lab reared wings for landmarking/18/APR/APRMB/APR 072.gif
ID=2 : APR 072 18
COMMENT=MB-18
VARIABLES=NA
SCALE=NA

LM=18
527.000	657.000
684.000	583.000
944.000	542.000
962.000	553.000
976.000	575.000
978.000	596.000
962.000	620.000
921.000	657.000
861.000	700.000
757.000	756.000
562.000	733.000
654.000	695.000
649.000	677.000
685.000	670.000
678.000	648.000
671.000	628.000
752.000	598.000
802.000	654.000
IMAGE=C:/Users/vmc04/Desktop/Lab reared wings for landmarking/18/APR/APRMB/APR 080-1.gif
ID=3 : APR 080 18
COMMENT=MB-18
VARIABLES=NA
SCALE=NA

LM=18
437.000	490.000
612.000	414.000
887.000	368.000
910.000	382.000
922.000	400.000
923.000	422.000
897.000	458.000
852.000	501.000
784.000	548.000
677.000	605.000
470.000	576.000
566.000	538.000
559.000	516.000
606.000	509.000
599.000	485.000
594.000	464.000
663.000	436.000
731.000	492.000
IMAGE=C:/Users/vmc04/Desktop/Lab reared wings for landmarking/18/APR/APRMB/APR 082-1.gif
ID=4 : APR 082 18
COMMENT=MB-18
VARIABLES=NA
SCALE=NA

LM=18
597.000	490.000
779.000	423.000
1039.000	413.000
1056.000	429.000
1065.000	445.000
1060.000	465.000
1040.000	490.000
991.000	526.000
934.000	557.000
825.000	606.000
615.000	567.000
722.000	536.000
714.000	518.000
759.000	514.000
754.000	491.000
750.000	473.000
841.000	445.000
883.000	506.000
IMAGE=C:/Users/vmc04/Desktop/Lab reared wings for landmarking/18/APR/APRMB/APR 116.gif
ID=5 : APR 116 18
COMMENT=MB-18
VARIABLES=NA
SCALE=NA

LM=18
802.000	394.000
1010.000	440.000
1256.000	567.000
1267.000	593.000
1265.000	614.000
1251.000	638.000
1214.000	652.000
1151.000	662.000
1072.000	658.000
942.000	639.000
775.000	488.000
898.000	520.000
908.000	502.000
946.000	519.000
953.000	495.000
962.000	472.000
1053.000	494.000
1055.000	581.000
IMAGE=C:/Users/vmc04/Desktop/Lab reared wings for landmarking/18/APR/APRMB/APR 128.gif
ID=6 : APR 128 18
COMMENT=MB-18
VARIABLES=NA
SCALE=NA

LM=18
662.000	471.000
855.000	471.000
1118.000	553.000
1137.000	579.000
1142.000	603.000
1133.000	624.000
1102.000	642.000
1036.000	658.000
971.000	668.000
849.000	676.000
657.000	556.000
781.000	566.000
783.000	548.000
819.000	556.000
818.000	535.000
822.000	512.000
914.000	515.000
947.000	601.000
IMAGE=C:/Users/vmc04/Desktop/Lab reared wings for landmarking/18/APR/APRMB/APR 159.gif
ID=7 : APR 159 18
COMMENT=MB-18
VARIABLES=NA
SCALE=NA

LM=18
614.000	489.000
782.000	517.000
1023.000	640.000
1037.000	665.000
1036.000	685.000
1028.000	704.000
992.000	716.000
933.000	725.000
851.000	723.000
738.000	704.000
579.000	565.000
697.000	594.000
704.000	576.000
740.000	595.000
747.000	575.000
756.000	555.000
837.000	575.000
850.000	656.000
IMAGE=C:/Users/vmc04/Desktop/Lab reared wings for landmarking/18/APR/APRMB/APR 163.gif
ID=8 : APR 163 18
COMMENT=MB-18
VARIABLES=NA
SCALE=NA

LM=18
607.000	517.000
818.000	483.000
1081.000	525.000
1103.000	549.000
1110.000	572.000
1101.000	592.000
1067.000	613.000
1019.000	638.000
938.000	661.000
825.000	684.000
609.000	597.000
743.000	589.000
743.000	568.000
797.000	575.000
793.000	551.000
795.000	528.000
881.000	519.000
915.000	597.000
IMAGE=C:/Users/vmc04/Desktop/Lab reared wings for landmarking/18/APR/APRMB/APR 209-1.gif
ID=9 : APR 209 18
COMMENT=MB-18
VARIABLES=NA
SCALE=NA

LM=18
794.000	566.000
973.000	499.000
1242.000	489.000
1260.000	504.000
1269.000	522.000
1270.000	545.000
1239.000	568.000
1200.000	599.000
1128.000	637.000
1018.000	685.000
820.000	643.000
941.000	611.000
932.000	588.000
978.000	588.000
973.000	564.000
965.000	544.000
1049.000	520.000
1093.000	584.000
IMAGE=C:/Users/vmc04/Desktop/Lab reared wings for landmarking/18/APR/APRMB/APR 254-1.gif
ID=10 : APR 254 18
COMMENT=MB-18
VARIABLES=NA
SCALE=NA

LM=18
747.000	417.000
926.000	419.000
1152.000	492.000
1164.000	513.000
1168.000	531.000
1159.000	554.000
1123.000	570.000
1067.000	585.000
1026.000	592.000
894.000	592.000
742.000	488.000
846.000	504.000
850.000	483.000
887.000	494.000
891.000	474.000
892.000	456.000
970.000	460.000
979.000	534.000
IMAGE=C:/Users/vmc04/Desktop/Lab reared wings for landmarking/18/APR/APRMB/APR 261.gif
ID=11 : APR 261 18
COMMENT=MB-18
VARIABLES=NA
SCALE=NA

LM=18
743.000	224.000
940.000	149.000
1188.000	122.000
1208.000	137.000
1222.000	156.000
1222.000	178.000
1200.000	215.000
1153.000	255.000
1085.000	298.000
980.000	348.000
770.000	309.000
883.000	275.000
879.000	254.000
924.000	250.000
920.000	226.000
914.000	205.000
990.000	175.000
1042.000	239.000
IMAGE=C:/Users/vmc04/Desktop/Lab reared wings for landmarking/18/APR/APRMB/APR 263-1.gif
ID=12 : APR 263 18
COMMENT=MB-18
VARIABLES=NA
SCALE=NA

LM=18
664.000	501.000
903.000	540.000
1149.000	653.000
1161.000	676.000
1163.000	701.000
1152.000	720.000
1118.000	737.000
1062.000	749.000
981.000	750.000
852.000	743.000
655.000	593.000
774.000	614.000
781.000	594.000
822.000	612.000
830.000	590.000
837.000	567.000
949.000	592.000
960.000	675.000
IMAGE=C:/Users/vmc04/Desktop/Lab reared wings for landmarking/18/APR/APRMB/APR 308.gif
ID=13 : APR 308 18
COMMENT=MB-18
VARIABLES=NA
SCALE=NA

LM=18
701.000	476.000
870.000	484.000
1116.000	577.000
1130.000	598.000
1132.000	617.000
1128.000	640.000
1097.000	660.000
1040.000	676.000
965.000	686.000
840.000	687.000
664.000	558.000
769.000	572.000
772.000	551.000
813.000	568.000
817.000	544.000
821.000	523.000
909.000	532.000
935.000	616.000
IMAGE=C:/Users/vmc04/Desktop/Lab reared wings for landmarking/18/APR/APRMB/APR 439.gif
ID=14 : APR 439 18
COMMENT=MB-18
VARIABLES=NA
SCALE=NA

LM=18
591.000	455.000
742.000	351.000
1003.000	270.000
1021.000	277.000
1040.000	294.000
1044.000	314.000
1033.000	348.000
996.000	392.000
939.000	445.000
839.000	515.000
629.000	524.000
731.000	468.000
724.000	452.000
763.000	440.000
753.000	419.000
744.000	399.000
815.000	358.000
878.000	405.000
IMAGE=C:/Users/vmc04/Desktop/Lab reared wings for landmarking/18/APR/APRMB/APR 475.gif
ID=15 : APR 475 18
COMMENT=MB-18
VARIABLES=NA
SCALE=NA

LM=18
769.000	401.000
949.000	447.000
1184.000	588.000
1190.000	613.000
1187.000	633.000
1174.000	651.000
1141.000	661.000
1083.000	666.000
997.000	659.000
884.000	633.000
739.000	481.000
839.000	512.000
847.000	492.000
890.000	518.000
898.000	497.000
908.000	473.000
985.000	502.000
988.000	581.000
IMAGE=C:/Users/vmc04/Desktop/Lab reared wings for landmarking/18/APR/APRMB/APR 477.gif
ID=16 : APR 477 18
COMMENT=MB-18
VARIABLES=NA
SCALE=NA

LM=18
617.000	416.000
809.000	432.000
1039.000	515.000
1052.000	541.000
1053.000	568.000
1045.000	583.000
1009.000	600.000
958.000	614.000
869.000	619.000
767.000	616.000
589.000	492.000
708.000	512.000
710.000	491.000
759.000	510.000
759.000	490.000
767.000	470.000
835.000	475.000
856.000	552.000
IMAGE=C:/Users/vmc04/Desktop/Lab reared wings for landmarking/18/APR/APRMB/APR 478-1.gif
ID=17 : APR 478 18
COMMENT=MB-18
VARIABLES=NA
SCALE=NA

LM=18
554.000	502.000
764.000	522.000
996.000	600.000
1014.000	625.000
1018.000	648.000
1005.000	669.000
966.000	692.000
914.000	711.000
834.000	719.000
717.000	715.000
534.000	591.000
650.000	601.000
652.000	584.000
702.000	600.000
705.000	577.000
709.000	554.000
793.000	563.000
805.000	641.000
IMAGE=C:/Users/vmc04/Desktop/Lab reared wings for landmarking/18/APR/APRMB/APR 480-1.gif
ID=18 : APR 480 18
COMMENT=MB-18
VARIABLES=NA
SCALE=NA

LM=18
536.000	618.000
725.000	538.000
1015.000	523.000
1030.000	542.000
1040.000	562.000
1039.000	589.000
1022.000	609.000
984.000	644.000
898.000	697.000
790.000	750.000
560.000	699.000
672.000	668.000
667.000	647.000
710.000	642.000
704.000	617.000
701.000	593.000
771.000	569.000
830.000	639.000
IMAGE=C:/Users/vmc04/Desktop/Lab reared wings for landmarking/18/APR/APRMB/APR 523.gif
ID=19 : APR 523 18
COMMENT=MB-18
VARIABLES=NA
SCALE=NA

LM=18
660.000	409.000
850.000	331.000
1135.000	307.000
1156.000	322.000
1171.000	342.000
1172.000	367.000
1145.000	399.000
1093.000	437.000
1016.000	477.000
909.000	525.000
674.000	482.000
798.000	452.000
792.000	429.000
844.000	428.000
835.000	399.000
830.000	378.000
908.000	356.000
966.000	421.000
IMAGE=C:/Users/vmc04/Desktop/Lab reared wings for landmarking/18/APR/APRMB/APR 527.gif
ID=20 : APR 527 18
COMMENT=MB-18
VARIABLES=NA
SCALE=NA

LM=18
850.000	477.000
1035.000	497.000
1276.000	599.000
1289.000	624.000
1292.000	649.000
1282.000	671.000
1249.000	685.000
1181.000	697.000
1103.000	700.000
992.000	693.000
824.000	555.000
942.000	582.000
950.000	561.000
997.000	581.000
1001.000	557.000
1010.000	538.000
1082.000	550.000
1094.000	632.000
IMAGE=C:/Users/vmc04/Desktop/Lab reared wings for landmarking/18/APR/APRMB/APR 571-1.gif
ID=21 : APR 571 18
COMMENT=MB-18
VARIABLES=NA
SCALE=NA

LM=18
664.000	579.000
852.000	551.000
1109.000	594.000
1129.000	615.000
1132.000	631.000
1129.000	658.000
1099.000	678.000
1042.000	705.000
966.000	728.000
855.000	749.000
667.000	656.000
767.000	653.000
764.000	634.000
819.000	638.000
818.000	621.000
817.000	597.000
907.000	589.000
937.000	664.000
IMAGE=C:/Users/vmc04/Desktop/Lab reared wings for landmarking/18/APR/APRMB/APR 575-1.gif
ID=22 : APR 575 18
COMMENT=MB-18
VARIABLES=NA
SCALE=NA

LM=18
710.000	411.000
896.000	451.000
1155.000	594.000
1166.000	617.000
1169.000	644.000
1159.000	665.000
1125.000	679.000
1052.000	685.000
965.000	679.000
836.000	656.000
674.000	501.000
786.000	529.000
792.000	509.000
845.000	538.000
853.000	513.000
864.000	487.000
948.000	510.000
958.000	602.000
IMAGE=C:/Users/vmc04/Desktop/Lab reared wings for landmarking/18/APR/APRMB/APR 702.gif
ID=23 : APR 702 18
COMMENT=MB-18
VARIABLES=NA
SCALE=NA