consensus aligned to its principal axes - from coord_Jul31_Format.txt
-0.36764377062609693 -0.10209054344409663
-0.087783648815524792 -0.12626327469133311
0.28164052731075384 -0.0532472447294818
0.30322075548225358 -0.026915494822408133
0.31308862266049237 0.000805339054129612
0.30768557244395056 0.033992373207517135
0.26189143628910161 0.06483591344636494
0.18368735903069894 0.094193203445278817
0.076437832763150262 0.11810260419522671
-0.089159010972066827 0.14157788222550144
-0.36870385484224372 0.010743713589922106
-0.21309907444987411 0.007298995712196066
-0.21272591204241284 -0.019385721664468523
-0.13949827714246149 -0.0058231538776666088
-0.13922793245754153 -0.036254254990306455
-0.138453343038487 -0.065724437886309342
-0.0055909472310455687 -0.069207992474164398
0.034233665637354249 0.033362093704098518