consensus aligned to its principal axes - from coord_Jul28_Format.txt
-0.35812388042490645 -0.12076508253494511
-0.074208674128540777 -0.13638473645445315
0.29116428129455008 -0.037248552417770905
0.3068559871190899 -0.0047751674017581522
0.3107630593066586 0.025099804442886408
0.29852121479731708 0.052970816606012723
0.25734353062335724 0.079707816543948998
0.17983502777527316 0.10752695584087801
0.075592871023502484 0.12861681078151391
-0.096509285371693759 0.13878135120830659
-0.36558720367642777 -0.013510613556090187
-0.2089200522205214 -0.0042118880895201096
-0.20766685558131176 -0.03282904504555921
-0.14023186291856055 -0.014892900695033264
-0.13886644305347179 -0.046054731997780388
-0.13613274252224825 -0.077528527343908929
-0.013067380115537836 -0.077073586167375155
0.019238408073472456 0.032571276280648161