consensus aligned to its principal axes - from coord_Jul25_Format.txt
-0.37551071109415296 -0.070804123562483334
-0.10235744999023763 -0.12846955545911537
0.27823937826193895 -0.084760001038032454
0.299512778191941 -0.056846058130145156
0.30937236020007197 -0.023920097305119903
0.30225856453276229 0.008353435295716782
0.2658997600077308 0.040567859810621394
0.19655524362235191 0.081413949367802274
0.096420767194851167 0.12282847196597733
-0.072650864944600435 0.16364094611888336
-0.35691977658701596 0.046029518646113939
-0.2062605616148025 0.030587910075798145
-0.20891746042582171 -0.00019880507376266571
-0.13380858788320554 0.0089667237568320009
-0.13570760699012521 -0.026990001092658162
-0.14092140871683395 -0.062114825807828712
-0.03458207656820541 -0.079438928828935274
0.019377652803353559 0.031153581260336398