consensus aligned to its principal axes - from coord_Aug01_Format.txt
-0.36188188007053396 -0.10826580433164724
-0.074274252838682137 -0.12266374382423238
0.29089678502377236 -0.041522357988602966
0.307414805224768 -0.014389129066297688
0.31334343826672606 0.013723224356281382
0.30432841955632123 0.043386148164025327
0.26086214951190856 0.068322615012328169
0.1800423250145182 0.097294830778397387
0.074777537839468444 0.11786368551197894
-0.096959316077854268 0.1325740729712922
-0.36438344408592466 -0.0026602688820087854
-0.22040207306496035 -0.00069977559992642801
-0.22035294817570963 -0.027702135677000878
-0.13796769698887321 -0.0087394844626225432
-0.13761796774896029 -0.040079630244984329
-0.13700255072775075 -0.069557076256653555
-0.0045399994857433148 -0.069349202685201533
0.023716668827510952 0.032464032224875441