TPS like internal (simplified) format - can be converted to other format by using TET

LM=18
701.000	505.000
884.000	412.000
1136.000	364.000
1162.000	375.000
1172.000	392.000
1172.000	413.000
1147.000	446.000
1104.000	488.000
1030.000	539.000
930.000	593.000
742.000	579.000
826.000	539.000
817.000	518.000
871.000	511.000
860.000	487.000
851.000	468.000
927.000	433.000
982.000	492.000
IMAGE=C:/Users/vmc04/Desktop/Lab reared wings for landmarking/18/SJU/SJUMC/SJU 050.gif
ID=1 : SJU 050 18
COMMENT=MC-18
VARIABLES=NA
SCALE=NA

LM=18
722.000	481.000
891.000	593.000
1064.000	802.000
1063.000	827.000
1053.000	840.000
1039.000	852.000
998.000	846.000
940.000	829.000
864.000	796.000
756.000	731.000
673.000	551.000
752.000	613.000
768.000	592.000
795.000	623.000
805.000	609.000
820.000	594.000
895.000	646.000
871.000	720.000
IMAGE=C:/Users/vmc04/Desktop/Lab reared wings for landmarking/18/SJU/SJUMC/SJU 051-1.gif
ID=2 : SJU 051 18
COMMENT=MC-18
VARIABLES=NA
SCALE=NA

LM=18
706.000	572.000
915.000	532.000
1176.000	551.000
1196.000	575.000
1201.000	598.000
1196.000	617.000
1169.000	644.000
1124.000	666.000
1043.000	693.000
931.000	724.000
719.000	644.000
810.000	635.000
809.000	614.000
856.000	616.000
857.000	599.000
859.000	580.000
974.000	566.000
1028.000	639.000
IMAGE=C:/Users/vmc04/Desktop/Lab reared wings for landmarking/18/SJU/SJUMC/SJU 055.gif
ID=3 : SJU 055 18
COMMENT=MC-18
VARIABLES=NA
SCALE=NA

LM=18
440.000	450.000
655.000	543.000
884.000	717.000
887.000	746.000
885.000	772.000
871.000	792.000
833.000	797.000
766.000	787.000
681.000	768.000
569.000	723.000
415.000	531.000
527.000	588.000
537.000	568.000
580.000	607.000
593.000	586.000
605.000	567.000
688.000	604.000
686.000	694.000
IMAGE=C:/Users/vmc04/Desktop/Lab reared wings for landmarking/18/SJU/SJUMC/SJU 137-1.gif
ID=4 : SJU 137 18
COMMENT=MC-18
VARIABLES=NA
SCALE=NA

LM=18
728.000	545.000
931.000	556.000
1185.000	656.000
1206.000	687.000
1206.000	703.000
1190.000	719.000
1151.000	733.000
1094.000	746.000
1015.000	755.000
900.000	755.000
721.000	620.000
823.000	640.000
829.000	620.000
872.000	640.000
876.000	617.000
882.000	594.000
983.000	610.000
989.000	684.000
IMAGE=C:/Users/vmc04/Desktop/Lab reared wings for landmarking/18/SJU/SJUMC/SJU 139.gif
ID=5 : SJU 139 18
COMMENT=MC-18
VARIABLES=NA
SCALE=NA

LM=18
615.000	421.000
818.000	417.000
1079.000	481.000
1090.000	504.000
1093.000	523.000
1087.000	543.000
1055.000	559.000
998.000	579.000
921.000	593.000
806.000	602.000
616.000	500.000
712.000	505.000
715.000	485.000
752.000	493.000
755.000	474.000
759.000	454.000
878.000	458.000
888.000	526.000
IMAGE=C:/Users/vmc04/Desktop/Lab reared wings for landmarking/18/SJU/SJUMC/SJU 189.gif
ID=6 : SJU 189 18
COMMENT=MC-18
VARIABLES=NA
SCALE=NA

LM=18
599.000	556.000
755.000	455.000
1008.000	381.000
1028.000	395.000
1039.000	413.000
1038.000	434.000
1018.000	465.000
981.000	503.000
925.000	553.000
829.000	621.000
629.000	630.000
719.000	575.000
712.000	562.000
753.000	548.000
743.000	527.000
733.000	504.000
816.000	466.000
867.000	520.000
IMAGE=C:/Users/vmc04/Desktop/Lab reared wings for landmarking/18/SJU/SJUMC/SJU 190.gif
ID=7 : SJU 190 18
COMMENT=MC-18
VARIABLES=NA
SCALE=NA

LM=18
668.000	400.000
902.000	381.000
1199.000	427.000
1210.000	446.000
1218.000	465.000
1213.000	492.000
1181.000	519.000
1119.000	543.000
1038.000	568.000
898.000	587.000
678.000	480.000
792.000	483.000
787.000	458.000
851.000	468.000
851.000	447.000
850.000	424.000
960.000	421.000
994.000	496.000
IMAGE=C:/Users/vmc04/Desktop/Lab reared wings for landmarking/18/SJU/SJUMC/SJU 229.gif
ID=8 : SJU 229 18
COMMENT=MC-18
VARIABLES=NA
SCALE=NA