consensus aligned to its principal axes - from coord_Jul21_Format.txt
-0.70019275406635328 -0.012992312882444141
0.21503480534659841 -0.095431047528495558
0.23710438679972431 -0.072624039706130933
-0.023874698367535828 -0.08992642315044215
0.24866052639525504 -0.045908401831164562
0.24066262305415007 -0.015574078431322438
0.20647037580997613 0.012593865615250843
0.016277498798679395 -0.0046301016262969303
0.14503603177008634 0.045081854410540127
0.053413706689866128 0.071036122939326596
-0.31506858809227956 -0.0010090734514407766
-0.079994318520017621 0.097815199072623288
-0.24352959561814963 0.1115684365699966