C:/Users/vmc04/Desktop/Wing saga/Lab reared wings for landmarking/13/ARS/ARSMA/coord_Jul21_Format - {translated and scaled (first one is consensus)} - 1 20 26 0	from C:/Users/vmc04/Dropbox/Homework/ARS/ARSMA/coord_Jul21.txt - TPS like internal (simplified) format - can be converted to other format by using TET	
-0.70052187344601613 -0.012337249278859172 0.21505391922393335 -0.095530613688486948 0.23721263732359801 -0.072698719342756277 -0.024091942190930558 -0.089415929453389581 0.24854443746570551 -0.046108257623158538 0.24080291063594908 -0.016151914673231765 0.20669531416861656 0.012009291620519412 0.016410828614026356 -0.0045957224491028695 0.14521188369460988 0.044546143513698108 0.053435522147643771 0.071136605233296041 -0.31535286465538603 -0.0010054491367520097 -0.079853374573378322 0.098063655075926778 -0.24354739840837084 0.1120881602022968
-0.69607260264725945 0.12748900148161871 0.19912567850462348 -0.13182536207623152 0.21265512355981567 -0.12055082453023809 -0.0353847024520412 -0.08447230438305893 0.2261845686150081 -0.10025665694744981 0.22843947612420654 -0.070942859327866717 0.20138058601382217 -0.030354524162290172 0.023242892787125064 -0.0010407265427071035 0.14951771330225214 0.012488718512485114 0.066086135461900383 0.055331961187260324 -0.29920888102828869 0.066606498733253874 -0.06018868505322663 0.11621446393562521 -0.21577730318793686 0.16131261411959921
-0.69526408143542107 0.095012527001715655 0.20140586486026063 -0.12242993497498736 0.22830596324913122 -0.10225486118333449 -0.042936695505312587 -0.088804811988899321 0.23727266271208816 -0.079838112525942431 0.23503098784634885 -0.052938014137071943 0.20364753972599997 -0.02379624088246228 0.004138476675210793 -0.0081045168222878498 0.15881404241121583 0.016553906700843363 0.06690537291590859 0.061387404015627457 -0.30969600452827789 0.047937354821192227 -0.074320143625661444 0.10846257619615082 -0.21330398530149208 0.14881272377945637
-0.65470391697560903 -0.2617711924294161 0.25165354268688761 -0.010669521546666337 0.26361076510987586 0.018027812268505063 0.026857761134711659 -0.089587189538387638 0.25643643165608299 0.051508035052871826 0.20860754196413067 0.065856701960457384 0.16795298572597103 0.073031035414250309 0.029249205619309278 0.0060705898455171159 0.098601095672640152 0.08259681335264088 0.026857761134711659 0.082596813352640852 -0.28881291083217375 -0.10393585644597336 -0.11423746345654767 0.065856701960457356 -0.2720727994399903 0.020419256753102747
-0.69523174175481195 -0.11592954739499955 0.22563932771664622 -0.068762980422071213 0.2503456247024658 -0.041810656437540859 -0.0034554261518629174 -0.084485169413047456 0.25708370569859845 -0.014858332453010466 0.2436075437063332 0.021078099526363504 0.19644097673340485 0.045784396512183106 0.019004843835245942 -0.0036281974594562284 0.12681413977336772 0.061506585503159093 0.032481005827510991 0.081720828491557027 -0.31116112497525256 -0.041810656437540943 -0.095542533099008717 0.083966855490267958 -0.24602634201263732 0.077228774494135344
-0.70416096660218597 -0.017202629477252068 0.21167425985342583 -0.089617507848160916 0.23084290412807806 -0.072578712937358889 -0.031128567625503825 -0.085357809120460454 0.24575184967503 -0.047020520571155765 0.24362200031117973 -0.017202629477252127 0.2095444104895757 0.012615261616651571 0.026377365198453209 0.0019660147974002707 0.15203847766561857 0.048822700802105996 0.054065406928506587 0.074380893168309051 -0.31013883428988787 -0.0065533826580008144 -0.082244952357910045 0.09354953744296142 -0.24624335337437997 0.1041987842622128
-0.70540590170104389 0.051955333519240261 0.19723784021193083 -0.1189841279977665 0.22642262632459054 -0.093968597044058078 -0.048748214166200829 -0.083545459146679671 0.23684576422196899 -0.075206948828776959 0.23476113664249329 -0.039768279977690085 0.20349172295035803 -0.0084988662855547525 0.020044495956496881 -0.006414238706079 0.15346066104294132 0.031109057724483431 0.074244813022865008 0.064463098996094509 -0.311411289180138 0.031109057724483399 -0.05708672448410354 0.10615565058560829 -0.22385693084215902 0.14159431943669507
-0.70293389070974044 0.0025350526712869586 0.21511732667778782 -0.10103995646986999 0.23159516904115346 -0.082208136626023193 -0.010864511448373257 -0.093978024028427393 0.24571903392403857 -0.051606429379772216 0.2363031240021152 -0.021004722133521319 0.2057014167558642 0.0048890301517679671 0.031507083200281949 0.00018107519080621791 0.14685197974384323 0.042552669839461321 0.04563094808316713 0.070800399605231448 -0.29569578658655493 0.011950962593210357 -0.088545768304240879 0.099048129371001548 -0.26038612437934217 0.11787994921484825
-0.69593594043887919 0.053619977879258506 0.20773727956814525 -0.1091664220296281 0.22443332058444129 -0.092470381013332104 -0.026007294659999538 -0.079948350251109995 0.23904235647370037 -0.075774339997035978 0.23904235647370037 -0.044469263091480908 0.21817230520333028 -0.0089901759318517099 0.017819813007777512 -0.0048161656777777236 0.14512712575703501 0.03066292148185136 0.053298900167406793 0.066142008641480524 -0.32027501757221771 0.030662921481851329 -0.063573386946665686 0.10370810092814671 -0.23888181761777444 0.13083916757962777
-0.69669953361643944 0.014504387951313024 0.20583193238773409 -0.10837548300700167 0.23549259089491351 -0.080833442964620847 -0.02721609874010426 -0.089307916823814906 0.24820430168370469 -0.053291402922239918 0.24608568321890603 -0.019393507485463451 0.21430640624692809 0.0060299140921189669 0.015156270555866385 -0.0066817966966722375 0.14862923383817381 0.039927809528895374 0.042698310598247205 0.067469849571276289 -0.31111097302310714 0.010267151021716025 -0.073825704965671882 0.10136774500805273 -0.24755241907915126 0.11831669272644098
-0.70283012279707024 -0.041449888256009308 0.20706764352453777 -0.091080675509915165 0.23542809338391243 -0.065083596472154975 -0.019815955350460632 -0.093444046331529737 0.25669843077844351 -0.029633034147936541 0.24488157667037097 -0.0083626967534053426 0.20943101434615222 0.015271011462740321 0.0061811236872996635 -0.0059993259317908431 0.14325663134094449 0.055448315430187897 0.048721798476361725 0.074355282003104498 -0.31523730805228145 -0.010726067575019959 -0.076536855069210305 0.093262248576020973 -0.23724607093900077 0.10744247350570842
-0.69096061095279204 0.0943177041387009 0.20180827198392434 -0.12259545156203587 0.22692453211769387 -0.10661237693145528 -0.035654551098987505 -0.081496116797685633 0.24519090312407155 -0.079212820421888472 0.23834101399667987 -0.047246671160727352 0.21094145748711313 -0.022130411026957775 0.021427858295943264 -0.00614733639637718 0.1470091589647908 0.021252220113189599 0.051110711181307215 0.060068258501742411 -0.30051693069146584 0.041801887495364461 -0.072187293111743087 0.10573418601768687 -0.24343452129653517 0.14226692803044258
-0.71008554230536858 -0.029484520787766106 0.21850135940933868 -0.086523028264099536 0.23447214150271203 -0.065989165572619468 -0.023341912290314914 -0.093367649161259544 0.24587984299797869 -0.040892222283032777 0.23903522210081857 -0.011232198395339428 0.20709365791407189 0.02070936579140718 0.015444272793591772 -0.00438757749817949 0.13864744894247191 0.0526509299781538 0.05651199817655192 0.070903252370580538 -0.30625290937292821 -0.011232198395339494 -0.073535798869488064 0.093718655361113887 -0.24236978099943474 0.10512635685638047
-0.69605088323182784 -0.083784690209379328 0.22285876989702905 -0.071621024524159679 0.23502243558224858 -0.052822632101547806 -0.010462453701272783 -0.094842568105033317 0.24608031347790268 -0.028495300731108633 0.23944558674051036 0.006889908534984536 0.20848352863267858 0.033428815484554342 0.0028069997735121997 -0.0063795449398004076 0.14877098799614649 0.062179298013255037 0.051461662514390362 0.079871902646301687 -0.32450618593784958 -0.035130027468501163 -0.087867598970851585 0.095352931700217414 -0.23604316277261664 0.095352931700217455
-0.69347179760273792 -0.13028477961392729 0.21549548510714378 -0.061956942872637775 0.23827143068757373 -0.035039916277584328 0.0063708938686516149 -0.095085590989626725 0.24862413322413274 -0.0039818086679073595 0.24241251170219721 0.02914683944908153 0.1989311610486495 0.051922785029511476 0.0084414343759635357 -0.0081228896825308785 0.14095602684391897 0.072628190102629525 0.045711163507575946 0.080910352131876737 -0.31456288476467792 -0.057815861858014184 -0.080591807438444046 0.085051433146500252 -0.25658775055994731 0.072628190102629581
-0.67063664769275055 -0.046976963244178223 0.22084572375711364 -0.096113786867399062 0.25126375742863122 -0.065695753195881335 -0.036537638078805244 -0.098453635611361959 0.25828330366051977 -0.030598022036437876 0.23956451370881682 -0.00017998836492017238 0.21382617752522481 0.025558347818671643 -0.001439906919361778 -0.011879232084734728 0.15299011018218947 0.055976381490189311 0.057056311679710682 0.08171471767378112 -0.32433903358624167 -0.016558929572660589 -0.10205340290976625 0.10043350762548443 -0.25882326875528044 0.10277335636944723
-0.69728939196077566 -0.019246818304414361 0.21236743586735216 -0.095581657003278211 0.23357155772814767 -0.068016298584244114 -0.046322850834353231 -0.089220420445039625 0.24841444303070453 -0.038330527979130322 0.2441736186585452 -0.0086447573740166626 0.21236743586735191 0.016800188858938015 0.017289514748033308 -0.0044039330018575597 0.1508754824710451 0.044365547277972178 0.063938582841783387 0.06981049351092676 -0.32197643502469503 -0.012885581746175765 -0.080249445811626116 0.099496264116040456 -0.23715994758151282 0.10585750067427911
-0.69434855547178609 -0.044669700019259621 0.22454653802784902 -0.082493469001084868 0.2423459587251785 -0.060244193129422932 -0.017970568973265082 -0.089168251762583264 0.24679581389951089 -0.037994917257761017 0.24457088631234469 -0.0068459310374344587 0.20674711733051965 0.024303055182892216 0.015403344834227463 -0.0023960758631020227 0.13999928971553394 0.055452041403218827 0.044327403467387921 0.075476389687714501 -0.32501057600219901 -0.022420424147597734 -0.080268541413918426 0.095500737972210134 -0.24713811045138248 0.09550073797221012
-0.69915680198474883 0.0010214124207227849 0.21483707915869293 -0.1007793588446485 0.23918074185258631 -0.072009575660956643 -0.030812608025137432 -0.085287937130352862 0.25024604307708331 -0.045452852722164067 0.24139380209748582 -0.021109190028270906 0.20377177793419629 0.0076605931554209741 0.0223008378524477 -0.0078308285588747154 0.13959303083211455 0.040856496828911563 0.055496741525938267 0.069626280012603417 -0.32293656035185503 0.0010214124207227693 -0.075073812923124872 0.09839606319629525 -0.23884027104567856 0.11388748491059085
-0.694872238260129 -0.058399949778510575 0.22749831182375002 -0.074263816733270094 0.24109591207068687 -0.056133683070687841 -0.017258492621112224 -0.087861416980206955 0.25016097890197819 -0.026672215868991444 0.24562844548633272 -0.0017432820829406566 0.19803684462205387 0.027718185118755803 0.023534308119698286 -0.0040095487907633913 0.13911391021866115 0.052647118904806528 0.052995775321394739 0.070777252567388982 -0.32547076488501259 -0.019873415745523017 -0.089779027271441533 0.086641119522148508 -0.25068396352686029 0.091173652937794128
-0.68049603512804435 0.14988669384631512 0.18400724203897242 -0.14431599210057527 0.22247990097048875 -0.11942191867429999 -0.04230251638171266 -0.085475454911197207 0.23832158405993664 -0.099054040416438269 0.23379538889152299 -0.067370674237542352 0.2021120227126271 -0.031161112890232833 0.0074856304708381264 -0.0062670394639574873 0.15232387586007651 0.005048448457076824 0.066326167660216151 0.05257349772542063 -0.30708493373391416 0.072941375983282347 -0.060407297055367418 0.10915093733059193 -0.21656103036564017 0.16346527935155628
