consensus aligned to its principal axes - from coord_Jul18_Format.txt
-0.66960631618609012 -0.099114398794980046
0.23273025942859446 -0.070871558693474668
0.25297356486373185 -0.038855831705571831
-0.028561645864319283 -0.098710440612073139
0.2569784782610875 -0.010707803605781182
0.24616746212915563 0.015404460994098592
0.20827109085715081 0.038818953002291073
-0.0038175484623761552 -0.0055442785716435941
0.14253582908320397 0.061995694500380359
0.047235498836498198 0.08033009327546968
-0.33452464082159311 -0.042065895590872412
-0.099466480377384148 0.088893128856114917
-0.25091555174765962 0.080427876946042226