path	image	ID	COMMENT	VAR	SCALE	x1	y1	x2	y2	x3	y3	x4	y4	x5	y5	x6	y6	x7	y7	x8	y8	x9	y9	x10	y10	x11	y11	x12	y12	x13	y13	x14	y14	x15	y15	x16	y16	x17	y17	x18	y18	
C:/Users/vmc04/Desktop/Lab reared wings for landmarking/18/ARS/ARSMA	ARS 023.gif	1 : ARS 023 18	MA-18	NA	NA	647.000	416.000	846.000	345.000	1123.000	327.000	1134.000	336.000	1152.000	357.000	1159.000	383.000	1131.000	419.000	1085.000	457.000	1007.000	496.000	902.000	545.000	684.000	500.000	785.000	470.000	778.000	447.000	827.000	447.000	822.000	420.000	816.000	398.000	914.000	371.000	972.000	443.000			
C:/Users/vmc04/Desktop/Lab reared wings for landmarking/18/ARS/ARSMA	ARS 032.gif	2 : ARS 032 18	MA-18	NA	NA	726.000	573.000	934.000	506.000	1226.000	513.000	1242.000	535.000	1251.000	553.000	1249.000	575.000	1227.000	601.000	1171.000	643.000	1105.000	674.000	982.000	719.000	757.000	662.000	875.000	633.000	870.000	610.000	923.000	603.000	919.000	585.000	913.000	561.000	1003.000	538.000	1049.000	612.000			
C:/Users/vmc04/Desktop/Lab reared wings for landmarking/18/ARS/ARSMA	ARS 074.gif	3 : ARS 074 18	MA-18	NA	NA	663.000	438.000	837.000	471.000	1090.000	596.000	1097.000	619.000	1094.000	642.000	1056.000	659.000	1014.000	663.000	969.000	667.000	899.000	672.000	784.000	658.000	634.000	515.000	743.000	547.000	751.000	527.000	793.000	550.000	803.000	528.000	812.000	507.000	905.000	534.000	905.000	616.000			
C:/Users/vmc04/Desktop/Lab reared wings for landmarking/18/ARS/ARSMA	ARS 078-1.gif	4 : ARS 078 18	MA-18	NA	NA	490.000	752.000	709.000	754.000	974.000	820.000	995.000	846.000	1000.000	867.000	990.000	896.000	946.000	918.000	881.000	940.000	806.000	949.000	684.000	959.000	487.000	842.000	603.000	849.000	602.000	826.000	653.000	838.000	653.000	817.000	652.000	793.000	766.000	798.000	785.000	880.000			
C:/Users/vmc04/Desktop/Lab reared wings for landmarking/18/ARS/ARSMA	ARS 113.gif	5 : ARS 113 18	MA-18	NA	NA	655.000	412.000	863.000	386.000	1151.000	423.000	1171.000	441.000	1184.000	467.000	1183.000	493.000	1151.000	519.000	1100.000	551.000	1005.000	578.000	875.000	596.000	672.000	506.000	778.000	497.000	778.000	477.000	826.000	481.000	825.000	458.000	825.000	435.000	928.000	430.000	982.000	511.000			
C:/Users/vmc04/Desktop/Lab reared wings for landmarking/18/ARS/ARSMA	ARS 118.gif	6 : ARS 118 18	MA-18	NA	NA	633.000	458.000	852.000	411.000	1145.000	418.000	1168.000	436.000	1182.000	460.000	1181.000	485.000	1160.000	515.000	1101.000	555.000	1027.000	589.000	900.000	631.000	650.000	560.000	769.000	533.000	766.000	513.000	821.000	511.000	819.000	485.000	814.000	460.000	909.000	445.000	971.000	523.000			
C:/Users/vmc04/Desktop/Lab reared wings for landmarking/18/ARS/ARSMA	ARS 120.gif	7 : ARS 120 18	MA-18	NA	NA	712.000	389.000	894.000	358.000	1169.000	388.000	1183.000	406.000	1191.000	431.000	1187.000	452.000	1159.000	477.000	1106.000	506.000	1029.000	531.000	913.000	561.000	733.000	481.000	832.000	468.000	829.000	447.000	884.000	450.000	882.000	429.000	880.000	403.000	974.000	394.000	1011.000	470.000			
C:/Users/vmc04/Desktop/Lab reared wings for landmarking/18/ARS/ARSMA	ARS 164.gif	8 : ARS 164 18	MA-18	NA	NA	731.000	466.000	957.000	413.000	1262.000	417.000	1278.000	430.000	1291.000	451.000	1290.000	475.000	1269.000	508.000	1196.000	551.000	1109.000	585.000	1000.000	621.000	756.000	553.000	875.000	529.000	873.000	508.000	925.000	508.000	923.000	487.000	921.000	464.000	1028.000	441.000	1075.000	519.000			
C:/Users/vmc04/Desktop/Lab reared wings for landmarking/18/ARS/ARSMA	ARS 165.gif	9 : ARS 165 18	MA-18	NA	NA	529.000	337.000	744.000	296.000	1037.000	318.000	1065.000	343.000	1072.000	367.000	1068.000	395.000	1038.000	422.000	969.000	457.000	878.000	485.000	762.000	515.000	542.000	426.000	666.000	410.000	666.000	390.000	717.000	393.000	719.000	366.000	717.000	343.000	810.000	332.000	854.000	411.000			
C:/Users/vmc04/Desktop/Lab reared wings for landmarking/18/ARS/ARSMA	ARS 247-1.gif	10 : ARS 247 18	MA-18	NA	NA	789.000	438.000	991.000	422.000	1245.000	468.000	1258.000	487.000	1267.000	504.000	1262.000	538.000	1235.000	557.000	1181.000	584.000	1101.000	603.000	991.000	618.000	794.000	530.000	891.000	520.000	892.000	500.000	943.000	506.000	944.000	483.000	943.000	462.000	1039.000	461.000	1065.000	534.000			
C:/Users/vmc04/Desktop/Lab reared wings for landmarking/18/ARS/ARSMA	ARS 251-1.gif	11 : ARS 251 18	MA-18	NA	NA	456.000	684.000	655.000	622.000	918.000	617.000	944.000	635.000	958.000	655.000	956.000	682.000	933.000	706.000	872.000	743.000	794.000	778.000	683.000	819.000	476.000	762.000	598.000	740.000	594.000	718.000	651.000	714.000	644.000	694.000	636.000	672.000	715.000	654.000	758.000	722.000			
C:/Users/vmc04/Desktop/Lab reared wings for landmarking/18/ARS/ARSMA	ARS 259.gif	12 : ARS 259 18	MA-18	NA	NA	711.000	516.000	919.000	482.000	1185.000	543.000	1193.000	554.000	1202.000	579.000	1195.000	604.000	1170.000	628.000	1108.000	655.000	1031.000	675.000	921.000	693.000	722.000	600.000	826.000	594.000	824.000	573.000	868.000	578.000	869.000	558.000	869.000	536.000	960.000	531.000	999.000	607.000			
C:/Users/vmc04/Desktop/Lab reared wings for landmarking/18/ARS/ARSMA	ARS 294.gif	13 : ARS 294 18	MA-18	NA	NA	720.000	567.000	943.000	563.000	1210.000	625.000	1226.000	650.000	1234.000	673.000	1225.000	701.000	1200.000	724.000	1145.000	748.000	1060.000	767.000	931.000	776.000	712.000	658.000	819.000	662.000	823.000	636.000	881.000	648.000	880.000	625.000	882.000	602.000	994.000	607.000	1015.000	691.000			
C:/Users/vmc04/Desktop/Lab reared wings for landmarking/18/ARS/ARSMA	ARS 300.gif	14 : ARS 300 18	MA-18	NA	NA	721.000	417.000	959.000	424.000	1240.000	515.000	1258.000	541.000	1263.000	568.000	1257.000	595.000	1222.000	617.000	1150.000	639.000	1068.000	646.000	944.000	652.000	722.000	513.000	853.000	528.000	858.000	506.000	908.000	516.000	911.000	497.000	916.000	466.000	1025.000	478.000	1043.000	567.000			
C:/Users/vmc04/Desktop/Lab reared wings for landmarking/18/ARS/ARSMA	ARS 384.gif	15 : ARS 384 18	MA-18	NA	NA	582.000	543.000	779.000	517.000	1064.000	570.000	1075.000	589.000	1083.000	612.000	1074.000	643.000	1052.000	661.000	1001.000	690.000	906.000	710.000	780.000	728.000	585.000	633.000	700.000	630.000	699.000	607.000	746.000	616.000	746.000	591.000	746.000	565.000	832.000	561.000	871.000	640.000			
C:/Users/vmc04/Desktop/Lab reared wings for landmarking/18/ARS/ARSMA	ARS 390.gif	16 : ARS 390 18	MA-18	NA	NA	665.000	411.000	892.000	385.000	1183.000	428.000	1203.000	452.000	1213.000	476.000	1211.000	499.000	1180.000	526.000	1123.000	552.000	1037.000	576.000	904.000	599.000	670.000	505.000	795.000	496.000	795.000	474.000	844.000	480.000	841.000	456.000	840.000	432.000	946.000	427.000	993.000	507.000			
C:/Users/vmc04/Desktop/Lab reared wings for landmarking/18/ARS/ARSMA	ARS 434.gif	17 : ARS 434 18	MA-18	NA	NA	581.000	383.000	792.000	361.000	1074.000	414.000	1089.000	433.000	1096.000	454.000	1097.000	478.000	1058.000	509.000	997.000	537.000	915.000	556.000	798.000	573.000	581.000	471.000	696.000	466.000	697.000	443.000	749.000	453.000	749.000	429.000	751.000	406.000	860.000	405.000	895.000	492.000			
C:/Users/vmc04/Desktop/Lab reared wings for landmarking/18/ARS/ARSMA	ARS 516.gif	18 : ARS 516 18	MA-18	NA	NA	632.000	452.000	839.000	438.000	1116.000	496.000	1133.000	514.000	1139.000	536.000	1133.000	559.000	1099.000	583.000	1044.000	607.000	969.000	622.000	841.000	638.000	633.000	537.000	742.000	537.000	745.000	518.000	795.000	526.000	797.000	502.000	798.000	481.000	895.000	478.000	935.000	555.000			
C:/Users/vmc04/Desktop/Lab reared wings for landmarking/18/ARS/ARSMA	ARS 521-1.gif	19 : ARS 521 18	MA-18	NA	NA	503.000	578.000	712.000	504.000	990.000	481.000	1012.000	497.000	1023.000	516.000	1025.000	539.000	998.000	573.000	952.000	611.000	882.000	651.000	769.000	702.000	537.000	666.000	652.000	629.000	645.000	608.000	699.000	602.000	693.000	580.000	684.000	557.000	776.000	529.000	827.000	599.000			