consensus aligned to its principal axes - from coord_Jul18_Format.txt
-0.69062059472298121 -0.082121136105482842
0.22778061825519585 -0.06840926051787162
0.24847344514794001 -0.040498909309580534
-0.018554717783408167 -0.088650522290826109
0.2549782732162062 -0.015243467304234525
0.24546045967563176 0.0088586206820795762
0.2061195562552903 0.031739384216428863
0.0051383362440892014 -0.0026606390294213571
0.13834390258897447 0.054582133757581933
0.047656458391305445 0.072622610264780743
-0.31792671711410581 -0.032686888512532389
-0.092578711976643954 0.084276151924389905
-0.25427030817749419 0.078191922224688376