C:/Users/vmc04/Desktop/CLIC practice for workflow tutorial/Field 18 scaled data for tutorial - {Relative warps} - Field 18 copy for tutorial, 4 from ARS, APR, RPV, RMO
0.01384 0.00739 0.01129 -0.00129 0.00181 -0.00091 0.00657 -0.00977 0.00229 -0.00016 -0.00615 0.00576 0.00024 -0.00029 0.00085
0.02845 0.00459 -0.01644 0.01255 0.01770 -0.00668 -0.00019 0.00086 0.00118 -0.00032 0.00030 0.00028 0.00216 0.00071 -0.00266
-0.01022 -0.01321 -0.02973 -0.00669 -0.00130 -0.00125 -0.00565 0.00479 -0.00575 0.00417 -0.00191 0.00461 -0.00207 -0.00192 0.00027
-0.00738 -0.01752 -0.02117 0.00316 -0.00389 -0.00770 0.01537 -0.00400 0.00296 -0.00296 0.00162 -0.00306 -0.00128 0.00105 0.00130
-0.05009 0.01907 0.00243 0.01422 0.01135 -0.00147 -0.00500 0.00221 0.00349 -0.00376 0.00022 0.00124 -0.00104 0.00028 0.00084
0.00445 0.03180 -0.01217 -0.00120 -0.00748 0.00693 0.00448 -0.00065 -0.00892 -0.00120 0.00193 -0.00097 0.00363 -0.00050 0.00100
0.03010 -0.00154 0.00316 -0.01106 -0.00116 -0.00704 -0.00999 0.00682 0.00488 -0.00569 0.00076 0.00016 0.00127 0.00034 0.00224
0.00670 0.02070 0.00583 -0.01673 0.00154 -0.00247 0.00222 -0.00263 0.00345 0.00221 0.00507 0.00001 -0.00452 -0.00237 -0.00112
0.00275 -0.00762 -0.00296 0.00946 -0.00930 0.00202 -0.01501 -0.01185 0.00096 0.00366 0.00302 -0.00063 0.00016 0.00206 0.00026
-0.01365 0.00032 -0.00770 -0.02055 0.00150 0.01112 -0.00151 0.00028 0.00344 -0.00150 -0.00386 -0.00272 0.00021 0.00410 -0.00137
-0.00179 -0.01068 0.01336 0.00536 -0.01172 0.00550 0.00695 0.00671 0.00121 -0.00017 0.00423 0.00571 0.00075 0.00286 -0.00101
-0.02310 -0.00179 0.01441 -0.00538 -0.01365 -0.01654 -0.00119 0.00045 -0.00228 0.00123 -0.00216 -0.00195 0.00286 -0.00135 -0.00157
0.00422 0.00151 0.00447 0.00709 0.00154 0.00521 0.00355 0.00590 0.00703 0.01071 -0.00149 -0.00303 0.00135 -0.00139 0.00118
0.01989 0.00438 0.01255 0.01320 -0.00503 -0.00036 -0.00059 0.00402 -0.00745 -0.00109 -0.00335 -0.00310 -0.00509 0.00184 -0.00007
0.00195 -0.01652 0.00293 0.00641 -0.00372 0.01231 -0.00152 -0.00113 0.00183 -0.00643 -0.00061 -0.00140 0.00029 -0.00565 -0.00099
-0.00613 -0.02088 0.01972 -0.00855 0.02180 0.00134 0.00150 -0.00201 -0.00834 0.00132 0.00238 -0.00092 0.00108 0.00024 0.00085