C:/Users/vmc04/Desktop/CLIC practice for workflow tutorial/Field 18 scaled data for tutorial - partial warps scores - U1 y U2 en las dos ultimas columnas - Field 18 copy for tutorial, 4 from ARS, APR, RPV, RMO  
-0.013946704793894 0.0076835379904432 -0.01149067700296 -0.0011393547706393 0.001786510206109 0.00090495510978643 0.0065222278056107 0.0097839274545578 0.0022635100632217 -0.00011506125043967 0.0062042891365732 -0.0057274446375032 -0.00024246912913498 -0.00036275303979881 0.00088600012275414 -6.8253479041131e-05 -4.0964874186938e-05 2.3987773001127e-05 -5.6468364737762e-06 -3.258268474073e-05 -4.3071109840471e-05 -8.519387356693e-06 -2.5967548240519e-05 -2.4133283049357e-05 2.2409148209627e-05 1.8512353398197e-05 -2.5968599685161e-05 1.2452429696692e-05 4.1350488684025e-06 1.3162327329042e-05 3.7605750924717e-05 -1.6948768764046e-05
-0.028553393167927 0.0048858873188257 0.016240760249801 0.012694627649833 0.017668632653712 0.0066793843414375 -0.00023816682684958 -0.00084386250693871 0.0011572290072712 -0.00027418806896736 -0.00024443904695392 -0.00023936667666461 -0.0021634779935441 0.00064480318986029 -0.002620180056314 -6.8253479039082e-05 -4.0964874186913e-05 2.3987773001478e-05 -5.6468364740713e-06 -3.2582684740214e-05 -4.3071109840538e-05 -8.5193873566283e-06 -2.5967548240494e-05 -2.4133283049361e-05 2.2409148209769e-05 1.8512353397998e-05 -2.5968599685315e-05 1.2452429696719e-05 4.1350488683969e-06 1.3162327329046e-05 3.7605750924754e-05 -1.6948768764033e-05
0.010114946213259 -0.012915436236685 0.029528246052993 -0.006541844789191 -0.0013297211454632 0.0012480707902653 -0.0057052872474489 -0.0047755119942604 -0.0057744566749751 0.0042169448129468 0.0019653263283439 -0.0045726428737795 0.0020678532395814 -0.0019921806900925 0.00030973953511138 -6.8253479039696e-05 -4.0964874187082e-05 2.3987773001009e-05 -5.6468364740844e-06 -3.2582684740426e-05 -4.3071109840551e-05 -8.5193873566652e-06 -2.5967548240641e-05 -2.4133283049321e-05 2.2409148209742e-05 1.8512353398096e-05 -2.5968599685282e-05 1.2452429696738e-05 4.1350488684415e-06 1.3162327329074e-05 3.7605750924777e-05 -1.694876876411e-05
0.0072746222420225 -0.017231766895177 0.020967897001431 0.0033049787193461 -0.0039145403931414 0.0076946571548981 0.015321602284963 0.0040151093616866 0.0029388763457491 -0.0029184431003805 -0.0015613121786829 0.0030931989940613 0.0012728952879037 0.00098201572655844 0.0013369667655092 -6.8253479039734e-05 -4.0964874187001e-05 2.398777300137e-05 -5.6468364739762e-06 -3.2582684740655e-05 -4.3071109840622e-05 -8.5193873564187e-06 -2.5967548240681e-05 -2.4133283049319e-05 2.2409148209741e-05 1.8512353398073e-05 -2.5968599685346e-05 1.2452429696634e-05 4.1350488684946e-06 1.3162327329123e-05 3.7605750924776e-05 -1.6948768764078e-05
0.049985883072043 0.019365619369346 -0.0026324771736461 0.014370535332714 0.011326666980464 0.001471580576661 -0.0050486161041889 -0.0021922699992383 0.0034686487609619 -0.0037159377827821 -0.00016308145275901 -0.0012087242854571 0.0010331225404039 0.00021283139146836 0.00087248798032831 -6.8253479039746e-05 -4.0964874186902e-05 2.3987773001266e-05 -5.6468364741481e-06 -3.2582684740593e-05 -4.3071109840515e-05 -8.5193873565255e-06 -2.5967548240555e-05 -2.4133283049323e-05 2.2409148209704e-05 1.8512353398113e-05 -2.5968599685254e-05 1.2452429696674e-05 4.1350488684846e-06 1.3162327329076e-05 3.760575092475e-05 -1.6948768764076e-05
-0.0045485386165413 0.032096116597566 0.011966339507109 -0.0010547971219496 -0.0075051774422193 -0.0069326393892693 0.0044299356382267 0.00067255687547229 -0.00893943480741 -0.0011571920002525 -0.0018768526311452 0.0010034770114687 -0.0036371371967635 -0.00056783825323616 0.0010317379257795 -6.8253479040318e-05 -4.0964874187185e-05 2.3987773001085e-05 -5.6468364740638e-06 -3.2582684740341e-05 -4.3071109840308e-05 -8.5193873566496e-06 -2.5967548240639e-05 -2.4133283049335e-05 2.2409148209691e-05 1.8512353398019e-05 -2.59685996853e-05 1.2452429696644e-05 4.1350488685198e-06 1.3162327329069e-05 3.7605750924752e-05 -1.6948768764019e-05
-0.030204009227801 -0.0012496214267092 -0.0033548813807434 -0.010917139602891 -0.0011855446366467 0.0070340501689396 -0.010038412766502 -0.0068001503822045 0.0048559521975273 -0.0056411557652925 -0.00070822783150658 -0.00012502367417841 -0.0012717149845698 0.00026693341566738 0.0022723281253243 -6.8253479039808e-05 -4.0964874186957e-05 2.39877730009e-05 -5.6468364742689e-06 -3.2582684740884e-05 -4.3071109840545e-05 -8.5193873564285e-06 -2.5967548240614e-05 -2.4133283049353e-05 2.2409148209725e-05 1.8512353398048e-05 -2.5968599685291e-05 1.2452429696563e-05 4.1350488685615e-06 1.316232732908e-05 3.7605750924777e-05 -1.6948768764011e-05
-0.0068000830454983 0.020987960093159 -0.0060273586903947 -0.016579500285313 0.0015159564886321 0.0024649245585025 0.0021638303969266 0.0026495497116796 0.0034297391121462 0.0022535105850852 -0.0050204831747826 2.7924292605701e-05 0.0045162419646003 -0.0024366577678513 -0.0010814880615195 -6.8253479039405e-05 -4.096487418701e-05 2.3987773001259e-05 -5.6468364740647e-06 -3.2582684740277e-05 -4.3071109840604e-05 -8.5193873565777e-06 -2.596754824057e-05 -2.4133283049274e-05 2.240914820968e-05 1.8512353398004e-05 -2.5968599685312e-05 1.2452429696771e-05 4.1350488684331e-06 1.3162327329e-05 3.7605750924687e-05 -1.6948768764068e-05
-0.0028490179293066 -0.0073304129020235 0.0027630867439879 0.0096057665972654 -0.0093304795020886 -0.0020247218869932 -0.015066174837267 0.01186568907226 0.00093522148450992 0.0037054663288854 -0.0029618198635494 0.00066528727649194 -0.00016775624519465 0.0019894563543384 0.0002991272849646 -6.8253479039451e-05 -4.0964874186939e-05 2.3987773001302e-05 -5.646836474027e-06 -3.2582684740795e-05 -4.3071109840563e-05 -8.5193873564794e-06 -2.5967548240588e-05 -2.4133283049355e-05 2.2409148209733e-05 1.8512353398067e-05 -2.5968599685267e-05 1.2452429696649e-05 4.135048868453e-06 1.3162327329109e-05 3.7605750924792e-05 -1.6948768764073e-05
0.013551970364824 0.00061081244097228 0.0075010139645545 -0.020401060504607 0.0014696540522765 -0.011120119956936 -0.0015578889331914 -0.00026648618293509 0.0034194264020122 -0.0014566245689268 0.0039109167547578 0.0027540616000184 -0.00021375220446576 0.0040338531061517 -0.0013380110489845 -6.8253479039135e-05 -4.096487418665e-05 2.3987773001411e-05 -5.6468364740667e-06 -3.2582684740511e-05 -4.307110984059e-05 -8.5193873565071e-06 -2.5967548240601e-05 -2.4133283049379e-05 2.2409148209775e-05 1.851235339806e-05 -2.5968599685336e-05 1.2452429696611e-05 4.1350488685293e-06 1.3162327329031e-05 3.760575092476e-05 -1.6948768764017e-05
0.0016858196094379 -0.01038826659707 -0.013562047520982 0.0055113947207706 -0.011744368251359 -0.0054994509408498 0.0068936639107592 -0.0066944561674801 0.0011881438476859 -0.00012735990957928 -0.0041788913525088 -0.0056758112826557 -0.00074945701748212 0.0027885766121123 -0.00097402455352472 -6.8253479039769e-05 -4.0964874186833e-05 2.398777300117e-05 -5.6468364742268e-06 -3.2582684740343e-05 -4.3071109840328e-05 -8.5193873566255e-06 -2.5967548240545e-05 -2.4133283049412e-05 2.2409148209655e-05 1.8512353398003e-05 -2.5968599685349e-05 1.245242969676e-05 4.135048868458e-06 1.316232732908e-05 3.7605750924726e-05 -1.6948768764038e-05
0.023001202324299 -0.0014962834930118 -0.014613177419873 -0.0052332025228442 -0.013674713526636 0.016540373433927 -0.0012409193392512 -0.00042844331214001 -0.0023064481073687 0.0012725638097047 0.0022089373753515 0.0019854275567381 -0.0028618764106889 -0.0014146844439904 -0.0015302133186237 -6.8253479039521e-05 -4.0964874187113e-05 2.3987773001352e-05 -5.646836473837e-06 -3.2582684740457e-05 -4.3071109840515e-05 -8.5193873566708e-06 -2.596754824057e-05 -2.4133283049344e-05 2.2409148209761e-05 1.851235339803e-05 -2.5968599685244e-05 1.2452429696702e-05 4.1350488683983e-06 1.316232732903e-05 3.7605750924759e-05 -1.6948768764046e-05
-0.0043246506235905 0.001803752757935 -0.0046720581245481 0.0072416065974053 0.001517119440626 -0.0052139642389945 0.0034977340278609 -0.0058778933050443 0.0070100276050842 0.010757896893116 0.0015486684127819 0.0030647006607289 -0.0013521364445566 -0.0014612347557104 0.0012174705945676 -6.8253479041027e-05 -4.0964874187515e-05 2.3987773001124e-05 -5.646836473812e-06 -3.2582684740529e-05 -4.3071109840498e-05 -8.5193873564884e-06 -2.5967548240721e-05 -2.4133283049284e-05 2.2409148209702e-05 1.8512353398031e-05 -2.5968599685236e-05 1.245242969659e-05 4.1350488685709e-06 1.3162327329053e-05 3.7605750924719e-05 -1.6948768764083e-05
-0.019992697836707 0.0046775437661327 -0.012752192987586 0.013343795300675 -0.0050525242052451 0.00035652067229389 -0.00064023650981791 -0.003998379868844 -0.0074749603829304 -0.001046626444671 0.0034054732241813 0.0031352814179321 0.0050837330169701 0.0017758654773148 -3.7778652006742e-05 -6.8253479037853e-05 -4.0964874186732e-05 2.3987773001304e-05 -5.6468364740365e-06 -3.2582684740458e-05 -4.3071109840685e-05 -8.5193873564515e-06 -2.5967548240618e-05 -2.4133283049256e-05 2.2409148209773e-05 1.851235339813e-05 -2.5968599685263e-05 1.2452429696688e-05 4.1350488684901e-06 1.316232732905e-05 3.760575092478e-05 -1.6948768764087e-05
-0.002056086828784 -0.016227375937921 -0.0031310972007558 0.0065526265893655 -0.0037436017235822 -0.012312165595673 -0.0015719746706456 0.001146843256142 0.0018111854686224 -0.0063798028983503 0.00066067913500778 0.0014381497978408 -0.00028891488444629 -0.0057200674035966 -0.00095909760704624 -6.8253479040556e-05 -4.0964874187157e-05 2.3987773001306e-05 -5.6468364739719e-06 -3.2582684740151e-05 -4.3071109840417e-05 -8.5193873568274e-06 -2.5967548240471e-05 -2.413328304925e-05 2.2409148209748e-05 1.8512353398001e-05 -2.5968599685246e-05 1.2452429696747e-05 4.1350488683306e-06 1.3162327329034e-05 3.7605750924787e-05 -1.6948768764034e-05
0.0060296389822586 -0.020587777366629 -0.019919264551404 -0.0083992115311811 0.021769082393638 -0.0013449571574314 0.0014470212960043 0.002031446238473 -0.0083597707566235 0.001361645646053 -0.0023280283803619 0.0009523841036043 -0.0010792096159351 0.00016685130906935 0.00088663714803851 -6.8253479039743e-05 -4.0964874187141e-05 2.3987773001138e-05 -5.6468364740703e-06 -3.2582684740473e-05 -4.3071109840491e-05 -8.5193873566117e-06 -2.5967548240583e-05 -2.4133283049404e-05 2.2409148209716e-05 1.8512353398004e-05 -2.5968599685338e-05 1.2452429696657e-05 4.1350488685007e-06 1.316232732905e-05 3.7605750924739e-05 -1.6948768764045e-05