consensus aligned to its principal axes - from coord_Aug10_Format.txt
-0.67652291208252868 -0.057565044548276718
0.2258036716950074 -0.080267031792647561
0.24408009119424773 -0.054308960924626448
-0.035843984337624486 -0.092884335613810182
0.24949216795243795 -0.027273861176329749
0.24175553409333472 -0.0032391725545382042
0.21360109021806206 0.019569210441396864
0.00070169680308501204 -0.0020090911893244391
0.15728412029460084 0.047686685583308012
0.058537618524970886 0.078528053250602914
-0.34291456975350992 -0.025512737355259333
-0.095752957157886523 0.097451289024175131
-0.24022156744419745 0.099824996855329876