C:/Users/vmc04/Desktop/Wing saga/Wing field landmark repeat/13 landmarks field repeat/SJU field collected/coord_Aug10_Format - {Procrustes residues OP} - 1 11 26 0	from C:/Users/vmc04/Desktop/Wing saga/Wing field landmark repeat/13 landmarks field repeat/SJU field collected/coord_Aug10.txt - TPS like internal (simplified) format - can be converted to other format by using TET - Orthogonal projection of the preshape data to the Kendall tangent space
0.0036539569503691817 -0.0024321309177364105 -0.0032466393971999578 -0.0020662025903444761 -0.0023827861958694661 -0.0041510488814070021 0.0084818544459372876 0.005900203641191871 0.0045176966272257122 -0.0014844781570066343 0.0060531758765404549 -0.0011025549317404005 0.003521588015798079 0.00021539098319030763 -0.0028925720478971914 0.00061868199256539613 -0.0046896500213953413 0.0017349520571533267 -0.00847008304117477 8.2313538934507356e-05 -0.0086232711515222219 0.001407928580026965 0.0020127639597103527 0.00141297503868689 0.0020639659794787052 -0.00013603035351424098
-0.00048077195166524971 -0.0011021417255116703 0.001529537916870802 -0.0005935426975732784 0.0024572578485525347 0.00085924280571511374 0.0090478826327769161 -0.0015236422462164209 -0.00010494579619373849 -0.00060686037984135702 0.00014687506963156427 -0.00032701312457811407 -0.0015599604789004518 -0.0012522520350001587 -0.0036930147135937619 -9.800134059483528e-05 -0.0013763059114611366 -0.0011806584722449602 -0.0048839433529034937 -0.00092730906393313675 0.0016049881566318654 0.0041755230112539002 0.00041981648584143289 0.00047244986200822435 -0.0031074159055869389 0.0021042054065167626
-0.0045366519669854787 0.00102571255733799 -0.0015126304658799792 0.0025750634426939547 -0.00355414729366243 0.002971616591710368 0.009622579862555148 -0.0016278081030324586 -0.0052757466863230882 0.0037267754252263748 -0.0061191651309690908 -0.00089537127861578599 -0.0017447416576409427 -0.0038236759201744604 0.0071758891016224192 -0.0022350441765578728 -0.0043581104861634421 -0.00054300174437096481 0.018510164171269036 -0.0013497822524496628 -0.0005307068981468422 0.00073411621507680689 0.0025464997504011551 -2.2196548216351047e-05 -0.010223232300075257 -0.00053640420862818838
0.0025624180053207485 -0.0067491763396118178 -0.0043468553472936202 -0.01100812008765009 0.00092775293942891964 -0.0046623499368831254 0.0017766387246295541 0.00017526944604688761 0.0016577538218812103 -0.0026410360707395291 -0.00098209061171177468 -0.0018013432892902584 0.00033628946986985053 -0.0011819609253010653 0.0084458089793650586 0.0032008619823210177 -0.0036925448367185979 0.0049325337848706201 -0.005482847621468512 0.0065117112735552192 0.0037844326544495582 -0.00087592383654201363 0.00052967619662330052 0.0074194818657333187 -0.0055164323743757161 0.0066800521334913071
-0.0080128805561054343 0.0015394827985033771 0.0028212818184826325 0.0041420390494265307 -0.0023915026192994084 -0.0023498134667778504 0.0096454243297495225 -0.0023222025920985687 -0.0009343135293528454 -0.00014801887593130934 -0.0014906683729869327 -0.00053957979593075175 -0.0061722062429230892 0.0002823048474573192 -0.0038914541114459383 -0.00029489334104419317 0.0030325314428119878 -0.0017161987966930307 0.0026846060202719577 0.00021852270067693332 0.013656901959315872 0.0010944161584989925 -0.0046682804839615864 -0.00082508621734347833 -0.0042794396545573054 0.00091902753125620851
0.0045279442804869278 -0.004418219933413391 -0.0023696117037189744 -0.0027660759307734494 2.0182168202973784e-05 -0.0013912895230604096 -0.0064526498431807583 -0.00084835478831623906 0.0034938914637110997 -0.00048409865429746828 0.0025442815509410192 -0.0010607283300890441 0.0058600058743697222 -0.0011462477944092818 -0.0045694744182158756 0.00050741072071967298 -0.0012169586135483412 0.00036856141689402174 -0.00049597349137530202 0.0028617625476183429 0.0039872292367101655 0.0035828570391970562 0.0012630237152024882 0.0036385472045320348 -0.0065918902195857857 0.0011558760253984057
0.0033762463035650007 0.0091412763655544498 0.0056648500729867416 0.0049292710592251368 0.0035396244290216445 0.00559981139863386 -0.022251387930736687 -0.0035087663602778596 0.00050899638367741433 0.0037405163156695028 0.0012051414687399885 0.0027478987551335199 -0.00011639124895834307 0.0020192778190129229 0.0011570137915327737 -0.0010359696703014141 0.0015108414865681703 -0.0007748594490692871 0.0021608770381176157 -0.0021035224419238214 -0.013543849108123319 -0.0084525684848810144 0.0044304169753725791 -0.0042002260370665951 0.012357620338235942 -0.0081021392697093048
-0.0031851220462164797 0.0011616613890781432 -0.0025146332057556019 -0.0044258026981809397 -0.0015260054628371579 -0.0036338168807093091 0.0012167523855972362 -0.0027480092306176756 0.0004893955707513469 -0.0014957988667120864 0.0012582555657636857 -0.00033838920165567803 -0.00023314255533651938 0.0032925982264214414 0.008501636666278416 0.0016797236400428091 -0.00079064777107078232 0.0036569188679387637 -0.0052028798760392044 0.0046764612496933726 0.007626492882730691 -0.0014944385633420037 -0.0052732513065996993 3.7520281589542136e-05 -0.00036685084726545631 -0.00036862821354645414
-0.0024663512035816475 -0.0025622681143171806 0.0057525095164247288 0.0063450716971159664 0.0015808907434856751 0.004587056041033738 -0.011340000004691507 -0.0018270819080708216 -0.0024626352752707861 -0.0013193592700331521 -0.0036880856921206059 -0.0013539830694201374 0.0011993787024746358 -0.0012960832085826509 -0.0035249348553134971 -0.00082545298452147721 0.0027957893011540686 -0.0023059609816607598 -0.00068567024306265256 -0.0027460226632639992 -0.0020000794809630416 -0.0019953607375654283 0.0044007824962331438 0.0004448265699888499 0.010438405995232276 0.0048546186292968418
0.00062879835973162369 0.0073266156350697016 0.0025221149855793748 -6.7302393065962903e-05 0.0025199963535417745 0.0010685600076410996 0.003388733046225288 0.00019396876466810497 -0.0019483882560916007 0.00054972785635386257 0.00022136409259207197 0.006464204800753358 -0.0024577265853216517 0.0045459736883854667 -0.0014119735978093064 -0.0019477843915975293 0.0046849036091282503 -0.00055201397759429812 -0.00065458653949611626 -0.0047274723694427333 -0.0085809578315763791 -0.0029359902388711558 -0.005792675954541371 -0.0079647672276623779 0.0068803983180380519 -0.0019537201546378502
0.00026411268089950295 -0.0032447168058360194 -0.0030763746372098658 0.0025015009558897799 0.00013231296342041191 0.00080747204313555236 -0.0033295922855701198 0.0076344016832291181 0.0014117396429915332 1.4047489874923175e-05 0.0021623381872431153 -0.001811707546535416 0.002525496521958335 -0.0015505353448764542 -0.0052931235602680215 0.00041905411043973893 0.0049534371991733477 -0.0033612575841136848 0.0028379940991801553 -0.0020714161588228294 0.00075924355583310713 0.0046230770952945264 -0.00038825905229871967 0.00011485137742043541 -0.0029593253153530285 -0.0040747713151000758