C:/Users/vmc04/Desktop/Wing saga/Wing field landmark repeat/13 landmarks field repeat/SJU field collected/coord_Aug10_Format - {Relative warps} - 1 11 26 0	from C:/Users/vmc04/Desktop/Wing saga/Wing field landmark repeat/13 landmarks field repeat/SJU field collected/coord_Aug10.txt - TPS like internal (simplified) format - can be converted to other format by using TET	
-0.00383 0.01215 -0.01047 -0.00212 -0.01080 -0.00263 -0.00504 0.00133 0.00100 -0.00076
-0.00803 -0.00023 -0.00630 -0.00349 0.00020 -0.00457 0.00331 0.00400 -0.00283 0.00232
-0.01015 -0.02098 0.00914 0.00439 -0.01129 -0.00166 -0.00059 -0.00008 0.00067 0.00046
-0.01447 0.01422 0.00802 0.00830 0.00014 -0.00308 0.00229 -0.00247 -0.00166 -0.00209
-0.01281 -0.01264 -0.00459 -0.00299 0.01170 0.00139 -0.00215 0.00217 -0.00027 -0.00267
-0.00386 0.00856 0.00811 -0.00768 -0.00018 0.00480 0.00360 0.00347 0.00303 -0.00003
0.03465 0.00023 0.00494 0.00517 -0.00111 0.00306 -0.00117 0.00322 -0.00172 -0.00077
-0.00784 0.00475 0.00010 0.01064 0.00800 0.00457 -0.00327 -0.00072 0.00084 0.00288
0.01559 -0.00046 0.00467 -0.00601 0.00723 -0.01032 -0.00100 -0.00273 0.00149 0.00065
0.01042 -0.00525 -0.01466 0.00601 -0.00130 0.00160 0.00493 -0.00299 0.00152 -0.00049
0.00033 -0.00034 0.00104 -0.01222 -0.00258 0.00685 -0.00089 -0.00520 -0.00207 0.00051