C:/Users/vmc04/Desktop/Wing saga/Wing field landmark repeat/13 landmarks field repeat/SJU field collected/coord_Aug10_Format - {translated and scaled (first one is consensus)} - 1 11 26 0	from C:/Users/vmc04/Desktop/Wing saga/Wing field landmark repeat/13 landmarks field repeat/SJU field collected/coord_Aug10.txt - TPS like internal (simplified) format - can be converted to other format by using TET	
-0.67662076096462032 -0.057696994658560388 0.22578201365385822 -0.080161869746920994 0.24414062525171501 -0.054314375963514572 -0.03583196598571705 -0.092723351373823593 0.24961623372848218 -0.027340228349236516 0.24188554612168467 -0.0033448046604466234 0.21370325713530855 0.019442477656245124 0.00064433752289256077 -0.0020560614812657565 0.15733867916255601 0.047705368449704036 0.058538578361930278 0.078465143794442041 -0.34310111206575855 -0.025326954640454216 -0.095739480533537133 0.09746768411481771 -0.24035595138879487 0.099883966859013879
-0.67321993442608685 -0.052005899071780798 0.2214633230135388 -0.084923490619087758 0.24087626161836087 -0.06129034796973918 -0.028372756422432314 -0.086611572236898374 0.25353687375194028 -0.03174891965805348 0.24762858808960331 -0.0072717361997995302 0.21724311896901208 0.017205447258454319 -0.0022074913463677962 -0.0013634505374624292 0.15309601749220872 0.047590916379045396 0.050967079614666642 0.077976385499636411 -0.35164038623316485 -0.019932348333379184 -0.092519857899235627 0.099921446531174421 -0.23685083622204309 0.10245356895789041
-0.6735073804484133 -0.088629781307543315 0.23062166554041513 -0.0706669525792884 0.24858449426866999 -0.042439650292030721 -0.022568682248320177 -0.095472763680211778 0.2502952398618371 -0.016778466394523673 0.24174151189600149 0.0071719719098161027 0.21094809121899294 0.027700919027821715 -0.0028951079268982284 -0.0022371288526031622 0.15363811384789416 0.053362102925328572 0.050138005461282859 0.079878659619419132 -0.33991198978082293 -0.036452040715945766 -0.099552233940841159 0.093564624364756072 -0.24753172774979793 0.090998505975005403
-0.68194239725671024 -0.037473887771956878 0.22189208638596467 -0.083870129775332106 0.23884455942565955 -0.057995302504218998 -0.028826067516889972 -0.093684719429892302 0.24330573654136872 -0.030336004386822241 0.23527561773309213 -0.010706825077702006 0.21207749673140452 0.0098145896545600991 0.0077555848319251549 -0.0044611771157091872 0.1540821942271855 0.042827300310807892 0.079134418683271673 0.074947775543913769 -0.34378517188595631 -0.015168002193411136 -0.090390311713676189 0.099930367391885086 -0.24742374618663843 0.10617601535387791
-0.67194612229430717 -0.079741440460142726 0.22337421975862323 -0.086123561024674763 0.24616750748909494 -0.053301226692795391 -0.031910602822660478 -0.093417413098425661 0.25163789654440794 -0.024125818397791658 0.24069711843378153 0.00049093235111793217 0.21334517315721546 0.023284220081589625 0.0091173150921887176 0.001402663860336802 0.15225916203955128 0.056106554413468963 0.051056964516256728 0.086193694217691644 -0.33825238992020074 -0.034154864999199119 -0.097555271486419196 0.1026048613836313 -0.24799097050753269 0.10078139836519365
-0.67389451918366294 -0.13087488652118554 0.23549143593780189 -0.050502145701115643 0.2463282099809575 -0.029731662118400958 -0.015560496061966949 -0.097461499888122763 0.24994046799534256 6.9466500276640713e-05 0.23910369395218706 0.022646079090183947 0.20388417831193173 0.042513498169302326 -0.0029175930116188782 -0.0026397270105122063 0.15421563061413571 0.063283981752017007 0.052169341707754974 0.084957529838328022 -0.32440855629189841 -0.060435855240674831 -0.11038226893957744 0.084957529838328022 -0.2539695250113877 0.073217691291576209
-0.67456031720318599 0.0060684223997015969 0.21384293024402759 -0.10509404246755824 0.23715118900651766 -0.079992840723338385 -0.051512631052011891 -0.088957555631988275 0.24880531838776276 -0.053098695997388312 0.24253001795170767 -0.028893965744033401 0.22011823068008268 -0.00379276399981349 -0.0039996420361670046 -0.0011033495272184941 0.16005464079212783 0.032066095634786504 0.065925134251302878 0.075096727196306459 -0.33927997961967643 0.012343722835756563 -0.083785604723151857 0.11005911534004145 -0.23528928667933666 0.12529913068474652
-0.67401031111343745 -0.019517288630685605 0.22783447136228882 -0.085106000083465722 0.24509465858670434 -0.059215719246841901 -0.062136674007897033 -0.093736093695673567 0.24854669603158761 -0.034188447771439041 0.24250563050304216 -0.010887195018477699 0.21402632158275597 0.012414057734483699 0.0017260187224415564 -0.0031201107674905361 0.16051974118706708 0.040030357293549014 0.063862692730338455 0.073687722381159879 -0.35728587554540731 -0.018654279269464738 -0.087163945483299921 0.096988975134121247 -0.22351942455618481 0.10130402194022517
-0.68062961797383581 -0.039484038611741872 0.22102705212287233 -0.090179594360151161 0.24094316330974752 -0.063926538704724908 -0.036977115525281927 -0.094705983266259133 0.24909066334074198 -0.034957649705633899 0.24275371887219072 -0.009609871831429204 0.21378482987309969 0.01754846160521862 0.0091920513170192942 -0.0005570940192132709 0.15765760743736076 0.04742262838553124 0.055361218159320456 0.081823184071951854 -0.33571878332840832 -0.018662649643645175 -0.098536004648350647 0.099928739696383731 -0.23794878295647623 0.1053604063837133
-0.66846656449013742 -0.13172823125887753 0.23797816264463895 -0.048923756671249763 0.24942984530037471 -0.023377695362300759 -0.036862221093019225 -0.099134980623321892 0.24854894663454888 -0.002236127382481004 0.23709726397881312 0.020667237928990511 0.2115512026698641 0.040927907242984639 -0.0025071731258119578 -0.0031170260483067811 0.15429278939118535 0.062069475222804385 0.049465848157911878 0.081449245870972631 -0.3398913621371038 -0.063899033990288914 -0.10116782369830472 0.087615536531753427 -0.23946891423295957 0.079687448539320888
-0.67687972657136131 -0.027650659644283756 0.22541603750619107 -0.087864532676759394 0.24457499710743311 -0.06140692179885341 -0.035510745634536919 -0.091513858315091248 0.24639965992659912 -0.034949310920947475 0.2418380028786844 -0.0048423744047096469 0.21173106636244649 0.01705357942528157 -0.00084215207038425288 -0.0039300429951266824 0.16337750165454934 0.041686527484021622 0.060284052371674342 0.07179346400025946 -0.3520897447598258 -0.01670268272928814 -0.098461612895761538 0.092777086420667704 -0.22983733587570845 0.10554972615482922
-0.67795982067617644 -0.032511753683500108 0.21920501409918136 -0.086963954638073798 0.24167735100106896 -0.063627297086113671 -0.042684142872816098 -0.083506672037783447 0.24945623685172236 -0.037697677583935697 0.24340599230121435 -0.015225340682048128 0.21661205214896356 0.0089756375199846975 -0.0046540342696216224 -0.0013962102808865414 0.16388849249453505 0.037498218972380412 0.064491617736186196 0.073799686275429571 -0.34260340844800802 -0.0065821341813220875 -0.091950419926954227 0.10145794707775282 -0.23888493043929604 0.10577955032811577
