C:/Users/vmc04/Desktop/Wing saga/Wing field landmark repeat/13 landmarks field repeat/SJU field collected/coord_Aug10_Format - {Aligned specimens} - 1 11 26 0	from C:/Users/vmc04/Desktop/Wing saga/Wing field landmark repeat/13 landmarks field repeat/SJU field collected/coord_Aug10.txt - TPS like internal (simplified) format - can be converted to other format by using TET	
-0.67255722044602695 -0.059970650095217883 0.22245298432623653 -0.082296248173780506 0.24158483544374715 -0.05843498480453585 -0.02734561335838482 -0.086941331841695807 0.25389490119663533 -0.028745771823202461 0.24769731154685734 -0.0043402349094248368 0.21702425308427911 0.019775584136974497 -0.0021911985793641401 -0.0013894834285402132 0.15252199539467884 0.04939966411421777 0.050040561961078832 0.078574181883460353 -0.3513798294558067 -0.024093052772546003 -0.093696071236432116 0.09881935952754678 -0.23804690987749813 0.099642968186744396 
-0.67677754711065663 -0.058647944379914656 0.22725773168388999 -0.080833744150395112 0.24645576197467053 -0.053431564614980186 -0.026784120368811986 -0.094376930015932364 0.24930382602833817 -0.027871604899588974 0.24182159910945353 -0.0035651029419270703 0.21196973068889521 0.018310417133416534 -0.002991552462145467 -0.0021064209640453829 0.15585524004094156 0.046490087192135092 0.053634108182201976 0.077574495123916218 -0.34119495776898517 -0.021328686366854189 -0.095301133952443162 0.097891164476209783 -0.24324868604534874 0.10189583440796052 
-0.68062997397927072 -0.056502778356036787 0.22414765655811003 -0.077640999019558149 0.24037095375664713 -0.051302858301590648 -0.026198643649863872 -0.094453162435428201 0.24405799446926635 -0.023529766929036459 0.23548285490538681 -0.0041324869680569153 0.21172071249294724 0.015733108129834934 0.0078771403292900374 -0.0042428595988539767 0.15282613485212951 0.047113402933082221 0.077010611479707725 0.077128405914045212 -0.34322752690293884 -0.02476242062659044 -0.093145654559781604 0.097367211192487785 -0.250292259751629 0.099225204065701358 
-0.67360070259992233 -0.06428360638533713 0.22133672841696578 -0.091232463904132727 0.244878036354785 -0.05894242802408909 -0.034048282903001957 -0.09265966799996983 0.25101723572026902 -0.029900392338767352 0.24064487195921042 -0.005038793172418868 0.21382378138929817 0.018376842130021696 0.0091471326028801266 0.0011928392769667412 0.15350792790510367 0.052593858419204921 0.053023639162256476 0.084998001379432683 -0.33894776672042159 -0.026375092892341401 -0.095172357190175805 0.10481894390428062 -0.24561024409724727 0.10645195960715036 
-0.68419764580969078 -0.055996788981069821 0.22851208993683397 -0.076084872827421254 0.24156658988521965 -0.056631629112815975 -0.026180644088954871 -0.095160111776019449 0.24843315061197604 -0.027408247742837233 0.24014402891530667 -0.0037771333130229884 0.20732211962166908 0.019841733999355335 -0.0031901080378700154 -0.0023029803251856371 0.16023803632680236 0.045946651523647811 0.061192965654339682 0.078707325230106137 -0.32908626861126961 -0.024405569150849901 -0.10037337738723352 0.096577493674041892 -0.24438093701712965 0.10069412880207146 
-0.67173599977674814 -0.061961229003443384 0.2233476239964115 -0.083002382090410984 0.24400684128779199 -0.055679461374448964 -0.042282913365623995 -0.093697134957447442 0.25289055563807006 -0.027747519595943633 0.24420727339308249 -0.0042986609530520541 0.21937933115654212 0.018415471696283547 -0.0038680462195376099 -0.0015009114031841544 0.15600695446956675 0.048036992885555289 0.058019237261140208 0.081359755833485009 -0.33879607532623868 -0.021920114226703393 -0.094453279910647892 0.10105253258764761 -0.24672150260380982 0.10094266060166299 
-0.67255544918958499 -0.048373461816600093 0.23127119086572248 -0.075267614992711424 0.2474064128711026 -0.048661688666830086 -0.058064048040029285 -0.096311929911579094 0.24978313194433807 -0.023509510103705424 0.24274940425141042 -0.00048844307110871568 0.21329803196080163 0.021571386634363771 0.0018580973784453714 -0.0030433051052833338 0.1586575104406405 0.046870152512982426 0.060647339259944012 0.076355904769583899 -0.35615874418874766 -0.033943010137665978 -0.091238861217998832 0.093165899842300767 -0.22765401633604512 0.091635620046253474 
-0.67943867238200684 -0.056380463283650144 0.22319913337245323 -0.084660875679821473 0.24245690374609427 -0.057921154359452498 -0.03461296044982265 -0.095595362376519194 0.24988222668631804 -0.028758800787936724 0.24291753321044895 -0.0035762720597745977 0.21328290107858366 0.022854017066657958 0.0092030540844775886 -0.00032856761730231618 0.15643084888636993 0.051324617704906803 0.053311431537089372 0.083173248074261394 -0.33515154333164682 -0.026997017865747017 -0.10098808383731579 0.097450008477345348 -0.24049277260104307 0.09941662270703254 
-0.67866625481526099 -0.060099828010290436 0.23144837037841565 -0.073883636291953159 0.24554444495781244 -0.049695974860960251 -0.047166870493895986 -0.094667069537981804 0.24691041168034661 -0.028580198436264817 0.23795202129003692 -0.0045916090685424469 0.21469848425705987 0.018263783837893635 -0.0028235730800705828 -0.0028335849255170411 0.16000481368654346 0.045357956409890481 0.05782399927041252 0.075744537065765227 -0.34475092335197904 -0.027495916938080223 -0.091306457043345848 0.097849587100763621 -0.22966846673607463 0.1046319536552771 
-0.67558086187288391 -0.050211774447596134 0.22822123232387195 -0.080297167970427963 0.24648707062149175 -0.053215254122733945 -0.032438654374722049 -0.092647358416701242 0.24742825680458005 -0.026711504645743022 0.24186495760427176 0.0032265320872061627 0.21104445946340739 0.024106122956446405 -0.00071060170289476252 -0.0039559453071345476 0.16189619630134594 0.047112591137767376 0.057855927186856775 0.073764219868825656 -0.35133674711894247 -0.028436914376824548 -0.1015012964160224 0.089441398717873349 -0.23322993882036042 0.097825054519042248 
-0.67601129162663198 -0.06078870102365045 0.2226446861611534 -0.077736164921590953 0.24412310678249627 -0.053481619798211096 -0.039160463002573642 -0.085215951939979898 0.25081263019703504 -0.027249835469051135 0.24382942535103849 -0.0050496950408524697 0.21604844019149616 0.018011515646857587 -0.0045916834748955249 -0.0015893020473267809 0.16218001466416529 0.044307981693629629 0.0613541964748145 0.076427907386713498 -0.34202986995568113 -0.020880326354572824 -0.096106184726473018 0.097530487578481651 -0.24309300703594441 0.095713704289553003 
