C:/Users/vmc04/Desktop/Wing saga/Lab reared wings for landmarking/13/13 landmakrs lab reared txt files/APRMC 13_Format - {translated and scaled (first one is consensus)} - 1 23 26 0	from C:/Users/vmc04/Dropbox/Homework/APRMC 13.txt - TPS like internal (simplified) format - can be converted to other format by using TET	
-0.69235979151958471 -0.024196279504647769 0.22138145647409949 -0.091394005421322352 0.24234365203712904 -0.066972374548504035 -0.03671542343163442 -0.090702607844374727 0.2505914744594766 -0.041328254862640287 0.24564278100606807 -0.013926883990056763 0.20909171157979128 0.013579726159725672 0.0044649504788772908 -0.0065319891980319122 0.14710700102204849 0.043320835381200858 0.052881136553089639 0.071094214861557717 -0.31620035085929643 -0.0022220736829713038 -0.081354008939409334 0.09854820537274088 -0.24687458886065422 0.11073148727732468
-0.66584348731978882 -0.20478295275014158 0.23006058161337845 -0.03714786674158102 0.25226390426351891 -0.00051238436884933796 -0.0075149707431244658 -0.10042733629448143 0.25670456879354697 0.027241768943826229 0.24782323973349066 0.052775589991487619 0.20230642830070281 0.07275858037661409 0.010247687376987849 -0.0038428827663705319 0.12126430062769017 0.08163990943667021 0.020239182569551054 0.08275007556917717 -0.29615816519495047 -0.08377484430687622 -0.11409091946379885 0.071648414244107006 -0.25730235055720474 0.041673928666417344
-0.61780668484249268 -0.32300604110948589 0.23070568623325141 0.0095826029548295652 0.25068450937492426 0.050715474128861425 0.013289081456225564 -0.093837187425593702 0.24480838492149112 0.075395196833280442 0.22247911199844531 0.10007491953769961 0.17899579104304 0.10477581910044617 0.0015368325493594999 -0.010396220186843217 0.11200797227390236 0.10242536931907292 0.025041330363092095 0.083621771068086825 -0.28756849055955047 -0.14202140794374543 -0.11010953206586989 0.050715474128861231 -0.26406399274581788 -0.0080457704054700731
-0.68487826938929197 0.1506699114739545 0.19987331286089333 -0.13421364781681008 0.21814886194747066 -0.11486306643102225 -0.05490934205197897 -0.080462032856288432 0.22889918493957498 -0.097662549643655339 0.22567408804194367 -0.070786742163394603 0.20524847435694549 -0.043910934683133805 0.00099233750696360178 -0.0062848042107687546 0.15257189169563432 0.0001653895844938356 0.07624459845169379 0.048541843048963251 -0.31076702926406169 0.074342618230013646 -0.050609212855137198 0.10874365180474746 -0.20648889624064973 0.1657203636629003
-0.67261747927922833 0.19744208928714829 0.18296490763174708 -0.14553377348324284 0.20772850783177518 -0.13067561336322586 -0.053527474278522544 -0.072481152893159567 0.22134848794179085 -0.11086473320320331 0.2275393879917979 -0.086101133003175082 0.19906124776176529 -0.051432092723135543 0.0083815262215479851 -0.014286692423093201 0.15077222737171023 -0.0093339723830875646 0.078957786791628362 0.038955048006967433 -0.3160216363988218 0.10086404850703808 -0.038669314158505573 0.11076948858704933 -0.19591817542868492 0.17267848908711989
-0.67610648471867874 -0.13283202707767069 0.23845292512515459 -0.04778539732130338 0.25447620319519493 -0.021901640438930732 -0.049966080135569031 -0.095855231531424043 0.25817388274981962 0.0027495565919003241 0.24954596378902857 0.027400753622731554 0.20270868943044951 0.048354271098937807 0.020289831402299566 -0.00094812296272426936 0.13861557715028866 0.063144989317436534 0.035080549620798082 0.074238027981310448 -0.30140828985004631 -0.05271563672746956 -0.10050103404877292 0.076703147684393611 -0.26936173370996591 0.059447309762811824
-0.69252834889426962 0.06280464305096041 0.21236169363967167 -0.11042062613559062 0.23780036953420014 -0.083770584722275082 -0.044447796343186977 -0.080136488165913872 0.24627992816570965 -0.064388736421681983 0.23901173505298723 -0.040161426045940647 0.20509350052694925 -0.011088653595050922 0.0064295554458697717 -0.0074545570386897126 0.14937068666274403 0.020406849893412897 0.069420562422797483 0.055536449938237926 -0.31700503807027774 0.033731870600070636 -0.069886472237715477 0.097934243095785356 -0.24190037590547944 0.12700701554667507
-0.69279670086059186 0.0053270486913602018 0.21840899634577121 -0.10523257590301176 0.23784805121950697 -0.082148698240450624 -0.011214839350232269 -0.1015877531141863 0.24756757865637485 -0.057849879648280936 0.24513769679715816 -0.029906238267285737 0.2013998233312525 0.0041121077617517175 0.0045793927346780257 -0.0056074196751160869 0.13457807220278595 0.041775276579614773 0.048317266200583596 0.075793622608652259 -0.31130524896352785 0.015046576128228153 -0.074391767689873323 0.11102690956729834 -0.24812832062388651 0.12925102351142551
-0.6595087640665882 0.2154856633820969 0.17633034162120356 -0.15802281981353763 0.20138273988432526 -0.14549662068197677 -0.065083678005243242 -0.072616916643804166 0.2184639205182721 -0.12386045854564429 0.22415764739625432 -0.098808060282522467 0.20366023063551827 -0.061229462887839731 0.0032410445305438222 -0.0077084302348067206 0.15811041561166056 -0.0099859209859996453 0.078398239319909233 0.045812602418226211 -0.29055526237333951 0.10502736194924152 -0.04572500662010346 0.12096979720759177 -0.20287186845241301 0.19043326511897499
-0.68324676875290213 -0.10143439424062699 0.22861015834043208 -0.075310253082427711 0.24478224572407919 -0.050430118646047517 -0.031387246519741195 -0.093970353909712867 0.24975827261135511 -0.02181796404421029 0.24353823900226004 0.0080381972794459425 0.20870605079132765 0.032918331715826157 -0.0065071120833610037 -0.006889883382382174 0.14774972142219614 0.057798466152206351 0.053205210563951569 0.082678600588586545 -0.3150207790944754 -0.028037997653305252 -0.087367549001596614 0.097606681250414662 -0.2528204430035248 0.098850687972233606
-0.67145222519315473 0.17072761357300348 0.19125694070845994 -0.14828858158773744 0.21732441190836468 -0.13339288375922037 -0.064452538681083443 -0.080016633207034144 0.22725487712737591 -0.10856672071169182 0.23222010973688176 -0.078775325054657716 0.20367002223222405 -0.040294772330988576 -0.0098349799765208041 -0.0067794522168251343 0.15401769613716709 0.0019097048498098318 0.070850049927946773 0.051562030944866798 -0.31023155285161541 0.082594734754277407 -0.043350300090684288 0.11362743856368804 -0.19727251098536094 0.17569284618250922
-0.64422391244473576 -0.25242427338579793 0.2403257173377821 -0.013356805877009242 0.24913346614073761 0.013066440531857015 -0.01006599863194897 -0.10017604407756922 0.247875216311744 0.042006186598710235 0.23277621836382051 0.067171183178582727 0.1988034729809928 0.079753681468518939 -0.0088077488029553452 -0.0083238065610347443 0.13337448187332435 0.091077929929461551 0.030197995895847016 0.087303180442480824 -0.30323820878746349 -0.10269254373555661 -0.10191823614848348 0.070945932665563677 -0.26423246408866113 0.025648938821793081
-0.69307420179863133 -0.046766978789741204 0.21599777300612905 -0.083683607208208638 0.23560973185343989 -0.064071648360897807 -0.023960311713909128 -0.089451830398594112 0.24599253359613385 -0.03869146632320139 0.24368524431997962 -0.011003995009350885 0.20907590517766655 0.016683476304499685 0.023339118447252231 -0.00062119326665685656 0.1479327393595796 0.045524592256427396 0.05448752367533409 0.074365708208355086 -0.32275427297588011 -0.0086967057331965737 -0.081642543617764574 0.099745890246051377 -0.2546892393293308 0.10666775807451405
-0.68220394558397535 -0.13576581701515722 0.22534425736109548 -0.060554639975510478 0.23913297315169738 -0.039244806480943771 -0.011570950313791826 -0.091892630408696621 0.25166816932497182 -0.0041462571957753686 0.24790761047298962 0.025938213620083396 0.2077949827185111 0.048501566731977273 -0.0040498326098271529 -0.0091603356650852216 0.13885140376550181 0.074825478695853737 0.044837432465943294 0.084853635634473221 -0.31366917808970607 -0.056794081123528184 -0.085528607736110943 0.088614194486455522 -0.25851431492729837 0.074825478695853723
-0.64471133908247302 -0.23639089214496398 0.23658682326153646 -0.031348978651632324 0.25441655486965231 0.0055840368223219845 -0.013029419252084411 -0.096300143795482643 0.25569010712737489 0.034875738749940884 0.24295458455014926 0.062893888419837146 0.19455959875669224 0.081997172285675352 0.0048003123560312463 -0.0020572767240133591 0.13215553812828695 0.092185590347455812 0.017535834933256784 0.088364933574288179 -0.30594643852827275 -0.098847248310927754 -0.1187342566430567 0.071808754223894974 -0.25627790047709298 0.02723442520360557
-0.66897386287788241 0.15937906790227338 0.19147308442794514 -0.15028727851823045 0.21865753468623339 -0.13137635659942104 -0.066188226715832979 -0.075825523462918445 0.23165879350541499 -0.10891963682083489 0.23047686088548938 -0.080553253942620792 0.20683820848697779 -0.045095275344853171 0.0070915957195535236 -0.003727633647457579 0.15128737535047501 0.0033639620720959788 0.068552091955684041 0.05655092996874736 -0.30021088546109931 0.082553447607110281 -0.053186967896651553 0.11919335882480347 -0.21747560206630834 0.17474419196130617
-0.66796000633461428 -0.18871262113798093 0.23570096712539948 -0.03627466566353673 0.24666772651205002 -0.014341146890235426 -0.014341146890235511 -0.096591842290115443 0.25105443026671037 0.013075751576391206 0.24337769869605494 0.036105946288357574 0.20718739272010778 0.058039465061658878 0.0097857237603960028 -8.4359687589577245e-05 0.12384002138156271 0.076682956018964993 0.035009270349692291 0.086553039466950518 -0.30934697439113817 -0.073561647578149134 -0.095495166351450347 0.082166335712290164 -0.26547993684453541 0.056942789122993755
-0.67174139413013567 0.14661971117431188 0.18920671665429031 -0.14113032585256841 0.22603872139373099 -0.11811032289041799 -0.062862315781256894 -0.076674317558547173 0.23524672257859111 -0.097392320224482576 0.23524672257859111 -0.069768316669902075 0.20301871843158056 -0.036389312374783968 0.0050466929570868917 -0.0087653088202034202 0.15928071280349462 0.0015936925127643035 0.069502701251107982 0.05223769902949521 -0.31493134821680402 0.071804701547323033 -0.050201314152074253 0.11093870658297879 -0.2228513363682024 0.16503571354403224
-0.6927548092297553 0.023681446666846719 0.20945997929410914 -0.10574490878991941 0.23836101012426078 -0.085639843864596527 -0.036827066041096375 -0.085639843864596527 0.25343980881825295 -0.057995379592277553 0.24464384291342403 -0.032864048435623995 0.20820341273627646 -0.00019331793197427567 0.015948729387876479 -0.006476150721137712 0.14411851828680969 0.033733979129508054 0.046106326775860663 0.065148143075325099 -0.31452827532211852 0.018655180435515947 -0.073267496218243827 0.10410170636813819 -0.24290398152565573 0.12923303752479176
-0.68593611733974624 -0.0005618589357048318 0.2246499311260137 -0.095516019069834895 0.24777979064586619 -0.068734076467900779 -0.044386855920688063 -0.086994491878310404 0.25264923475530876 -0.044386855920688008 0.24899715167322684 -0.023691718455557096 0.21247632085240742 0.0043075851737375973 0.014046473392622784 -0.0066486640725081101 0.14308674229285095 0.038393693939835605 0.04204577702191762 0.072479802705933599 -0.31342364296738989 0.0043075851737375799 -0.089429213933031881 0.09926174530786766 -0.25255559159935792 0.10778327249939215
-0.68914557482308303 0.038646960606953412 0.22432803952308891 -0.10750881768843419 0.23460461768448321 -0.091523029437376058 -0.050855886798695502 -0.086955661365645198 0.24488119584587764 -0.06868618907872176 0.24259751181001221 -0.038998296612471187 0.20948409328996362 -0.0081685621282878238 -0.0063240480993196121 -0.0081685621282878238 0.15010830835746231 0.029512224463491759 0.064470157012508758 0.06719301105527134 -0.30548665679769083 0.030654066481424474 -0.08282746330081156 0.10715748168291631 -0.2358342937037953 0.13684537414916692
-0.63981944879144359 0.26446617893540325 0.17020748075602427 -0.18244523047009636 0.19328171113293879 -0.16665759915957598 -0.069035855257245843 -0.070717378118721363 0.21028377562119135 -0.14965553467132323 0.21392707515438836 -0.11686583887255017 0.18842397842200917 -0.073146244474186078 -0.0046708968374321131 -0.0087812860543723115 0.14834768355684222 -0.018496751476230963 0.076696126070634404 0.044653773765850474 -0.26941732958308129 0.12966409620711392 -0.041103892169402155 0.13330739574031097 -0.1771204080754237 0.21467441864837744
-0.66584027996080342 -0.1852657385759201 0.23257894010606925 -0.034377382385201778 0.24870441328675669 -0.0067337140754518549 -0.026580450297836285 -0.098879275107951581 0.25331169133838166 0.02436541277301673 0.24524895474803796 0.048553622544047881 0.2003279937446942 0.064679095724735333 0.0022150375248197506 -0.0078855335883581679 0.1473442961510068 0.076197290853797797 0.03446598388619454 0.083108207931235273 -0.30992805047277328 -0.081601982414357996 -0.10375235766255524 0.072741832315079094 -0.25809617239199217 0.045098164005329108
-0.67013451939558921 -0.17020783540771642 0.2309657857040858 -0.043386310986280596 0.24876529790358556 -0.013349634149624791 -0.019339854601379495 -0.094559908559842462 0.25432764546592912 0.014462103662093573 0.24765282839111682 0.04004890244887431 0.20315404789236743 0.058960884160842927 0.0006845966230577278 -0.0055623475623436495 0.14085575519411811 0.073422987822936547 0.03739609053452591 0.083435213435155101 -0.31080686686818809 -0.071198048797998931 -0.10166259852406603 0.077872865872811614 -0.2618582083195638 0.050061128061093182
