C:/Users/vmc04/Desktop/Wing saga/Lab reared wings for landmarking/13/ARS/ARSFA/coord_Jul20_Format - {translated and scaled (first one is consensus)} - 1 20 26 0	from C:/Users/vmc04/Dropbox/Homework/ARS/ARSFA/coord_Jul20.txt - TPS like internal (simplified) format - can be converted to other format by using TET	
-0.67878202494280526 -0.050488645577640448 0.22270990244836181 -0.092821061179468811 0.24453309105821125 -0.062714201500435537 -0.036083407506136617 -0.099333740502827103 0.25373082238330524 -0.033292887013334771 0.2451043787181551 -0.0037001862282508629 0.21082711912153265 0.021950629703221616 0.0036210848599509717 -0.0022719670783915348 0.1482139915917027 0.053885609894074663 0.052808952381103919 0.078736623101625922 -0.33132487016504347 -0.016725544874967205 -0.091726825584653726 0.10233080345730093 -0.24363221436368485 0.1044445677990927
-0.64585075975741268 0.17716014738837224 0.19204755473193297 -0.15868224768548223 0.20798583788798036 -0.14160551573257443 -0.090287746889476994 -0.069883241530361365 0.2227856722471673 -0.11769809099850341 0.24213930179379609 -0.09720601265501401 0.21026273548170141 -0.06191409995233773 -0.00035029193749543943 -0.00043786492186946715 0.14878650045123315 0.012085071843596329 0.07820267504588059 0.049653882139993569 -0.32253130144902387 0.096330282811275106 -0.053857385389940164 0.12592995152964873 -0.18933279221634247 0.18626773776325647
-0.66913358274693513 -0.12307943451533872 0.23232573373932824 -0.072357938447057915 0.25307543667635224 -0.035469577670126436 -0.051253539733332604 -0.11155182177254762 0.25999200432202685 -0.00088673944175310024 0.25076991412779398 0.024474008592387159 0.20696498570518784 0.045223711529411181 -0.0028375662136100959 -0.0054977845388696671 0.13318826415132476 0.065973414466435149 0.045578407306112609 0.077501027209226178 -0.32561072301176053 -0.05160823551003399 -0.097363990704496972 0.10055625269480839 -0.23569534361798999 0.086723117403459185
-0.67873433635179981 0.0070305628345511987 0.21053685461304436 -0.11894952255213508 0.24017922764520583 -0.086836951767293488 -0.036482920654967985 -0.10165813828337429 0.25253021640860646 -0.062134974240492302 0.24264942539788595 -0.027552205702970588 0.20559645910768426 0.0070305628345511987 -0.0043703498701264257 -0.0028502281761693619 0.15125210854872134 0.046553726877433185 0.059854791699556695 0.078666297662274745 -0.33043645322390258 0.01691135384527161 -0.080946480203210255 0.11571926395247648 -0.23162854311669781 0.12807025271587719
-0.67091723483374399 -0.15124823026830309 0.23296691086729548 -0.050816658523743126 0.24412597439446881 -0.026266718763961812 0.00085838950209027678 -0.10438016345417508 0.24858959980533815 0.00051503370125420729 0.23743053627816482 0.029528598871904736 0.20841697110751417 0.047383100515382186 0.012017453029263605 0.00051503370125408044 0.13923077723903948 0.078628478391467443 0.041031018199914192 0.085323916507771436 -0.31382720196419767 -0.064207534756351187 -0.11073224576964306 0.087555729213206104 -0.26919094785550424 0.067469414864294114
-0.67869195087358458 -0.076902433067183501 0.21296058387835451 -0.087294653751938026 0.2482941342065198 -0.047804215149870925 -0.023982047734048939 -0.10184376271059437 0.25868635489127434 -0.0187059972325581 0.24205880179566708 0.0062353324108527786 0.2108821397414036 0.029098217917312659 -0.003197606364539874 -0.0020784441369508769 0.15268570390677799 0.064431768245478069 0.048763497059232726 0.083137765478036252 -0.33159178000278322 -0.035333550328165382 -0.090492260116478013 0.097686874436692633 -0.24637557038779603 0.08937309788888903
-0.58194550937893108 -0.34937102050812141 0.23902546009496356 0.023596973688352181 0.24564619371975327 0.056700641812299425 0.0072997832273319577 -0.10440387639091091 0.23902546009496356 0.087597398727983763 0.22137017042885829 0.10745959960235217 0.18385267988838461 0.11628724443540488 0.0028859608108056422 -0.0028859608108056422 0.10661078759917411 0.11408033322714164 0.016127428060384526 0.094218132352773362 -0.29284014109645751 -0.16619739022227936 -0.12290797806019432 0.045666085770983758 -0.2641502953890365 -0.022748161685174243
-0.66744629130561806 0.078730771203995104 0.20459408929468689 -0.13468963773239528 0.22983736346995876 -0.10944636355712327 -0.059312867992247525 -0.093382461809222855 0.24360642211101621 -0.077318560061322567 0.24131157900417341 -0.049780442779207609 0.21377346172205852 -0.017652639283406907 -0.01341600585538924 -0.0038835806423494646 0.15869722715782872 0.02135969353292249 0.066903502884112315 0.069551398776623641 -0.33469404081339643 0.048897810815037475 -0.061607711099090495 0.11544826091348186 -0.22224672857809399 0.15216575062296833
-0.65100728631982385 -0.21128460445292491 0.24097330765474095 -0.033317322482038128 0.25169422825539678 -0.0011545606800704713 -0.005607866160343174 -0.10407539844636651 0.25812678061579042 0.031008201121896839 0.23882912353460992 0.056738410563470829 0.19380125701185533 0.071747699404388993 -0.0034636820402118859 -0.0075871130404640908 0.12518736516765813 0.082468620005044888 0.037275816242280262 0.08890117236543825 -0.31008201121896861 -0.09764284608597304 -0.11281707216690121 0.078180251764782493 -0.2629099605760829 0.046017489962815003
-0.66289597356974239 -0.13980830718291895 0.23477565730595029 -0.06666469281526996 0.2502909694445426 -0.024551702724805304 -0.015685810074181045 -0.10434473658042244 0.25694038893251059 0.0042624483897231698 0.24585802311923069 0.028643653178939518 0.20817797935407811 0.050808384805499832 0.0042624483897231143 -0.0046034442609008937 0.1350343649864291 0.072973116432060239 0.035293072666907656 0.081839009082684294 -0.32377557968336956 -0.060015273327301742 -0.10434473658042248 0.092921374895964415 -0.26393080429165672 0.068540170106748136
-0.67286290667170723 -0.1648804885692744 0.2365453482274964 -0.044811917017790442 0.2543332847536422 -0.018130012228571694 -0.0013683028097034779 -0.087058266267386691 0.2521097926878742 0.0085518925606469925 0.24099233235903286 0.03301030528409752 0.20319296724097316 0.053021733876011536 0.031984078176819815 0.0041049084291106082 0.12314725287331711 0.070809670402157299 0.023090109913746985 0.079703638665230198 -0.3082102078857184 -0.058152869412399694 -0.10587242990081014 0.077480146599462008 -0.27708131896496335 0.046351257678706868
-0.65114569702793856 0.18221221433246643 0.19137372231566302 -0.16185330770314055 0.20460701162472483 -0.14641447017590184 -0.06667541921104217 -0.080248023630592802 0.22445694558831752 -0.11994789155777816 0.22445694558831752 -0.089070216503300645 0.20901810806107876 -0.058192541448823062 -0.0071256173202640088 0.0035628086601320278 0.16049604726118566 -0.005259384212575843 0.074479666752283791 0.058701514114556153 -0.30928572321050851 0.098401382041741606 -0.053442129901980162 0.13148460531439615 -0.20121386051983708 0.18662331076882027
-0.67843798769083619 -0.075615922600142313 0.22018093471735184 -0.093861992090663884 0.24983079763944938 -0.057369853109620672 -0.028421762091004905 -0.10754654420855507 0.25439231501207965 -0.025439231501208023 0.24070776289418844 0.0042106314208895483 0.20421562391314518 0.031579735656671985 0.0035088595174079598 -0.0026316446380560449 0.15175817412789577 0.058948839892454391 0.046843274557396716 0.086317944128236693 -0.32263963262566531 -0.023158472814892823 -0.092283005307830415 0.10684477230507348 -0.24965535466357919 0.097721737559812755
-0.65077017847477259 -0.17352724896433555 0.23010848276935658 -0.059504884184003945 0.25246580919687256 -0.019261696614475451 -0.029236503789828561 -0.1109267349672908 0.25693727448237591 0.012038560384047034 0.24128714598311468 0.04110308473981792 0.2077511563418408 0.063460411167333766 -0.0024077120768093243 -0.005847300757965742 0.14067917705929289 0.088053470237601378 0.042306940778222529 0.092524935523104701 -0.32211747999028778 -0.081862210611519909 -0.10748714628613436 0.088053470237601378 -0.25951696599324303 0.065696143810085456
-0.6709780938345109 0.13586264508698775 0.193708458393963 -0.14586480300750232 0.22404833741952351 -0.12202632663027631 -0.083684721268304063 -0.085185044956381378 0.24355254536452681 -0.093853581820827231 0.23488400850008082 -0.06134656857915527 0.20454412947452044 -0.028839555337483273 -0.0056678894882915155 -0.0071682131763686693 0.15903431093617978 0.010168860552523071 0.074516076507832651 0.060012947523086703 -0.32423661925667668 0.066514350171421127 -0.053344842242743641 0.11419130292587321 -0.19637570050610026 0.15753398724810239
-0.6737101410179922 -0.046649272182881549 0.22716167323837977 -0.090594238731972851 0.24034516320310692 -0.0686217554574272 -0.034310877728713669 -0.094988735386881989 0.25133140484038002 -0.044452023855427042 0.24473965985801605 -0.011493298943608579 0.21178093494619757 0.019268177640755328 0.016225833802741396 0.0038874393485733775 0.15245523010492443 0.05222690255257384 0.042592813732196089 0.082988379136937768 -0.34412289189980738 -0.011493298943608564 -0.098031079224895956 0.10496086241148352 -0.23645772385453367 0.10496086241148347
-0.67438819955893736 0.026818194574188797 0.20882434175101763 -0.11960914780088257 0.23671526410817409 -0.096366712503252114 -0.046842446522916706 -0.089393981913963125 0.24833648175698944 -0.063827303086569656 0.24368799469746308 -0.031287893669887094 0.21347282881054372 0.0012515157467954949 0.015912128780685458 0.0012515157467954949 0.16001522762599393 0.033790925163477981 0.050775781727130952 0.070978821639686621 -0.33272440068377057 0.019845463984899711 -0.08867883005865132 0.11513944870518437 -0.23510617243372292 0.13140915341352558
-0.67860604411246395 -0.085599511428311792 0.22726316567227425 -0.081001190566460393 0.24105812825782866 -0.053411265395351626 -0.037140283884185034 -0.10629195530664345 0.25025476998153146 -0.021223019362391394 0.24335728868875439 0.0086660662396431665 0.20197240093209123 0.031657670548900445 0.0065437643034039232 -0.0051288963459112848 0.14679255058987362 0.063845916581860673 0.061723614645621531 0.08913668132204372 -0.33603113990452999 -0.037317142378871522 -0.087721813364551079 0.10063248347667232 -0.23946640180564929 0.096034162614820867
-0.66177572985240196 0.13518664139692954 0.17990355087560728 -0.15210655309156437 0.22254863443249306 -0.12292833802632673 -0.051277691564352579 -0.087016688715264967 0.23377102484219986 -0.10048355720691315 0.23825998100608259 -0.066816385977792783 0.21357072210472763 -0.037638170912555058 -0.0041436518435839353 -0.0017265216014934021 0.16868116046590048 0.0072513907262720624 0.067679646778539521 0.063363342774806014 -0.32510401756119817 0.074585733184512809 -0.071477994301824707 0.12171977290528133 -0.21063563538218905 0.16660933454410848
-0.68703568267472204 -0.056901728319685534 0.21478646214498601 -0.088865044844941038 0.23990049655768692 -0.054618634282167289 -0.022655317756911802 -0.097997420995014031 0.25131596674527817 -0.027221505831948239 0.23761740252016866 0.0047418106933071382 0.20793718003243128 0.032138939143526099 0.013874186843380173 -0.0021074714192476063 0.15314292313199337 0.052686785481190275 0.07095153778133638 0.073234631818854576 -0.33315610685939373 -0.022655317756911857 -0.10484670310756884 0.09149938411900059 -0.24183234535866366 0.096065572194036969
-0.67875778832752931 -0.057677495423986584 0.22603778234595862 -0.08699957410321997 0.24698212425969651 -0.059771929615360368 -0.033672057384394348 -0.10166061344283674 0.25745429521656593 -0.030449850936127058 0.24488769006832295 0.0093443986999754754 0.20718787462359417 0.028194306422339815 0.010311060634455754 -0.0032222064482674401 0.13597711211688457 0.059610819292947002 0.052199744461932041 0.074271858632563761 -0.34155388351634508 -0.028355416744753198 -0.09441064893423512 0.09521620054630188 -0.23264330556490681 0.10149950312042336
