C:/Users/vmc04/Desktop/Wing saga/Lab reared wings for landmarking/13/ARS/ARSMB/coord_Jul21_Format - {translated and scaled (first one is consensus)} - 1 20 26 0	from C:/Users/vmc04/Dropbox/Homework/ARS/ARSMB/coord_Jul21.txt - TPS like internal (simplified) format - can be converted to other format by using TET	
-0.69941117380148354 0.019994938909362676 0.21060181677182516 -0.10638392859122775 0.23468556630514262 -0.084611245932319501 -0.034857812310168726 -0.088017028694606772 0.2472139814664138 -0.056513538143449026 0.24149713182971716 -0.027807654861312883 0.20841238499606893 0.0015064039140885702 0.0064981212318916846 -0.0048186212158734558 0.14698666017624387 0.036294042128880599 0.059409389145998505 0.068040802877344597 -0.31632143059348555 0.016224250851115937 -0.071469977004757476 0.10367988678270842 -0.23324465821340543 0.12241169197528882
-0.65677007716214397 0.22407872840745638 0.17084654252574921 -0.16868848093595043 0.19890134319313543 -0.15232318054664182 -0.086322463591957568 -0.05880717832202105 0.22228034374929073 -0.12894417999048666 0.2176045436380597 -0.10088937932310041 0.20825294341559777 -0.070496678600098672 0.0048556385770476629 -0.00035967693163316359 0.14980544202520976 -0.007373377098479717 0.082006340412359754 0.041722524069446154 -0.29673346859735406 0.11185952573791165 -0.034888662368416 0.12354902601598927 -0.17983846581657825 0.18667232751760818
-0.63824356057925025 0.28755042934472691 0.15695984134537475 -0.18117650258151849 0.18261156398810446 -0.1695166286530049 -0.073905662439193776 -0.069241712867788227 0.20826328663083443 -0.15086083036738321 0.20593131184513172 -0.10888528422473438 0.18727551355951014 -0.073905662439193651 0.017041354203212088 -0.01094234322522044 0.14296799263115861 -0.022602217153734002 0.093996522131401639 0.031033202917428455 -0.28611536793814057 0.13830404305975319 -0.029598141510842248 0.12198021955983421 -0.16718465386730227 0.20826328663083454
-0.68160054137976178 -0.16966954207864429 0.22571034321100333 -0.046757969042949578 0.24135363432463722 -0.013236630942305637 -0.022347558733762641 -0.098157354130603738 0.24582314607138975 0.018049951284962246 0.23688412257788444 0.04039751001872486 0.20783229622399288 0.053806045258982471 0.011173779366881317 0.00017190429795209942 0.14525913176945743 0.073918848119368871 0.051399385087654278 0.078388359866121415 -0.31286582227267756 -0.066870771903336013 -0.093859746681803274 0.078388359866121415 -0.25476216956489456 0.051571289385606227
-0.69728769693876747 0.013690950144420897 0.20992790221445287 -0.10743592821663576 0.23464767330854605 -0.087660111341361244 -0.034797831617069598 -0.085188134231951998 0.24700755885559253 -0.057996386028449469 0.23959162752736471 -0.033276614934356262 0.20745592510504368 -0.0036128896214444217 0.0096977563522980051 0.0013310645973741478 0.15060045158862934 0.030994789910285994 0.054193344321665837 0.070546423660835147 -0.31660322208973229 0.021106881472648786 -0.069405511148800281 0.10762608030197499 -0.2350279774792246 0.12987387428665892
-0.67910868777369304 -0.17888110086008599 0.23075129098038918 -0.042633032975591532 0.24460702669745643 -0.014921561541456988 -0.018651951926821182 -0.098055975843860471 0.24922560526981205 0.012789909892677479 0.24460702669745643 0.038192092040634014 0.2007305302600767 0.063594274188590524 0.018296676652024703 -0.0033751151105677552 0.1245239838162069 0.079759299191835761 0.039080280227625629 0.088996456336547181 -0.30500382341287752 -0.074963082982081791 -0.092549209084513293 0.084377877764191464 -0.25650874840314225 0.045119959899167693
-0.69355435302144663 0.12424012743744282 0.19102817282288856 -0.13950083673250435 0.21903606282323707 -0.11849491923224302 -0.044704901346709798 -0.085819047565170004 0.23537399865677347 -0.092821020065256971 0.23770798949013597 -0.064813130064908672 0.20036413615633827 -0.022801295064386159 -0.0050270571795497524 -0.0064633592308496208 0.15368431948909075 0.016876549102774068 0.067326658654683486 0.063556365770021286 -0.30844586551665687 0.058888384103296491 -0.051706873846797098 0.11257017327063082 -0.20108228718198837 0.15458200827115337
-0.65496011407875643 -0.22588063464937075 0.24425100991546062 -0.011434621339096777 0.24912478294523943 0.01049735729490865 0.0078730179711813762 -0.086978103300670587 0.24912478294523943 0.032429335928913734 0.24181412340057112 0.056798201077808495 0.2028239391623394 0.068982633652255945 0.00056235842651301479 -0.0016870752795388711 0.1199697976560973 0.081167066226703263 0.024931223575407644 0.08360395274159281 -0.30161156941978212 -0.094288762845339047 -0.11153442125840297 0.064108860622476935 -0.27236893124110856 0.022681789869355928
-0.70370532091096916 0.08530307964912559 0.19657580722525816 -0.12335582765328107 0.22470959247951502 -0.10225548871258831 -0.026149992704277512 -0.088188596085459703 0.24112096721116499 -0.076466185562852645 0.23174303879307931 -0.043643436099552631 0.19892028932977932 -0.0084762045317312903 0.020739649386151183 -0.0014427582181670005 0.14968616513482955 0.022002062827047253 0.06997377358110117 0.057169294394868689 -0.3121768094558911 0.038413437558697229 -0.066006188481141634 0.10640341858981858 -0.22543097158859848 0.13453720384407575
-0.59451088790926976 0.37302643947248298 0.11727725180384897 -0.19640407229801188 0.16090297649594315 -0.19410798152474376 -0.064113919284332965 -0.063230807448460657 0.18156779345535626 -0.17114707379206248 0.19304824732169701 -0.14359398451284505 0.17467952113555196 -0.10456044136728697 0.018545348553319504 -0.015012901209830063 0.14483034108306633 -0.044862081262315667 0.087428071751363301 0.021724551162459901 -0.25468945346558736 0.17326654219815618 -0.013599922272434339 0.12964081750606177 -0.15136536866852168 0.23526099307639553
-0.66825327347627816 0.10675031528123285 0.1927795988267671 -0.14819237875262978 0.22404615564224081 -0.12414118120226546 -0.042922137166804264 -0.092874624386791754 0.24569223343756849 -0.090469504631755307 0.24088199392749574 -0.064013187326354401 0.21202055686705848 -0.02553127124577145 -0.018870939616439805 0.00092504605962941339 0.15670280250122023 0.017760884344884487 0.055687772789689907 0.068268399200649754 -0.31470066948592179 0.065863279445613251 -0.062163095207095585 0.12358615356648786 -0.2209009990395007 0.16206806964707088
-0.69744826294094486 0.050862860334354637 0.20379981709313308 -0.11670587816444387 0.23323756845103008 -0.091797011630838712 -0.031702193770043019 -0.082739241982254949 0.24455978051175997 -0.069152587509379457 0.24682422292390591 -0.041979278563628299 0.20832870191742492 -0.012541527205731279 0.0090577696485837234 -0.0034837575571476124 0.14039542955304718 0.030482878625041315 0.052082175479356264 0.064449514807230129 -0.31475749528828362 0.032747321037187208 -0.063404387540086052 0.10520947822585686 -0.23097312603888445 0.13464722958375394
-0.60481214085502311 -0.34136520145194399 0.23848283602820017 0.022505517436443887 0.24094142196663523 0.047091376820794423 0.029503031261220666 -0.088130849793133501 0.23602425008976513 0.086428751835755283 0.21881414852071973 0.10363885340480079 0.17455960162888878 0.10855602528167076 0.012292929692175292 -0.0020803419479066372 0.11309495316801259 0.11101461122010581 0.014751515630610347 0.083970165897320259 -0.27782021104316096 -0.15205408419244482 -0.1155535391064475 0.044632790882359399 -0.28027879698159608 -0.024207615393821977
-0.67187129934055656 0.22223008276177594 0.17486047311397013 -0.16024250763671768 0.19410437703339134 -0.15062055567700713 -0.060877349898937769 -0.076050427989250505 0.2157537689427399 -0.12897116376765846 0.21815925693266752 -0.097699819898599272 0.19410437703339134 -0.05921201205975709 0.011287289798891219 -0.0038857882914215898 0.14840010522476632 -0.0062912762813491542 0.076235465526937482 0.051440435476913966 -0.30383163688162862 0.10676665924524961 -0.027200518039950838 0.11879409919488777 -0.16912430944568116 0.18374227492293382
-0.70389428282020039 -0.055360603726765857 0.21246501970812848 -0.087778975278475668 0.2383997169494963 -0.064005502807221851 -0.010141131613611885 -0.089940200048589644 0.24920584080006597 -0.035909580795740061 0.24056094171961029 -0.0078136587842582809 0.21462624447824247 0.018121038457109519 -0.0079799068434977787 -0.0078136587842582809 0.1454670518345951 0.05486185954904723 0.048211937179465876 0.08295778156052902 -0.30839014988934138 -0.014297333094600261 -0.085783998567601064 0.10024757972144092 -0.23274728293535188 0.10673125403178294
-0.68487153252821986 0.18019335878301146 0.16523423269808427 -0.15095895237703896 0.20968420735043991 -0.13984645871394996 -0.061460638028930537 -0.075393995468034214 0.23413169340923545 -0.1109539751899188 0.22968669594399987 -0.075393995468034214 0.20079421241996862 -0.033166519548296233 0.0052143239496031625 -0.0042740360242649929 0.1563442377676128 0.0068384576388240094 0.07411178466075477 0.05573342975641539 -0.31260299481474035 0.077958417082593282 -0.034790653237516768 0.11129589807186004 -0.18147556959029087 0.15796837145683365
-0.63805092551964371 -0.25916820750124742 0.2363219268682038 -0.0096868229884103981 0.24582597961154998 0.011697295684118481 -0.0012793917154504833 -0.097599310864362562 0.25533003235489615 0.052089519843339628 0.23156990049653059 0.075849651701704976 0.18880166315147295 0.082977691259214614 0.0034726346562225334 -0.0049347966167373825 0.11989728076221325 0.09248174400256079 0.041488845629607203 0.087729717630887771 -0.31016110587420093 -0.11660741635105491 -0.10582397189225845 0.068721612144195351 -0.26739286852914329 0.016449322055791537
-0.68141002445188281 -0.1350781628102849 0.22306485601698431 -0.061431353204677457 0.25298387241926235 -0.024607948401873685 -0.009382886800714316 -0.098254758007481152 0.25528533521943758 0.0030096052002291577 0.24607948401873653 0.030627158802331973 0.20235169081540708 0.049038861203733811 0.0021244272001618532 -0.0084977088006470119 0.13560926961032543 0.067450563605135613 0.041249294803140775 0.076656414805836626 -0.31777890202419579 -0.054526964804151777 -0.099139936007548668 0.081259340406187028 -0.25103648081911401 0.074354952005661307
-0.70033343711306018 -0.02442608983821002 0.22910602512481726 -0.089324605904695223 0.24533065414143843 -0.061510956161915847 -0.035123647431586739 -0.09627801834039007 0.24764845828667004 -0.03833291470959977 0.23605943756051209 -0.015154873257283699 0.20824578781773259 0.014976580630727281 0.0089146313278139246 -0.010519264966820405 0.14102946760601587 0.04279023037350671 0.050635105941982998 0.077557292551980947 -0.30398892827845386 -0.0035658525311255962 -0.079161926190987247 0.098417529859065336 -0.24836162879289517 0.10537094229476013
-0.69669503802846722 0.078119565740632904 0.21328188369286696 -0.12298030646297667 0.23590561931577278 -0.097842822437525401 -0.043120453366735437 -0.082760332022254746 0.24093311612086302 -0.075219086814619446 0.23590561931577292 -0.047567854386623039 0.20071314168014123 -0.012375376750991403 0.017209508294347319 -0.0073478799459010891 0.13535568321396818 0.022817100884640413 0.062456979540159503 0.058009578520272116 -0.31209153243906351 0.040413339702456266 -0.06323044058709662 0.10577079816862942 -0.22662408675252951 0.14096327580426107
-0.69488436684238453 0.01174452451001219 0.22118854493856185 -0.096981300878130519 0.23738175297509373 -0.083101408275388908 -0.037902783645948124 -0.078474777407808338 0.24894833014404508 -0.057654938503695928 0.24894833014404508 -0.029895153298212712 0.21193528320340091 0.00017794734106078104 -0.012456313874255298 -0.0021353680927294217 0.14947576649106351 0.030251047980334275 0.052316518271872295 0.064950779487188373 -0.31087400483320005 0.01637115537759266 -0.077229146020382777 0.1042771418616229 -0.23684791095191143 0.1204703498981548
