C:/Users/vmc04/Desktop/Wing saga/Lab reared wings for landmarking/13/13 landmakrs lab reared txt files/RMOFA 13_Format - {Procrustes residues OP} - 1 25 26 0	from C:/Users/vmc04/Dropbox/Homework/RMOFA 13.txt - TPS like internal (simplified) format - can be converted to other format by using TET - Orthogonal projection of the preshape data to the Kendall tangent space
-0.0033825535398226475 -0.0079136293736626288 -0.0040924038648886742 -0.0062386027297445948 -0.0030922609849752549 -0.0041855091967878833 -0.0051472748952436304 0.0016380974260333911 -0.0013600353522347764 0.00018407153671950619 0.0014225219370270579 0.001797078695767104 0.00047030849778014394 -3.2347078237039196e-05 -0.010864185145093453 0.00081352907627633552 0.00086090799615329413 0.0044368816084367014 0.0075250648509243012 0.006593087433636324 -0.0040625464509704556 -0.0044774122089986977 0.0036261227640797975 0.0016790090695834356 0.018096334187264612 0.005705745740978152
8.8081614951047819e-05 -0.0029536321530241015 -0.0039253140587371524 -0.003081251578163319 -0.0027407069405593581 -0.0045591667169797602 0.0047260100908411767 0.0048727360570733347 0.0012277111071719053 -0.0018869610965565045 0.0059202379600424345 -0.0033132408078611082 0.0020030209391425995 0.0015362574241266878 0.0049254204555322654 0.0058949160544265041 -0.0022292464078103999 0.0012035614031725142 -0.0052072683132718582 0.00027438375206016415 0.0035645972748999727 0.0033965249220217 -0.0011415440846368166 0.0006723839514868931 -0.0072109996375654736 -0.0020565112117824219
0.0062280181477791354 -0.0026118855823965763 -0.0020113403642236776 -0.0039557874893398921 -0.0025526942123040163 -0.0010969863976668373 -0.013987065044343158 -0.0047761747722723149 -0.0010592145726975805 -0.00091041731091145539 0.0010264988188069574 0.0031069465060242826 0.0078130271884200454 8.5218013137160654e-05 -0.0043861400581851982 -0.0014082403361460522 0.0067657880913585657 0.0040225729522080375 0.0048364562502451842 0.005151512748537793 -0.00023665979562313005 -0.0011497917456526935 -0.0023181801522998762 0.0016590470543994703 -0.00011849429693382933 0.0018839863600789014
0.0024297469057929007 -0.0023506982694406842 0.0010879680927765381 -0.00088444991076175046 0.0020262421871632057 0.0028628093363182237 -0.01216836743911405 0.0017354141192750376 0.00081640877799802301 0.0034844435731389363 0.0024052507155195666 2.272195764989788e-05 0.0022771699455867087 -0.0044445335163394951 0.0032668124905710335 0.001937710997657788 -0.00062065772819302708 -7.6889438614860701e-05 -0.0014547567269587792 -0.0041744473735818828 -0.0018476575648562984 0.002310338856846316 0.0031720811192045154 -0.00100373140078487 -0.0013902407754900741 0.00058131106863722193
0.010799649716853849 -0.0034404107539010471 0.0011811534692961895 -9.7653685732204806e-05 0.006976291421149668 0.0027116189116637292 -0.024096669897606351 -0.0046147003557350796 0.0035966044072439389 0.00063755929760789254 0.0054982651240120146 -0.0020763853981312702 0.012167036137074781 -0.0035422452883259931 -0.012654219337358039 -0.0014925303556733167 -0.0001780075459299191 0.00062430605625462263 -0.0049850250061037301 0.0032647290914892069 0.001989540517019407 0.00134897688458529 -0.0024851050466896934 0.0039504701064489011 0.0021904860410379926 0.0027262654894491811
0.0066719687123159357 -0.0024569477336161922 0.0097554706253460983 -0.00080741995881888115 0.0084888438937951484 -0.0032592439364142233 -0.01720515225367171 -0.004427507443070083 0.0058761462143571011 -0.0012013714872723764 -0.0063340032958809078 -0.00096086703269148603 -0.010467439131688313 -0.00073059438834901277 -0.008085460416773313 0.00028133045927721955 0.010123133103698641 0.001716030882724738 -0.0023868371411804429 0.0052406832362520295 0.0032130731662563033 -0.00050274046553436496 0.00061897792289586969 0.0045438031966780635 -0.00026872139947004643 0.0025648446708348011
0.0071567385392866667 0.00074855375968000456 0.0036311909437197086 0.0062659277062099838 0.00038471946400925631 0.0026906608326422252 0.002170305325691812 -0.0024544154011971863 0.0008415214865675983 0.00066592019377547762 0.0026436982485577715 -0.0030952148387754109 0.0020404898130678751 -0.001474369922918776 -0.0006055211057588274 0.00053601472479927487 0.00066530538688801982 -0.0044719956183476477 -0.0062446942499984701 -0.0030554280012588583 -0.013228588660109094 0.00033198563330836151 0.00019170128055097965 -0.00052813452243711243 0.00035313352752686968 0.0038404954545198655
-0.009057131475671578 5.8529846989798049e-05 -0.00059904636552757934 -0.00037908301196766406 0.0022881612200001513 0.0049764709316392841 -0.00091689444126227836 -0.0038968384313287597 0.0032452364757671278 0.0066035413989270477 -0.017335539789711647 0.00019819371155600118 -0.012975422679014789 -0.0011800897676477909 0.0044704618172670641 -0.0041297198472499009 0.01094634237278048 -0.0025782018459295729 0.0064111397752370722 0.001114380548846378 -0.0025978727004295015 -0.0019616594252831118 0.0091882337962242693 0.0017331296889597906 0.0069323319943423046 -0.00055865379751109112
-0.0077462421009875564 0.0018934323541524409 -0.0016623396767445901 0.0011260747869737235 -0.0002966819282002116 0.00084763473247885274 0.004704716400310594 0.0026638966804177883 -0.0033633932997117273 0.0042313498936384043 -0.0021062662153034845 0.0021088432727045118 0.0034695197063363045 -0.00060990577004119638 -1.3494251884966549e-05 -0.0027628618744882341 -0.0010458874433071298 -0.001279988218892439 0.00062969349465269941 -0.0019317770019804423 -0.0027903616546803181 -0.0012559852887714649 -0.00076696419740569387 -0.0025997319791625719 0.010987701166926843 -0.0024309815870295626
0.0026791211365636124 0.0066991384231929116 0.0046864241699317933 0.0058977728494495896 0.003395098310483589 0.0038728491794609958 -0.0035561113161555746 -0.0026349228867079775 0.001151516859346309 0.0023459106251247233 0.00049391418156321566 0.00082999860599328027 -0.00026399081767840846 -0.0012908559947213286 0.0082172119412120617 -0.0017758454666834183 -0.0036964792162510582 -0.0028012683387620297 -0.0012482252197017368 -0.0028670495756163974 -0.0075824601718511905 0.0014299262491493793 -0.0032933105446446929 -0.0051411540348290426 -0.00098270931281799114 -0.0045644996350501787
0.0053740712268794781 0.0071336802625543549 0.0055111620254170088 0.0094215196872104012 0.002510758464810396 0.0095021946465094036 -0.0045371333599112731 0.0029741582389990816 0.00041741663312411552 0.0043092375058442003 0.0038428023511446613 0.0010171258097631476 0.0038422971962104569 -0.0044576741739896066 -0.0046660585614537566 -0.0079559960332298736 0.0017810424419732441 -0.00684065818131696 0.0025400249215162488 -0.006606371387554503 -0.0098507725637923278 0.0026433623571193421 -0.0036547551427197921 -0.0061142093358758174 -0.0031108556331993203 -0.0050263693960330563
-0.0054227752027710512 -0.0041690231355538242 -0.010994437408563151 -0.0046341415871254425 0.00044199416140829886 0.0034028317601872346 -0.0054206134458845727 0.00041847121704129283 0.00027869385238995029 0.0024358587928620477 -0.006265422406610468 0.00011484554414931273 -0.0032223580978410294 0.0022071168625021334 0.0038826481574061561 0.00063350825686385752 0.0031669690596986804 -0.00045842800067328107 0.011212756181662075 0.00015316055357840767 -0.0039179910075981123 -0.0030167374293230851 0.014006747882981134 0.0037994665728977831 0.0022537882737223075 -0.00088692940740633941
-0.0031069777177970461 -0.00089141649063822429 0.0025176943951110207 0.00025658587353648505 -0.0046456504613888111 -0.0058945260931916477 0.0090877201354361524 -0.0021147378076956948 0.00026591293249894317 -0.00068366517819817613 -0.0012368946285070386 -0.00058168341484344881 -0.00097467012864711549 0.0026745269926303121 -0.0015962456541521383 -0.0024187649297839151 7.0170138134704454e-05 0.00095340436299793665 -0.0048681228526702052 0.0014048711271102434 0.0047469230161732764 -0.0016338983380630335 0.00010332738091888591 0.004571256172369172 -0.00036318655511014116 0.0043580477237700893
-0.0052222784873709113 -0.0011263168657527542 -0.0062135532387206684 -0.0029282171555826417 -0.0044731754358795861 -0.003316139662780914 0.020985652642821772 -0.0025400213080683204 -0.001184721839051868 -0.0010514570214762004 -0.003998934371259432 0.0030210091577243469 0.00044082090225280651 -0.0013101704635865865 0.0037422883810885278 0.0023990144217602102 -0.0067285957843348353 0.0029926418446969676 0.0059000603862621017 0.0011434425615572453 -0.0015993368870213399 0.0026591794616277181 0.0037993166776402452 -0.00069221950666074287 -0.0054475429464261003 0.00074925453654184349
0.0047572362674705142 -0.0033574917174026379 -0.0057517354999185423 -0.0033891567919443308 0.00080218878773953301 0.00037155387466677309 -0.0040001646213522818 -0.00052930853230518347 0.0064094382613866224 0.0017299594840978374 0.0011621070413846096 0.00075012876879928972 0.0020580910756564262 0.00040212844653432381 0.00049254262581363865 0.0014750142511281081 -0.0015763522149825049 -2.2677546943576177e-05 0.0025657804977261144 -0.0008017291442103425 -0.012109245923185448 -0.0014669314132140865 -0.0073984429915449432 -0.0017586646191313103 0.01258855669380609 0.0065971749399248297
0.0067951944713893937 0.0079018132537600032 0.0071732539738277642 0.0016074250321520787 0.0039833805693054482 -0.0013218560724694475 0.0045636133542892371 -0.0061836424974118466 0.002377118390539207 -0.0039336118315681816 0.0043797910945911796 -0.0013612413647529197 0.0035918298252780589 0.0021096355694566961 0.002811327349439625 0.0033488064486445115 -0.010372252596824418 0.0025758300360983711 -0.006429121166618831 -0.0020182292869528988 0.0044956336656893463 0.0012389440069948401 -0.010924628777373182 -0.0018313632231282285 -0.012445140153533468 -0.0021325100708232403
0.0044473474718145318 0.0078226053223384422 0.0027037258945053154 -0.0040490176964539295 0.0011287964997773051 -0.0048647083461449553 0.026420246222063484 0.0025862685582643576 0.00012485593777788366 -0.0049033147173941673 -0.0012349831981143936 0.002177265875913611 -0.0028729426943589821 0.0037017487380500143 0.0067379317678657397 0.00022156653419119895 -0.0079951279441906331 -5.8275488827439674e-06 -0.00073735280789652511 0.00092745770409555196 -0.0018040708519006083 0.00043662618002375411 -0.0061907051468788948 0.00039924050195470624 -0.020727721150465141 -0.004449911105955856
0.003005681188506742 0.0042812233062569718 -0.0056860004496448726 -0.0032392234456472698 -0.0035260125229968249 -0.0035477408472413862 0.015399811771568002 -0.00049112548398435002 0.0017533436110594865 -0.0019749381585012363 0.0077743703324520529 -6.7307855261869218e-06 0.0094907556990819833 0.00058639787424175484 0.0015044043812310348 0.0054612949927541716 -0.0056344502240636054 0.0034469711752924833 -0.0078601942186271277 -0.00060055650920598047 0.0042713628296901394 0.0037822603037628516 -0.0052749070935542968 -0.0020226232525464918 -0.015218165304702585 -0.0056752091696551654
-0.0009548781764172256 -0.0019827323717072232 -0.0006004564818268051 0.0017939888711669596 -0.00030025028610625388 -0.0016571176546743194 0.0056871182697042499 -0.0028098206823497229 -0.0040646629328452786 -0.0063752346962404321 0.0030754631912078946 -0.00016914492515327645 -0.0012932664978293953 0.0027570368682027701 0.0031851007445604907 -0.00043958441582937432 -0.00064105115786202023 3.8270186616745031e-07 -0.00030441406437339651 0.0014909270679406613 0.0025404563531704434 0.00050724684456702931 -0.0062542132390928937 0.0019754019420386501 -7.4945722288715256e-05 0.0049086504501724831
-0.018632164692356474 -0.0026574510239913743 -0.00020937389110611262 0.0023323053988217033 -0.0054424054568869701 -0.0010032423883585793 0.015457635409117642 0.0071933860197498532 -0.0049336140554165318 -0.0030905419399379999 -0.00088981427766660764 -0.0019073855922624224 -0.0081826069889340582 0.0012741843003997487 0.00093639779860692099 -0.0034484892870090436 -0.0026179096815510932 -0.0023380337538200504 0.0018116721931540777 -0.0016803435851329689 0.020157238275215757 -0.00061806410954347063 0.0083402976784868622 0.0047783155071188053 -0.0057953523106638767 0.0011653604539655638
0.0018900341470489959 0.0021196448671743692 0.012200553248283057 0.0087296931169268347 0.0044297136176296801 0.0047406734514230976 -0.011181093648082289 0.0028388445087081703 -0.00029444319470424071 5.8282860769118575e-05 -0.00051628601060558187 -0.0014565594000920006 -0.0017531420697889464 -0.0040040246970390048 -0.0064628381366614229 -0.0028690259492173634 0.00081570934091276782 -0.0034657853234682711 -8.2405402259366572e-05 -0.0023412118614720575 -0.0025983172371616139 0.0006055332326321335 0.0034361460072407993 -0.0040156984308707322 0.00011636933814876274 -0.00094036637547414981
0.0035770415703341467 0.0035337795640388663 0.0021302313180877851 0.00034330841604197535 0.0025182801167227117 0.00081364698396371195 -0.011525162984387632 -0.00041608908308106494 0.001257304856059151 0.00019096366908857626 0.0043373255048589666 -0.00080415791914804761 0.0020806264323286775 0.0014447660519619782 -0.0030391564347247613 -0.00041842055040653894 0.007567057899155117 0.0016104444061716518 -0.0030430579716038538 3.2404029691083451e-05 0.0078463732070991801 0.0018539065400440223 -0.006973649960329952 -0.0037479931917816394 -0.0067332135535988864 -0.0044365589165848152
-0.010264050204264481 0.0056850804383828868 -0.00050340536948409627 3.2385570811446079e-05 -0.00057020823617160701 -0.0011532510190414712 0.0050388551468677767 0.0072026445797450395 0.0017531235315085812 0.0029834492627033534 0.0027936648900754647 0.0024703117405502316 -0.0027853657357129677 0.005191348603917653 -0.0016031383052157334 -0.0015334643910261516 0.00057737004542927363 -0.0021209684947939324 -0.0036897157174810122 -0.0053584246363796335 0.0096663036037945883 0.00062725706263944093 -0.00039056640641200666 -0.0072306863097771719 -2.2867242933644321e-05 -0.0067956824077319566
-0.0087943958685072106 -0.0038696161547099829 0.0013916934660209612 0.0040347081393448036 -0.0018640759695158723 0.0014172081644433054 -0.0098557117614530513 0.0030022128329661698 -0.0036069657280218782 -0.0033678242676801699 0.0032825928903642693 -0.0012749197703817202 -0.0038134872692847589 0.00083705918560366462 -0.0019872431402874488 0.00057576242004189879 0.00064103579553800535 0.0012369492526590714 0.0035411659864369614 -4.572484696578128e-05 0.0022067950149055222 -0.0014481036582131282 0.0057596556724918962 0.0001700404928966252 0.013098940911313625 -0.0012677517900042401
-0.0048545244721620185 -0.0090779626975395489 -0.0078838926213546361 -0.0096490628412631771 -0.0056890919791990277 -0.003395285172236754 0.0085693765198137338 -0.00088688557843685008 -0.0071774630861547572 -0.0010572284275127707 -0.0059232403338066618 -0.0007014249262243228 0.0005227722862783577 -0.0013558457076021048 0.011866237084058467 0.0070403841837442614 0.0019822879094482928 0.00255194664592308 0.0024998173204921095 0.0060692977696559149 -0.0062247603657490233 -0.0059775576141906659 0.003268105171966022 0.008511049004199538 0.0090443765663688804 0.0079285753614835169