C:/Users/vmc04/Desktop/Wing saga/Lab reared wings for landmarking/13/13 landmakrs lab reared txt files/RMOMB 13_Format - {Procrustes residues OP} - 1 25 26 0	from C:/Users/vmc04/Dropbox/Homework/RMOMB 13.txt - TPS like internal (simplified) format - can be converted to other format by using TET - Orthogonal projection of the preshape data to the Kendall tangent space
-0.0069578172619040556 -0.00063727499842187248 1.1557923666345379e-05 0.00071591261340427461 0.0009295103300858581 0.0020919780272592504 -0.016877792636606881 0.0066431263545364844 0.0017437331744492046 0.0034534825858052402 0.0010147489707318133 0.0046102198126949699 -0.00087021170551243327 -0.00095257299292701464 -0.0050269851024499369 0.002807730586223068 0.0053277433291295685 -0.0043058340256627598 0.0011253918598042 -0.0059748398377690512 0.0037711224293891978 0.00015861306897315598 0.0081614481718237548 -0.0025935197959285556 0.007647550517393879 -0.0060170213981872167
0.0046466894975604155 -4.5841223146304302e-05 -0.0017782515864315706 0.0031850332997457056 0.00022468440540197648 0.0022450009038426015 -0.0019221723089778049 0.0025648298982476666 -0.000489835628372758 0.0041070074359862378 0.0029992322183005041 -0.0021003980336877339 0.0053807662861364881 -0.0038389610503382814 -0.0053687631419617543 -0.00073202327713714271 0.0043526991045567398 -0.0018560596005915823 -0.00050577794559562568 -0.00033316535662271938 -0.013965941006201688 -0.00040300924850762021 0.00040544981290318476 -0.0014387185513965168 0.006021220292681948 -0.001353695196394597
0.004926975029285869 -0.0029368858915498784 0.012648987063223567 0.0012673543291801381 0.0044878277255559823 0.0016590284968249418 -0.0071669432022800038 0.00038594287713736579 0.0044099774042352354 -0.0032127734850307117 0.0039921493927679947 -0.0049554061284396806 -0.00041766311682121891 -0.0038071230930921299 -0.012256844893803643 0.0037428163200532113 -0.0089455399893106653 -0.00049877809373750264 -0.0037990773535081499 0.00093430147576904548 0.0012905429774912915 0.0028969668106601986 -0.0013886186788619693 0.0028248729377350918 0.002218227642025485 0.0016996834444899106
0.0094063404133441844 -0.0071633205684489094 0.0093592338986497429 -0.0028811923333218734 0.0053488236847613283 -0.0045958392113206667 -0.0059449523013160388 -0.0021321734921639539 0.0030019106154649863 -0.0065971482432581469 0.0030821793933965167 -0.0035785375289247266 0.0016391214381858872 -0.0011034520898643022 -0.011139702503422017 0.0010369792365807406 -0.002299837076769339 0.0024589972138017373 -0.0093949292055915297 0.0063039037060486055 0.0024784843540841366 0.0027974551069179449 -0.007308249807269112 0.0069471588985086808 0.0017715770964828212 0.0085071693054453446
0.001572558946049081 -0.0014810796848640743 -0.00991786589016121 -0.0050738997366294655 -0.00036033465172007019 -0.0048599378496154977 -0.0089971731786234257 -0.0034839393525580792 0.0087514291715254672 -0.00045528936723508305 0.0077218373045406024 0.0057511662711117522 0.0068433968435351183 0.0045163918359244666 -0.01717794928982622 -0.0051024558847612604 0.002465005121815478 0.0037505636906814289 -0.0038616364965557304 0.003775922736249522 0.0060744166968778705 -0.0028058344113565986 -0.0019520591350784301 0.003001773698812861 0.0088383745576220731 0.0024666180542399774
0.0070981944066506771 -0.00089480582559070586 0.0089944297161442983 0.0035034466292554107 0.0050559489017233516 -0.00060635545508485808 -0.0062308407717072481 -0.00051451119227640687 0.0048171026890026624 -0.0017556775040040279 0.0010495113890414652 -0.0037971609861764972 -0.00030373299691967975 -0.0026574319296642358 -0.008417738682056565 0.00078922619543011639 -0.0022212069566120013 -0.0013524867901932632 -0.0072336299741642155 0.0005627167058448743 0.0012173713422027428 -0.00035691912761547095 0.0022828215744258537 0.0027909897158495127 -0.0061082306377313062 0.0042889695642260722
-0.010672091077895652 0.0056943576215975795 -0.0025317396999221522 0.0034360700708438224 -0.0024286437541186368 0.00087980084957060855 0.013059213770479068 0.0024990559943917695 -0.0015627060807675442 0.0041461795503705146 0.00095748324146416926 0.0025810669443293924 -0.0022166990230885896 -0.00086617876304492683 0.0072208905742781569 0.00024816796710046117 -0.00094533221695374393 -0.0046398569129778126 -0.0053507178394016372 -0.0044373971127261592 0.0050664632277693834 -0.00023303563199081044 -0.0022601671528086993 -0.0052600122867336981 0.0016640460309653746 -0.0040482182907306957
0.00092020086370687461 0.0010631279879859332 0.0039036275489647593 0.0037454740434609041 0.0011555116199225036 0.0012276283931582726 -0.0023322882978281351 -5.3440995182652733e-05 -0.0012363061933522257 -2.8761305436186845e-05 -0.0048103569781271418 -0.00132098822427003 0.0048617545770892187 -0.0030823288455862647 -0.00029254122794903167 0.0019142964816837927 0.0071205961526805512 -0.0011540707041064239 -0.0038757885738479052 -0.001227729987657843 0.0021650460522596206 0.00089757239722927434 -0.0042818998218919326 -0.0010092491257343622 -0.0032975557216268908 -0.00097153011554418356
-0.0021466023715145336 -0.0056740446654042183 -0.0035691535739227928 -0.0032995382325988511 -0.0031617358377715467 -0.0013547002763695493 -0.0030465586515859701 -0.00090501881457200279 -0.0015599287967436259 -0.00065669502502898832 -0.00057511150604681264 -0.0015208490205548544 0.00075211209523297394 -0.00089292296164582383 0.0048789376772439162 0.00089520880562699381 -0.00087933124729517795 0.0017482377589652857 0.0056179515476410466 0.0029604483087428469 0.0039855902301136848 -0.00095873862600726935 -0.00023147118450687508 0.0040687130497236964 -6.4698380844184934e-05 0.0055898996991225608
-0.0025827150021216303 0.0040272187088211597 0.0028379624757233096 0.0045152510310883225 0.0016440500439306939 0.0041393073602957993 0.0085291065420416354 0.0032174535499188799 -0.0047804192176844071 -0.0033620505801388346 -0.0009901347686912922 -0.00032975262406111322 0.0013529389348126497 7.660424604416589e-05 0.0041692316378092531 -0.0014659905436078735 -0.00031510196254542306 -0.0029158690243338819 -0.0019950890094573371 -0.0022909737703587937 -0.0023957527160154081 -2.7030223620932322e-05 -0.0063243048273442506 -0.0029885190499740529 0.0008502278695418997 -0.0025956490800724541
0.0056841922581510763 -0.0027736309642267792 8.7020027713918119e-06 -0.0015323561182047627 -0.0038471134625006095 -0.0003249262279802058 -0.011804141135031287 -0.0074696366029067922 -0.0015455543483839382 -0.0034441276477578213 0.00045575438245218196 -0.0022793333284445382 0.001546330903768202 0.0019750318518706269 0.0046943477166125182 -0.00058501841453711576 0.0075907278731994262 0.0043428091639033705 0.0019205197981685979 0.0044687672785959599 0.0019909766582463786 -0.0018737882601957401 0.0009195916150683233 0.0063852733017864347 -0.0076143342625217963 0.0031109359680975418
0.0074190985879395138 0.0086744899744482049 0.0055688550773970889 0.0031729262055271139 0.0024905064938117306 0.00038393825683868141 0.0023511429051080047 -0.0013282572773303507 0.0012637418617631692 0.0033798414876854304 -0.00068862774970026436 0.0019635158626970309 -0.0029475989986499618 0.0004707670765650222 0.0082298606635524702 -0.00041531477482362146 0.0020376326764684977 -0.00010089235432486675 -0.0012667217095305269 -0.0045790531772493693 -0.01335108374485953 0.00018990349961012747 -0.0050649996212099296 -0.0064495083954576931 -0.0060418064420902501 -0.005362356384186015
0.00027320248617867908 -0.0069812445839658706 -0.0036957493048171159 -0.0015572116027357801 0.0019900823678788773 0.0034721974399288995 -0.0076621108014107795 -0.0017095929447443258 -0.00073576380654259092 -0.0029636884437815262 -0.0035789785793222308 -0.0045811126799788883 -1.5691838087256681e-05 -0.0023175466772788651 0.0018686086288593089 0.00070886100460748863 0.0056747555344887823 -0.00030917896325548375 0.006196339601506437 0.0039738709680453791 0.0029765681485361068 0.001332613494513609 -0.005213130932058602 0.0074021437998068318 0.0019218684947922963 0.003529889188838703
-0.00044625802338922778 -0.0080583624488434757 0.011083370582479664 -0.0024921009773643038 -0.001867057924520348 -0.0045898962364047087 0.0027173048865758265 -0.0007827375063229774 0.0023247182990127377 -0.0015812770152954661 -0.0055126430330513735 0.0028008344751339429 -0.005750656867493209 -0.0023507913053748769 -0.0067274203249257586 -0.0022610634396489399 0.00047105211853743227 -0.00093875989113259735 -0.0033435305200578075 -0.002554754970861284 0.012537978337831612 0.0095247584191990083 0.0079639556233959165 0.0049544465245997902 -0.013450813154395945 0.0083297043723155606
-0.0067246138607968929 -0.0065342613937171964 -0.0092637896486793964 -0.0052060489881068615 -0.0064501553736191096 -0.0054903473993616891 0.0020874157580358342 0.002700642304226516 -0.0044158478434595718 -0.00080223623792664855 -0.0017861244154364193 -0.0029531348432773699 -0.00035284598518957279 0.0024724613405588741 0.0043367359445587285 0.0015125614417952017 0.0037680243775259879 0.0045819515629003226 0.0088410095557019744 0.0074452489138011101 0.0025939405496540392 -0.0011147397444955978 0.004854488712978818 0.0043378027412994628 0.002511762228725946 -0.00094989969769636307
-0.0073495288044949335 0.0082391257383392993 -0.0089434006971042587 -0.0003953837518698316 0.0013531664734162756 0.0040645785046589493 0.0073830952833356354 -0.0023531669592145943 0.0019491413604693932 0.0060124611008123899 0.0015930628173065602 0.0053814961227229407 -0.0011542825659220306 0.0042318981278081699 0.0054922908936370475 -0.0016456765932242332 -0.010743610770285083 -0.0013756381742234237 0.0040537889752343161 -0.0062085283040904139 -0.008889131584082801 -0.0042360232175933342 0.0064239774031802097 -0.0070171256872897372 0.0088314312153091636 -0.0046980169068357724
0.0034948541904450013 0.0053527603327969114 -0.003208272255868561 -0.0014908329277812523 -0.0036972413389796933 -0.0020573162088501698 0.0016358451514254255 -0.0038849468748952841 -0.00014068064014497242 0.0033178100095064625 -0.0024541473722394904 0.0027657199848871092 0.0047714613698331436 0.0016137263344808263 -0.0091606120042466051 0.00094862291806331036 0.007807426306707963 0.0034271093076515395 0.0094899070250915336 0.0012515370388680742 -0.0050231318190507371 -0.0035824560849957773 0.0024108796107365558 -9.0823500899174427e-06 -0.0059262882237090617 -0.0076526514796425721
-0.0035093244385537535 -0.0044633057550871593 0.0030192185787092539 0.00036645060899999772 0.0013687728129882851 -0.00037128279825964612 0.0099219153260327736 -0.0006513366038450384 -0.0036256197266879677 -0.0064153893520218315 -0.00034097999605822759 -0.0055588240501439389 -0.0062193503836012135 0.00023757927196936209 0.0070733912048491759 0.0044286621684547995 -0.0065837193281844458 0.00027496473937657455 -0.00033841810486102465 0.0018247618638383128 0.0017267185913903832 0.00049458211348910692 -0.0060904405495905388 0.0035782745433424307 0.0035978360135667706 0.0062548632498873602
0.0026641611079191319 0.010079255139444611 -0.0019192711323113587 -0.0056772968751430414 0.00041619002275804836 -0.0018939949411796208 0.014501242837339756 -0.00039454758696662383 0.0022825000878569841 0.0021675951534788586 0.0029082264421905046 0.0057904620881689952 -0.0061495693380937749 0.0069546014709496199 0.0080992018014864851 -0.00035554994937798398 -0.0044645603376707093 2.795456997020608e-05 -0.0011070211271345851 -0.0035110575047696286 -0.0085233897360444677 -0.0052454254809828705 -0.002424445545815895 -0.0049960523429607951 -0.006283265082480333 -0.0029459437406318539
0.00038575487753776498 -0.0032898264947841776 -0.0036192922324865089 -0.0033402901708597917 0.00077353141000117498 -0.0016646566701321102 -0.0027726140035644869 -0.00084536636331994808 0.00088650581535767124 -0.0027682163370459706 -0.0024055319689924456 0.0005149907017719486 0.0034665315780988987 -0.0002815487340244911 0.0019566053940362105 0.00081142000055043489 -0.0021215272555635085 0.0020341836483366406 0.002765673229692036 0.0057893045628227089 0.0030694656754334942 -0.0023609768603460924 -0.0013801235987866577 -0.0013412087643482429 -0.0010049789207648577 0.0067421914813787093
-0.0042813945040459604 0.0013387742353891926 -0.0035107119075495296 0.00058727695422812736 0.00085883816161015604 -0.0016706082391949846 0.002861868848252712 0.0029016096328378779 -0.00025171467559913056 0.0008783788643217835 0.0022731390774496821 -0.0015798301704969611 0.0019964934481759306 0.0020960744258862272 0.0032844046074845808 -0.0013274327815161174 -0.011573750334233494 0.0019265124011583299 0.00021508237577107096 0.00073697729556552235 -0.0019439170071487875 -0.00084931852222466569 0.0086541138777884649 -0.0013755710473766537 0.0014175480320452473 -0.0036628430485773494
-0.0024768636743714 0.0087274638985703496 0.0040321665546309265 0.0079755108244815038 0.0015504350699204338 0.0047371647700660104 -0.0019144707916476118 -0.0016268972546227803 0.00022594546207535884 0.0044632440989881518 0.0026974614240991871 -0.00039659045835160634 0.0010755068302440449 -0.00054590854989578137 -0.0010687863591158594 -0.0054175642265584132 0.003334399034625072 -0.00061142063901212294 -0.0058718726128310448 -0.0043001067612454726 0.0028889947451664322 0.0046455259813159367 -0.0017663788333195907 -0.007695327415286151 -0.0027065368494754924 -0.0099550942684499544
-0.0029177499284289317 0.0086748282437243331 0.0058632700879148545 0.004601742107796793 0.0029405220322058201 0.0080365510919454177 -0.011816336581333037 0.00050999971878688583 0.00083553879940217015 0.0028073045104685442 0.0046722997695843723 0.0037012111993759717 0.0050902169326401386 -0.0026213918134812783 -0.006938483582337519 -0.0036965946272485327 -0.0037696814308471951 -0.00075051685449271347 -0.0018456681329942284 -0.0054505222014045677 0.0010822854974590524 -0.0048710210214113845 -0.0032615196782028377 -0.005847495073509788 0.01006530621493752 -0.0050940952805489242
-0.00068058007375575678 -0.0039474595491292208 -0.0047902731186693437 -0.0039836531175002259 0.0019343210008442185 -0.00088611018962915511 0.0067277489507714706 0.001087511202422145 -0.001264933647389329 -0.00067959032133970896 -0.0011137317186985327 0.00033280913042139525 -0.0056163285987917552 -0.00025602934651112308 0.0072272225443641069 -0.00069115375773137213 0.00050694032913908686 0.00093080587093414451 0.0039161240802634894 0.0015903044233442592 -0.0019752707535509728 0.0059783354059396408 -0.0010891943723374466 -0.00084699387839330589 -0.0037820446221894823 0.0013712241271721243
-0.0076295871834838706 -0.0072249690007586426 -0.0074883197965603205 -0.0014473764069238488 -0.0093100313079625928 -0.0035601588984096738 0.016254603088784337 0.0043883515255324019 -0.0073226374453650685 -0.00065749424835899462 -0.0076573003752396663 -0.0014926647061648001 -0.0037597375679449094 0.0010891577342381509 0.015182817835870865 0.0037880733870395947 0.0065114941141266262 -0.0040810914771111061 0.0064624059553864644 0.00025957140021538394 -0.0034707677967403105 -1.4186200951638599e-05 0.006837294253982446 0.0039754072186665868 -0.0046102337748541358 0.0049773796729863928