C:/Users/vmc04/Desktop/Wing saga/Lab reared wings for landmarking/13/13 landmakrs lab reared txt files/RPVFA 13_Format - {Aligned specimens} - 1 22 26 0	from C:/Users/vmc04/Dropbox/Homework/RPVFA 13.txt - TPS like internal (simplified) format - can be converted to other format by using TET	
-0.6707971411483612 -0.046817056498590193 0.22006127359909344 -0.093089928748985029 0.24108410460269514 -0.068655444825954648 -0.039478689162411602 -0.096037304877428883 0.25068504288228949 -0.037603052870508108 0.24266777197412254 -0.0093104662964312249 0.21826517731763617 0.017033608767056282 -0.0055654260480736562 -0.0039341079327446385 0.15706735507715563 0.050966332066460243 0.061687093382807541 0.084489892878680029 -0.33885529031028777 -0.018310407888784182 -0.093101925374152253 0.10895463294255561 -0.24371934679251375 0.11231330328467505 
-0.67919634604772028 -0.040428314625500859 0.21466697553032357 -0.0948697078659963 0.2455767362822088 -0.063314346140217137 -0.041953500549354913 -0.094588220479421059 0.25348027439218102 -0.032111811886364999 0.24520638960290683 -0.0052182539612696515 0.21413272289266308 0.018045703767860598 0.0027852619940597007 -0.0040421901172714427 0.15294877950324667 0.049282013180610693 0.05906592244709874 0.0773616578092437 -0.33206487802064177 -0.015268825481422646 -0.088337555768335782 0.10206943732912849 -0.24631078225863631 0.10308285847062032 
-0.6754039162566966 -0.045386838149668936 0.2211268350598449 -0.097696360209140687 0.24526570124987909 -0.067454362050478195 -0.044222433486174793 -0.097126832839650318 0.25661472610985731 -0.033560394991326299 0.24736479853977017 -0.0067817568322413634 0.21538131986959747 0.019061238155796169 0.0064905616053460465 -0.0069807150897065557 0.14403572130126008 0.052058764090785178 0.043102704727317705 0.080600334118200181 -0.33359481241495254 -0.01032276828187513 -0.082586406476209823 0.10404911877504784 -0.24357479982883817 0.10954057330425845 
-0.67895534225301757 -0.046064073684643041 0.22105553058883021 -0.09212501835315591 0.24403590166214059 -0.06117976956322433 -0.034953236737691261 -0.095433022634055717 0.25049765314487871 -0.039672123639842523 0.24411696876364475 -0.010774954201439833 0.21054153144271917 0.016306078893504813 0.007992246304009824 -0.0053805923611100186 0.14656129513093119 0.051087393953756943 0.053567917876704882 0.080571175890201449 -0.33946511266245843 -0.014097597951276178 -0.085033783693459306 0.10626730591458652 -0.23996156956723325 0.11049519773669766 
-0.6761317241276068 -0.046302203108479968 0.22094911735809006 -0.096472168945282696 0.24513448040245153 -0.064673163103939404 -0.048235565421141671 -0.096176852406469185 0.25357991654129602 -0.037511939476675339 0.24729887811128465 -0.01172915122821862 0.21100808327272047 0.021001810160008776 0.012442581924375353 -0.00066100726217307602 0.14994795252236109 0.050711079953496475 0.053253996409300786 0.080776832607782401 -0.32955284559116854 -0.012279298288867079 -0.095827164308638538 0.10330193907351561 -0.24386770709332409 0.11001412202530247 
-0.67593768973879131 -0.051447263749618374 0.21846213648525911 -0.10064323561640766 0.24173810838609097 -0.074492552464554579 -0.0459429262840685 -0.097416794629018214 0.25298964330768825 -0.038519655921925862 0.24605476280571983 -0.0078514895602945708 0.21206891614781834 0.020585763385713732 0.015449062817726336 0.00076575108958516704 0.14577040789373258 0.057172044660780713 0.048289039664856072 0.085779713293978238 -0.33474114093783575 -0.01209413742900298 -0.082977346431772694 0.10639442437172418 -0.24122297411642385 0.1117674325690402 
-0.67396036753088162 -0.035751125323388075 0.22478488509728259 -0.085418450756822542 0.24234205660168709 -0.061877302467455007 -0.032275594547364152 -0.09420542745905508 0.25564614293931975 -0.032886833050991701 0.24626804071528366 -0.0047034347110542747 0.21955329375432872 0.018290085757652855 -0.012886551105765585 -0.0080670346117774523 0.1507645178067632 0.043948493565666304 0.055027495967964253 0.073169664929065112 -0.34114125078141844 -0.01167990258891612 -0.086099847319758657 0.098617721149043006 -0.2480228215974396 0.10056354556803297 
-0.67771106771446976 -0.046162054068761935 0.22756156816915882 -0.089267137627264834 0.24417988988117367 -0.063876690876676134 -0.053490777464720959 -0.099035892427223965 0.25000492285220632 -0.03902921109811875 0.24822066705378845 -0.0076976027728053427 0.21898712475594398 0.019131814429529069 -0.0051878109197098024 -0.0044227483863935706 0.14960907258337897 0.049768201364891802 0.049054766967823862 0.079668590399470302 -0.32863653710590129 -0.011122081586310655 -0.083452566502338968 0.10359169204509681 -0.23913925255633353 0.10845312060456726 
-0.67128215629276144 -0.054274318155333463 0.22237921874893785 -0.092282298315158037 0.24040784740493787 -0.065313578553284429 -0.072580581971288555 -0.097402136261397376 0.25892252658341458 -0.033072526266289641 0.24483110956621051 -0.0084598358946751055 0.21584598855961742 0.018752921162094389 -0.019806425193782604 -0.0041047247535845356 0.15707345957424695 0.051165811589173667 0.067432110799270473 0.079266774688169755 -0.33715558935707118 -0.014727212604610003 -0.072430111459721239 0.10831644713628764 -0.23363739696200977 0.11213467622860732 
-0.66746154122497792 -0.047812528015316713 0.21569797154864789 -0.09949989343394916 0.24305056316510526 -0.070584638471365022 -0.06039083510077721 -0.10409293149957116 0.26054912791802587 -0.036441374937172408 0.25793083953269508 -0.006254886392708864 0.21436476622031639 0.024250730866241292 -0.0037675926579567032 -0.0046229756709835557 0.14700792634515134 0.054904703645348336 0.052900485133209565 0.081579483760553392 -0.32946808001372457 -0.017390007607084802 -0.08833485444478166 0.10969627065196759 -0.24207877642093306 0.11626804710404096 
-0.66960253483099519 -0.043025025051922378 0.22700434131718755 -0.086075105381318712 0.24836899290581838 -0.055966528929263307 -0.064537482325282128 -0.10193821305036116 0.25411017136394248 -0.033385976933057199 0.24515478293271833 -0.011876828261217953 0.22153807154011229 0.013554930314395974 -0.012179634714088361 -0.0094731984168036701 0.15333120174524398 0.048114775589725281 0.062187819303161543 0.07960490797516287 -0.32683771201494738 -0.012246844183047547 -0.088348020214431389 0.10416968405152574 -0.25018999700843964 0.10854342227618212 
-0.68167083662012762 -0.038215557091978589 0.22309851997152788 -0.083264368690419727 0.23985374890885758 -0.058334687758178148 -0.048738456707329861 -0.094740745582319583 0.25036092973053042 -0.03338156500204216 0.24110215970586904 -0.003147503040525996 0.20994005854056708 0.017796533131135987 0.0015780207230970066 -0.0064142652016721943 0.1610946892341498 0.044013694566879959 0.06748336267747311 0.07352287979836318 -0.33898357825733583 -0.016591440678122505 -0.082383838744008647 0.096994993329240803 -0.24273477916326891 0.10176203221963918 
-0.66567890057877122 -0.038272622015540561 0.23637553062864933 -0.085534767910285303 0.25143508282728072 -0.057596793831020648 -0.079619824509099421 -0.098184326259289453 0.25499227584650647 -0.034275323925877538 0.24586832401416325 -0.0077238305492083352 0.21266992466674536 0.020987957142723411 -0.015523298151067785 -0.011046951036121039 0.1546441001943212 0.050463140445954499 0.07017583886112784 0.074361146934700389 -0.33162250080403238 -0.015528021192461763 -0.084262041188178788 0.097215469270602262 -0.24945451180764339 0.10513492292582417 
-0.67625351273952061 -0.046531730065009581 0.22650805588893391 -0.087681161330897664 0.24476188578316904 -0.061772699891867469 -0.055299572655238646 -0.10064094181437504 0.24968197681581547 -0.037669935790350467 0.24319186420311886 -0.0089742547455921012 0.21174188798611956 0.017922313848350625 -0.019622672822764295 -0.0090387234489203109 0.15576389035955926 0.05219243410456581 0.069598518666737066 0.082746491580417747 -0.33086524403574941 -0.015475466886213681 -0.077262190361316221 0.10480198778208372 -0.24194488708886289 0.11012168665780797 
-0.67684191237104296 -0.052424113154651064 0.22336850322149995 -0.085733602942390547 0.23907669443216137 -0.063794169537127632 -0.055530573874560403 -0.093497252515632873 0.2494920660770972 -0.04023264161953985 0.24616317696542073 -0.012658552706826805 0.22021161622126367 0.014062247320268265 -0.0061860180744068606 -0.0048002289532431963 0.15405169689186585 0.052906080904112786 0.058695594137430335 0.083128205810555203 -0.33767210537034636 -0.012819062928143454 -0.081479099025100143 0.10652163452278261 -0.23334963923128219 0.10934145579983631 
-0.6774981026696324 -0.044517201565348753 0.2245599143921555 -0.091383740067027722 0.24508036535532926 -0.060290109406412398 -0.045005827759354668 -0.097003312586939255 0.25185504020284288 -0.038371432498542413 0.24977435579925578 -0.011362592162584584 0.20854366773806571 0.019617830845703895 0.00016645409014569886 6.1460481085203024e-06 0.15008165292714204 0.047795161678809379 0.056877339427812298 0.07793996926317498 -0.33515863892786973 -0.014542044062524646 -0.092468608602620572 0.10276155782900881 -0.23680761197327191 0.10934976668457422 
-0.67541582106943132 -0.049331189584778071 0.22394802170072653 -0.088995839055342932 0.2417157810809426 -0.062741752623116875 -0.042678335537604903 -0.095095833708570651 0.25240100034562968 -0.040230081451312405 0.24726325711296496 -0.015207226557547889 0.21259694116647929 0.018744507474340297 -0.0068230828738470879 -0.0028333388802000547 0.15303904747325486 0.0515306485412797 0.059488141497147588 0.078481382389432391 -0.33617490326249089 -0.011830906302421505 -0.090698725080671713 0.10630977801576941 -0.23866132255310049 0.11119985174246901 
-0.67541822258262552 -0.040819056468013981 0.21768196269795009 -0.098227903636709302 0.24336512077623745 -0.067038854918922461 -0.031121656393339213 -0.096657261068058692 0.25342983785504819 -0.034093067647714345 0.24820832833259993 -0.0051347260117675418 0.21455071541211465 0.021070670304429474 0.0095163867446385123 -0.0020925988633961508 0.1485643471640147 0.050504726182093458 0.047305818000533711 0.076568804796414147 -0.33632133161066124 -0.013005658581789882 -0.092785309609688144 0.099500326839925504 -0.24697599678682391 0.10942459907350903 
-0.68016163193313162 -0.047600498763849114 0.22592922858969697 -0.093595585651444518 0.24164088264426475 -0.066281111948670271 -0.050680183031886136 -0.097317396416958066 0.25223637463047016 -0.0407559695738502 0.24666691511420774 -0.011697229342331361 0.20846005271051804 0.022024375509648891 0.0075592365329130926 -0.0011547558673121391 0.15521220398423288 0.052782317470702562 0.046765472886627364 0.083757629715827717 -0.32992985291023408 -0.014684753369187804 -0.092378230621150886 0.10399695399322809 -0.23132046859652886 0.11052602424419605 
-0.66163477050226271 -0.052359351133039377 0.21726182125163812 -0.093930453268639927 0.24019835594941746 -0.067106158652948292 -0.068196162221169671 -0.095244366972853503 0.25279394879271122 -0.036083333089491888 0.25253965304285519 -0.0081825721293673302 0.2295550672601171 0.017364627607019071 -0.014283449012386384 -0.0052484997683512969 0.16075248332931044 0.053870099160076818 0.058519845396325272 0.084490263621282286 -0.34433179087142224 -0.012549438864359479 -0.084412582939963399 0.10615391553727531 -0.23876241947517055 0.10882526795339761 
-0.66081994344257666 -0.047418695554853001 0.22458857374541658 -0.085568455971028579 0.24339583968033446 -0.063261429023879462 -0.088665937699503483 -0.093395044450727563 0.25899551795481707 -0.035705813759936721 0.25664515727891024 -0.0061865378445229218 0.22056461936672805 0.019893130395794021 -0.017647775280693386 -0.0052561836613206825 0.15807786652692724 0.049977459943940324 0.071363392757887889 0.075644648158192496 -0.33934986936896583 -0.012096645148345962 -0.086019023144137549 0.099681209339044577 -0.24112841837514329 0.10369235757764346 
-0.6761962249007557 -0.047551145674537255 0.21393073387298001 -0.096209334684954892 0.24425208101859575 -0.066191565424980892 -0.045429471569763916 -0.097648739353267913 0.25712761007647933 -0.035679460394107014 0.24899877601058085 -0.0082633576092596625 0.21957072146413556 0.018057158465159543 -0.0035074037359513585 -0.0076705537610979027 0.1472175756189564 0.051335799707296889 0.053860066649995167 0.08151843870340772 -0.32517534813900684 -0.016250120953509802 -0.094245805172031336 0.1087409679058748 -0.24040331119421265 0.11581191307397669 
