C:/Users/vmc04/Desktop/Wing saga/Lab reared wings for landmarking/13/13 landmakrs lab reared txt files/RPVFC 13_Format - {Aligned specimens} - 1 20 26 0	from C:/Users/vmc04/Dropbox/Homework/RPVFC 13.txt - TPS like internal (simplified) format - can be converted to other format by using TET	
-0.67225588001845638 -0.021865411684045963 0.22434231867975349 -0.10175182986987939 0.24008684840823966 -0.074635163943453375 -0.071506844810618767 -0.097936501172826942 0.2517793332426842 -0.046232212197857815 0.2500680350631424 -0.020710931989053858 0.21465409191210094 0.011048589879064524 -0.013712506660658657 -0.0029895329430291136 0.15901856177815965 0.046551056742771567 0.068432738340855712 0.081551236271493091 -0.32429037647149339 -0.0034194365765509 -0.091957077984906627 0.10882563087959705 -0.23465924147880152 0.12156450660377094 
-0.67707097757351253 -0.028530188207970604 0.21946660781764032 -0.11141738224839313 0.24329969790314576 -0.080097174762618656 -0.037019949438387663 -0.1016269287085985 0.25194761466329907 -0.050896758761919569 0.24441830955806726 -0.018228738516166694 0.20967268553220164 0.011912407029480793 -0.013060296237993567 -0.0028508892462428153 0.14536631564063099 0.049484785335252295 0.059070692693549316 0.084305653480922074 -0.32497153987532135 0.0074732106234701523 -0.08287425209482871 0.11443310209138757 -0.23824490858848971 0.12603890189139613 
-0.67093585276719447 -0.019659606251165258 0.22364839569830655 -0.10076963428310819 0.2453691085639014 -0.067647687834476833 -0.072992914627193373 -0.097523767634982717 0.25067446897639872 -0.04288943986727093 0.24637820341544334 -0.019577149065261503 0.21595054310769435 0.0090301006655870274 -0.014644502510053347 -0.0050756696053176516 0.16626762343474744 0.04161116996397931 0.064373921686505839 0.077916423222112716 -0.33050986774977614 -0.0019754237284103841 -0.09102049704734963 0.1069502847196302 -0.23255863018143041 0.11961039969868384 
-0.67512107215154493 -0.019584936973041797 0.22085201868624443 -0.10208396166396466 0.24239149068433033 -0.076223337769411412 -0.051723037938945178 -0.099031441353000405 0.25290124768619887 -0.048397239695865069 0.23896369340691084 -0.015243217479279038 0.21334671168118885 0.0099998975363050028 -0.003251292571800013 -0.0030289054664702254 0.15850665609686704 0.043364888265035789 0.059141670246290023 0.078419037347241871 -0.32931796939584917 -0.0026569190980886776 -0.084829459926818951 0.11392779711042411 -0.24186065650307234 0.12053833924011466 
-0.67490782761542578 -0.021552851181720064 0.22040172614422418 -0.099244084546840833 0.23647864197937751 -0.079415129294806153 -0.041097663635788755 -0.10036305092838413 0.25001598477210696 -0.053299846658615244 0.25164422613050735 -0.020597101947834463 0.212167524948213 0.012705269606238677 0.0016275926505827942 -0.0011622757902432688 0.1432524893846617 0.045943714669620994 0.065149134750980248 0.080631834307203012 -0.32872290620229061 0.0015188685103388608 -0.091113573394350209 0.11234875069297126 -0.24489534991279865 0.12248590256207161 
-0.66771017342760608 -0.016532556795657988 0.22668116797141147 -0.098234964492220911 0.24218906188868733 -0.078085989505439296 -0.054321535636156951 -0.095345262641828507 0.25426434200482306 -0.046623493850828548 0.2467241665174035 -0.01707335053744493 0.21644445838013637 0.0067654155032792623 -0.0012668427879184057 -0.0063059992570637068 0.15447727195987837 0.044987162319380922 0.055474383677562314 0.080763037411028873 -0.33635908338575582 0.0017937551071842374 -0.095001804180933958 0.10686140204565055 -0.24159541298153067 0.11703084469395955 
-0.67116937839716684 -0.016196956846139986 0.23054804449109947 -0.09577428079228209 0.2516052990699098 -0.070509310309024714 -0.063366962477821989 -0.099585944153602016 0.25520916792526127 -0.044791508377210361 0.24702020567891037 -0.014903771360215956 0.21339647461565919 0.011625349097074101 -0.022667618894772878 -0.014243576111808081 0.14602638634133339 0.039107304637297224 0.057391464335287905 0.075023474719518729 -0.33363035232441535 0.0010113919347302484 -0.076499612868620864 0.10909992955479736 -0.23386311749466315 0.12013789800686582 
-0.67183431576904096 -0.02116257157812259 0.21752475997285764 -0.1082857886060541 0.24070502469652003 -0.079473806168212119 -0.047104511019817788 -0.099857279519029091 0.25307192706708331 -0.048958965557606746 0.24751539808289383 -0.017186043326096148 0.2146294751670571 0.014066913623565911 -0.0054120167576456575 -0.0056462169854226921 0.15174761761778299 0.049391692441862388 0.056870449561069285 0.082714976776795915 -0.33506866141485653 -0.003664849290984248 -0.090221353933078161 0.11396157789837662 -0.23242379327082374 0.12410036029092686 
-0.66822512940399936 -0.014557756307742069 0.22099648142753997 -0.10445899881748409 0.2436441891816131 -0.074710409581763587 -0.044436806286249429 -0.10005650918245014 0.25505771394592508 -0.047373616283563201 0.24905960891267112 -0.01492628427104112 0.21314253995787316 0.016490008002907747 -0.010115528194765695 -0.006829880475542862 0.15103628959690604 0.045602109404066983 0.059037976580577675 0.077421920670755234 -0.34281940751620915 0.0017955815548803212 -0.08784016607288514 0.10340503450128516 -0.23853776212899749 0.11819880078569164 
-0.67023264604345767 -0.014076009108809169 0.22018037210923155 -0.10430193550535759 0.24508853918198739 -0.078504712380294411 -0.051084858977418351 -0.094393113216733632 0.25683280866719987 -0.042899091322618765 0.2419624833597265 -0.012484458502371355 0.20922481709213173 0.015320341252929911 -0.0063017743143025618 -0.0083402236863734172 0.15513524934691711 0.046523667848335934 0.060736617171448848 0.077053032931395635 -0.35305150180896044 -0.0081537449600144456 -0.085457227194350907 0.10523068667464343 -0.22303287859015325 0.11902555997526802 
-0.67787668574319637 -0.01950114397244089 0.22272085486772247 -0.098801073078556109 0.24137708683447645 -0.076124730386059963 -0.055375712986913864 -0.099424513965979525 0.25398629408323126 -0.048473392502429401 0.24966046039571196 -0.018296841443170918 0.21089081449215097 0.0085296173446358127 -0.0051106032628134837 -0.0013529385200906996 0.14749334306395911 0.04547778578563022 0.062051831817500444 0.080281895172895287 -0.32507576054013237 -0.00048548017868984964 -0.088144046395116735 0.10878783108983092 -0.23659787662657866 0.11938298465442476 
-0.67675191514808541 -0.01963388692256219 0.22585078422362823 -0.093208379609109729 0.24098555469335325 -0.076113089666946049 -0.054055301136687765 -0.090896605746767653 0.25401117221216213 -0.051186328429614195 0.25438540755700262 -0.022947204287430422 0.21898984995297505 0.0086777156159616575 -0.0075247481614623603 0.0014301716401174619 0.14646912043613772 0.042483453560862243 0.050829980144400842 0.076362624362119269 -0.32207084937306718 0.0044921839579048894 -0.088786427501977155 0.10511754626456359 -0.24233262789838031 0.1154217992609021 
-0.67056257330318925 -0.023526066700006686 0.22313803132001486 -0.098752795646871103 0.24720048260488633 -0.073447066131947583 -0.078854393934958161 -0.095800181011372249 0.24969839503822081 -0.049556169308200046 0.2438912821972043 -0.015122770571348759 0.2211723464490728 0.010070305225305061 -0.0162980167124138 -0.010536224013925727 0.1511273796939632 0.049085102752141001 0.071670535537532915 0.077208081237834375 -0.33063843026353856 -0.0018891502556804363 -0.074415629453846679 0.11256436122894967 -0.23712940917294834 0.11970257319512287 
-0.66940448996118218 -0.021758528631437842 0.22875768559713597 -0.10304327913226397 0.2472277265128548 -0.075303130886750266 -0.056609350618960601 -0.094758350842315042 0.25711925097863925 -0.048819133125675984 0.24668493756775117 -0.020304327071929116 0.21188937909180752 0.012153941766854711 -0.030462482336822288 -0.0083122435975595699 0.15046102092003275 0.046971270902273612 0.065568668029230351 0.079604551072776308 -0.32966894454122708 0.00044973863110874218 -0.087982464595495621 0.11094659388690432 -0.23358093664376375 0.12217289702801409 
-0.66746045708596713 -0.018199009862671305 0.2280355381123321 -0.10113020810551468 0.24571284316522127 -0.076670622711462896 -0.055510723043765066 -0.099977972000897558 0.25520682309137116 -0.047115183737788176 0.24677772066236695 -0.016881819867866708 0.21427039512082499 0.0094759552356761551 -0.023444166794284824 -0.011447240059122704 0.14981788629158793 0.045418100251535136 0.063722093656916709 0.078589138671859418 -0.32592760249021369 -0.0047923954371345738 -0.088001277627152596 0.11663564602577582 -0.24319907305923746 0.12609561159761198 
-0.66706777199299161 -0.020560917851078407 0.22397115239477758 -0.098891588570323749 0.24121197003887643 -0.073298537241034578 -0.055557993317719011 -0.097029615359709262 0.25163392056524392 -0.045755086794351051 0.24593177378723788 -0.015888997117031112 0.21402608644133855 0.011297272802709452 -0.0077958043210016375 -0.0074166730636530016 0.1565570806165448 0.04248859909472294 0.06186715404518385 0.075168885839703978 -0.35024318024683843 0.0012494940005966892 -0.07908094148362832 0.10709001909410491 -0.2354534465270238 0.12154714516534305 
-0.65752743842891537 -0.013229864180724391 0.22677192631781787 -0.096283504951006432 0.24134354943855849 -0.074736768871988421 -0.070957375635637712 -0.10563744148074559 0.25423493147727055 -0.045459461129813708 0.24757750430669742 -0.015836192613969836 0.2162387325372489 0.012579869908596339 0.0011100190916091275 -0.0083594433374599899 0.15327876538222335 0.048564167607661142 0.060631992553812873 0.079190056272935863 -0.35590108206511084 -0.003685316178362459 -0.074818841630893348 0.1064202006025773 -0.24198268334468173 0.11647369835230054 
-0.65593436509550496 -0.018612021490073467 0.22552642153710195 -0.10027504641912958 0.24266897169060583 -0.072392451298227564 -0.083577576725674882 -0.090155373346182996 0.25262401525466754 -0.043270646776261239 0.24940196340475207 -0.011876958352344386 0.22713717894418764 0.0092311232600784058 -0.021575201281177323 -0.0095643198499800672 0.16976100113712175 0.04132692293744953 0.060461289638699289 0.079907887792632873 -0.35306785891298986 -0.00051868963346940055 -0.081677854584881762 0.10688137644355164 -0.23174798500690807 0.10931819673195496 
-0.65623390109314639 -0.016082015627654638 0.23176408624964187 -0.090501479383510927 0.24906030430328774 -0.067337311157423141 -0.080221708058965127 -0.097710949926938934 0.25114497096041072 -0.047314619572878039 0.24847037281834186 -0.020811124253831324 0.21829699586554246 0.0093429504911566458 -0.014956443318380998 -0.0086626321636044269 0.16438882140952085 0.042991978495594933 0.063850709272246453 0.073541754143415378 -0.34634242454556791 0.0012684891801220154 -0.086925695687296953 0.10491188490861716 -0.24229608817563528 0.11636307486693487 
-0.67579118887282508 -0.010315720224170523 0.22516449941562797 -0.097688314920191727 0.24084702952885489 -0.070948441779380589 -0.035413495016699735 -0.099825510606325371 0.24871747168747246 -0.041351894599436376 0.2422229818626781 -0.01713050931023697 0.21189966746137018 0.0081286421252645524 0.0099551034219060031 -0.004821211225210972 0.14842355188220438 0.039606431080891714 0.059886555063301719 0.071982070191064909 -0.33787345664093565 0.0031002962690511158 -0.087396600877637842 0.10517399766803659 -0.25064211891531685 0.11409016533064373 
