C:/Users/vmc04/Desktop/Wing saga/Lab reared wings for landmarking/13/13 landmakrs lab reared txt files/RPVFA 13_Format - {Procrustes residues OP} - 1 22 26 0	from C:/Users/vmc04/Dropbox/Homework/RPVFA 13.txt - TPS like internal (simplified) format - can be converted to other format by using TET - Orthogonal projection of the preshape data to the Kendall tangent space
0.0026180981356972461 -0.0010030939479003355 -0.0021235073574490167 -0.0014375174560633435 -0.0022224987929289671 -0.0045213512554586558 0.012718510608934324 0.00085356555321332295 -0.0028193983737024569 -0.0012488195886759348 -0.0045264006749136543 -0.00071574237873931737 0.0029357137567477655 -0.0017531075018539827 -0.0019763630063575968 0.00090269778424647434 0.0047670815264732776 0.00024446087342961569 0.0041896381557226456 0.0047637324131484353 -0.0046423874517242782 -0.0044590697814236779 -0.0065664134121863381 0.0050121656218344171 -0.0023520731143134117 0.0033620796642432199
-0.0057696381396293885 0.0053864281616334423 -0.0075215893526432674 -0.0032157356831726989 0.0022659892441540212 0.00082083966841652229 0.010244588168401497 0.0023043000549020903 -2.8484180910011859e-05 0.0042430405276298894 -0.0019919928959571715 0.0033766163291972162 -0.0012004078449041511 -0.00074133244894083788 0.0063743861594513966 0.0007946979731247401 0.00064591219692071563 -0.001440721833190545 0.0015674880073997693 -0.0023658604357181716 0.0021537166635682658 -0.0014172514783178261 -0.0018005700600180669 -0.0018748001877646459 -0.004939397965834388 -0.0058702206477995039
-0.0020292388423963723 0.0004243648852367758 -0.0010445630244046815 -0.0060494694226658641 0.0019737529588361043 -0.003324131473568798 0.0079716222873888361 -0.0002417984439504659 0.0031255542055662585 0.0027916485632922456 0.00018551515556061455 0.0018124493988111265 6.4826264163769885e-05 0.0002756534685520575 0.010079408466763296 -0.0021442007083908076 -0.0082553787358165161 0.0013399480319617983 -0.014391287251307254 0.00087897580437004382 0.00059795977319170718 0.0035277355168159101 0.0039438931858839111 0.00011291222862434597 -0.0022220644434291755 0.0005959121509118287
-0.0056037785634046686 -0.00025444312873017575 -0.0011082414163567753 -0.00048127336510970934 0.00075230441740224002 0.002948259730293514 0.017239027464142808 0.0014486861628557573 -0.0029828176913040813 -0.0033213278766166866 -0.0030538301406813524 -0.0021810429682887996 -0.0047675713796619503 -0.0024788609746703321 0.011580969977518344 -0.00054424399414795225 -0.0057245774827261982 0.00037031882875566784 -0.0039241006087871334 0.00085255402843815802 -0.0052838117101473995 -0.00024756957398473116 0.0014935457982514473 0.0023346669998898359 0.0013828813357541726 0.001554276131315202
-0.0027386034670896509 -0.00048974533780024034 -0.0012283658403384121 -0.0048227680166411336 0.0018358685206092068 -0.0005411760463185088 0.0039599199099238829 0.00071083560036877547 8.3801751613539737e-05 -0.0011589002658311449 0.00011282466497431918 -0.0031347096080627441 -0.0043143076960078588 0.0022157109491638557 0.01603152708171688 0.0041756395877794632 -0.002347318657986602 -9.1252570781928449e-06 -0.0042415702882520091 0.0010532907835093591 0.0046490798957084011 0.0015715848651225142 -0.0092944946441146231 -0.00063711421056002106 -0.0025083612307570872 0.0010664769563483584
-0.0026887667932196675 -0.0056446160757808806 -0.0036677705137597872 -0.0090134601246536477 -0.0015084045021525432 -0.010374298374653286 0.0062413821141114999 -0.00054985376495362984 -0.0004521888358270088 -0.0021744012057916639 -0.0010783592057721351 0.00074111168043829634 -0.0032073665435877374 0.0018036869551673205 0.01903723945267749 0.0056013622392871937 -0.0064922513851456091 0.0064627004724953068 -0.0091942151615431403 0.006073243150727348 -0.00061078011728367583 0.0017537797521551325 0.0035367934722726384 0.0024776281816361921 8.468801922896247e-05 0.002843117113926194
-0.00073368333786831986 0.010050009397790429 0.0026623154914167746 0.006208298020985565 -0.00089642136986149918 0.002238833668835706 0.019906990099195391 0.0026583136970626609 0.0022126824841961863 0.0034572211090053047 -0.00085691799707473442 0.0038888826989492546 0.0042841220672173476 -0.00049137026350850471 -0.0092984929954337877 -0.0032315831919408041 -0.0014931119332799859 -0.0067591755920035825 -0.0024538600720622433 -0.0065341723507582987 -0.0070219269520345783 0.00216755716796229 0.00041143484997096364 -0.0052956424623384095 -0.0067231303343805717 -0.0083571719000416905
-0.0042256456065093533 -0.00034331682175043634 0.0053536312837838343 0.0023948256102323934 0.00084792925645197324 0.00026408670025838618 -0.0012881377409266342 -0.0021349241037803227 -0.0035259384437864561 -0.0026711890057523439 0.0010007320161447629 0.00089801688047437718 0.0036352197221864958 0.00034314022334224208 -0.0015983738285741034 0.00041456141880951222 -0.002707073585942364 -0.00095895602296522105 -0.0084486806003005715 -6.5879065849157531e-05 0.0056111971671281369 0.0027307000969692711 0.0030919641248472081 -0.00036160808048883546 0.0022531762354966365 -0.00050945782949991802
0.0018660369959912458 -0.0084785233479831492 0.00028254621719939633 -0.00066623221903039831 -0.0028022716073845839 -0.0012049176606541325 -0.020404081246165492 -0.0005496883632741794 0.0055186137115168675 0.0032672905725457243 -0.002265037065566231 0.00013147974463358921 0.00060191491502555906 -2.6345145704373472e-05 -0.016218785411975557 0.00073016290524358053 0.0048335814167234162 0.00046405439384661329 0.0099574564597553327 -0.00042776999168990645 -0.0030752202044315143 -0.00088136731082931236 0.014071084436059807 0.0044151986921539569 0.0076341613832524302 0.0032266577307421274
0.0058654572098610358 -0.0020045686892730345 -0.0064576954636124638 -0.0078594917988636728 -0.00022415859189249803 -0.0064589487007096621 -0.0082004749804608559 -0.0072147571473507883 0.0070779045725776263 -9.1905326000433444e-05 0.01076905792924881 0.0023387113168234093 -0.00093648168161724211 0.0054664763114427783 -0.00017899990849455828 0.00021319625600834313 -0.0052723905655702452 0.0041894787839225935 -0.0045894359247903218 0.0018637701986469052 0.0047010293150107785 -0.0035404845074136319 -0.0018106816486345655 0.0057674234144451213 -0.00074313026162553617 0.0073310998883219236
0.0037245563152872637 0.002782940581490592 0.0048486437159672626 0.0055653088718764518 0.0050942376519451079 0.0081591696709581909 -0.01234711501879379 -0.0050600253588340364 0.00063891311764663426 0.002963497683129885 -0.0020070327028186793 -0.003283229368419821 0.0062367939930143288 -0.0052293268268358171 -0.0085910414705072866 -0.0046370258239117257 0.0010508638668082922 -0.0026004562547587862 0.0046978903292848742 -0.00011081656292442508 0.0073314433260533406 0.0016026808235860366 -0.0018238355046360992 0.00024082250387838988 -0.008854317619250986 -0.00039353993923496589
-0.0083820271573462144 0.0075898041518809795 0.00095545292418751111 0.008370835391700384 -0.0034071750774090949 0.005787365006712536 0.0034489433412695646 0.0021319341470772187 -0.003095917530952297 0.0029658429824870221 -0.0060456036651383924 0.005445607267396708 -0.0053489781573614024 -0.00098665604031389961 0.0051664099389587565 -0.0015783675670152455 0.0088230091800832033 -0.0066986538878227118 0.0099967022654802624 -0.0061883125410691631 -0.00483342194074508 -0.0027427030794811339 0.0041354266754479565 -0.0069279593936515602 -0.0014128207964738994 -0.0071687364379010021
0.0072926336934550666 0.0075111542791666689 0.01433714448931956 0.0060572547370209518 0.0082887911576776073 0.0064950425746734481 -0.02745701683016704 -0.0013572960305062896 0.0016548655463725515 0.0020549559991437541 -0.0011629754373244689 0.00086523041069002998 -0.0025176609611775014 0.0022136192099096721 -0.011936599898810726 -0.0062133322308787131 0.0024441754191576143 -0.00022531073050244905 0.012716267999533364 -0.0053124829450810389 0.0023701932867952378 -0.0016858095612786461 0.0022164535901549424 -0.006658511637869873 -0.0082462720549852393 -0.00374451407448749
-0.0029153027814734049 -0.0007230079936723058 0.0043486897773914335 0.003960766202439534 0.0014831132749088091 0.0023540576313966204 -0.0031083435166962383 -0.0037611543500967078 -0.0037934670621671274 -0.0013198609265700182 -0.0039740328747656086 -0.00038051394463413699 -0.0035629448826180526 -0.00086225348182505522 -0.016034020319882211 -0.0042024709951503023 0.0034810378393772051 0.0014763647872934032 0.012107640347873337 0.003029450677450024 0.0033094295206694191 -0.0016257131790516272 0.0092634231430954103 0.00087141003221655839 -0.00060522246571215318 0.0011829255402035083
-0.0034016891661576617 -0.006608450891293062 0.001175479138499207 0.0059222086843129847 -0.0042389357162911576 0.00034230342875860194 -0.003331437570403226 0.0033972125973011353 -0.0040217802747704052 -0.0038770595840219089 -0.0010401666665069476 -0.0040635099221277959 0.0048741638683856177 -0.0047251659418261144 -0.0025968218773036842 3.6756210787482851e-05 0.0017457729523084969 0.0021823279134331637 0.0011960057363610359 0.0033990874789630978 -0.0034468031061602716 0.0010327890682923714 0.0050596234320453579 0.0025753109032689179 0.0080265892499935543 0.00038619005415084506
-0.0040276878070857527 0.0013005147047984455 0.0023569289562585354 0.00027618067105935782 0.0017538268857577957 0.0038492389244560218 0.0071956487353631781 -0.00010450350342080281 -0.001670171676354 -0.0020142205703493998 0.0025599295523216193 -0.0027671640451115607 -0.0068034386188635934 0.00082957530670057828 0.0037558111980159018 0.0048433480637544634 -0.002231099188334933 -0.0029308653580778026 -0.00062482679357253829 -0.0017927234825423385 -0.00091835268209169464 -0.00068957106015682791 -0.0059260064433235395 -0.0011894259098588153 0.00457943788190876 0.0003896162587486568
-0.0019392067293319739 -0.0035130515501446149 0.0017429908261733834 0.0026649254371371445 -0.0016129972753111794 0.0013981861278226336 0.0095236214858408635 0.0018038673547267836 -0.0011265453018002476 -0.0038725348451376278 4.6555190288509116e-05 -0.0066117193168312976 -0.0027521475188826473 -4.3921015643336983e-05 -0.0032336927249726664 0.0020039076632004139 0.0007248932776465788 0.00080415455757642488 0.0019854459527504109 -0.0012520443173142102 -0.0019315402443615803 0.002021694215711719 -0.0041553262732850448 0.0023578373799452868 0.0027279493352445946 0.0022386983089510287
-0.0021826908004164824 0.0049826801746780721 -0.0044435260572796859 -0.0065999506941650521 0.00012344614867355668 -0.0029218761641695459 0.021061614040166942 0.00020775307769216756 -6.953239218452853e-06 0.0022514641482238194 0.001080121887841656 0.0034577043190343881 -0.0007212853565561725 0.0022889674561424596 0.013104492009465094 0.0027429161042598939 -0.0036952835557749605 -0.00020360937908702782 -0.010176293463240251 -0.0031360799564612682 -0.0021976167632308825 0.0008419831593119854 -0.0062728905030197731 -0.004414402407689237 -0.0056731343474115594 0.00050245016222855154
-0.0068019317986704238 -0.0017903146671818478 0.0037627720681656643 -0.0019507332860385586 -0.0016456543182647642 -0.0021523077639934627 0.0015127118352676325 -0.00043451694974160353 -0.0012471591374444212 -0.0044047345657174369 -0.00050687047891783939 -0.0031032142646382622 -0.0068516517997998421 0.003239208653618572 0.01114800357077067 0.0036816509396742432 0.002924491223955902 0.0020646295058314779 -0.010727240303774912 0.0040380445739517292 0.0042554861224365732 -0.0008345576350531844 -0.0058498555762963762 6.305920829945545e-05 0.010026898592571321 0.0015837862509886641
0.011570421677068218 -0.0065596785621843947 -0.0048536573380555253 -0.0023066295729544132 -0.0030323569040522102 -0.0029920693530463695 -0.016015243445630298 0.0016162819159802244 -0.00063142108084812817 0.00025956082696811491 0.0054225835201540699 0.00040947098045221225 0.014292767802066075 -0.0014162288370321442 -0.010695505446822065 -0.00041320271492720272 0.0084997142448806438 0.0031640487883893239 0.0010403243847067339 0.0047889707978828319 -0.010223133430118249 0.0012975788277559772 0.0020959374532298295 0.002243869244539998 0.0025295685634204989 -9.1972341824161918e-05
0.011995638328167369 -0.0016455290617151388 0.0026016421475941816 0.0060023414025176126 0.00030589403798644225 0.00081555492267924715 -0.036515218080656234 0.0034095473585887045 0.0057168153426658905 0.00061604708976664029 0.0096711041552861622 0.0024005327109172104 0.0054269006953665171 0.0011231431744371423 -0.014061908199646424 -0.00042368498509644947 0.0059132121276789943 -0.00069924483559690191 0.013917137413151997 -0.0040105183821322835 -0.0054345737912514513 0.0017423587282442931 0.00043943135478125006 -0.0041687001097348644 2.3924468876284407e-05 -0.0051618480128752947
-0.0027865288417843921 -0.0017375602419934214 -0.00825221816704866 -0.0045576778298836162 0.00094748040400348225 -0.0020579997749946713 0.0067672985397472752 -0.00075866648091121912 0.003625255545135841 0.00067447363744658801 0.0018066381431463253 0.00033129556086602003 0.004243030390138995 -0.00072940316068526891 8.1629762352062419e-05 -0.00283378785832724 -0.0050814442703178289 0.00061434603191727079 -0.0036369152861428426 0.0017929345046592338 0.0090348036423022453 -0.0023988968635941144 -0.0077110055281016535 0.0047993561887379257 0.00096197566657014143 0.0068615862867627414