C:/Users/vmc04/Desktop/Wing saga/Lab reared wings for landmarking/13/13 landmakrs lab reared txt files/RPVFC 13_Format - {Procrustes residues OP} - 1 20 26 0	from C:/Users/vmc04/Dropbox/Homework/RPVFC 13.txt - TPS like internal (simplified) format - can be converted to other format by using TET - Orthogonal projection of the preshape data to the Kendall tangent space
-0.003000770576608431 -0.0031210769594480397 0.00017545817308671106 -0.0015740691276396675 -0.0031747455457080843 9.8475917926900284e-05 -0.013506287973595436 -0.00015524059289303725 -0.0010577492397704615 0.00076947171060206382 0.0032955238320175936 -0.0034211219825832258 -7.4003775246825072e-05 0.00013334353626329439 -0.0034740269577904484 0.0032820355669815611 0.0056907158552528779 0.001732034080728779 0.0071627988887940103 0.0032218665082949394 0.011262228003461612 -0.0030652120488263083 -0.0063122722798013738 -8.0037123542021048e-05 0.0030131315959089208 0.0021795305141347615
-0.0080475648226366672 -0.0097923427880771078 -0.004622645930299831 -0.01127430313255493 0.00012232132096641566 -0.0053894077512411523 0.020960527556279463 -0.0038795200846613934 -0.00080193540507354907 -0.0039113468766061215 -0.002268768818726665 -0.00094491425669973898 -0.00498107110486826 0.001000939554293861 -0.0028253611055504067 0.0034185080413887186 -0.0079084480509517292 0.0046812790571666742 -0.0021780350531001554 0.0060034014124923773 0.010464896001131999 0.007827312518360453 0.0027409033053317263 0.0055651373236043911 -0.00065481789250158157 0.0066952569825332181
-0.0017019337904696681 -0.00091586502397308315 -0.0005113670664493382 -0.0005950454454459039 0.0021152169438615914 0.007083585753465016 -0.014994194247986254 0.00025439692018755489 -0.0021546079857354713 0.0041107558380664927 -0.00038649431643608635 -0.0022878865019269178 0.0012292463048951823 -0.0018848000703691069 -0.0044063469857293109 0.0011957003295130888 0.012944632294905604 -0.0032064336040241925 0.0031059222099433766 -0.0004104664169075603 0.0050321122029872659 -0.0016212104164126425 -0.0053784030933280279 -0.0019519350292826973 0.0051062175295415908 0.00022920366710980911
-0.0057980686867670061 -0.00083870068912270308 -0.0033375829093623623 -0.0018960381734859436 -0.00089478146483011221 -0.0014821163933190118 0.006283402889220387 -0.0012402611429369939 3.8515602518216126e-05 -0.0013907876005658051 -0.007833852191975476 0.0020483465291266881 -0.0014031675593162147 -0.00091645612712035142 0.0069882257956460333 0.003243299276286706 0.0051632555011008035 -0.0014586811590853043 -0.0021344848664597875 8.172129278384609e-05 0.0062686759342312362 -0.002302658635295577 0.0008240341996675457 0.0050110809377361043 -0.0041641722436735421 0.0011412518849987785
-0.0057877784802568381 -0.0028122991934220712 -0.0037198959406506593 0.00091345963089696264 -0.0067338601035943305 -0.0046965711984755867 0.016891188287990799 -0.0026015232826558585 -0.0027700734396052425 -0.0063076480148228382 0.0049215152977308604 -0.0033107811445226196 -0.002517237125319878 0.0017922260355907559 0.011864006157483144 0.0051080270738957916 -0.010044413919203941 0.00113373679612058 0.0038915599961705486 0.0023182719522008579 0.0067619814378909208 0.0018730215531055155 -0.0054860514029750514 0.0034650606063427796 -0.0072709407656605229 0.0031250191857462306
0.001624349178474439 0.0022140021135758346 0.0024877080418075543 0.0019546832462539344 -0.0011013972508070943 -0.0033434818226075478 0.0036859034908641739 0.0024476005679482469 0.0013972581186107173 0.00038376723200141182 -7.7626501317657436e-05 0.00021851106116481511 0.0016908832645592944 -0.0041511260320998521 0.0089728518030525051 -3.3686568797155564e-05 0.0011312323030158843 0.00016282147544128493 -0.0058028260062773463 0.0024243731605455704 -0.00076666256317505128 0.0021480216668488157 -0.0093468359459874424 -0.0020571885987608436 -0.0038948379328192823 -0.0023682975015147933
-0.0019459896765926955 0.0025464894521928694 0.0063918088334635696 0.0043987318191155839 0.0083552349991255943 0.00422078739791197 -0.0053691546963847876 -0.0018093181174599975 0.0023840691759271005 0.0022079477898492295 0.00025939073808852083 0.002385219160177763 -0.0013214435923135587 0.00071062010480481361 -0.012429624465690915 -0.0079723048556754102 -0.007294192293217411 -0.005709593735060566 -0.0038755711020798662 -0.0033021824622276518 0.0019063479452686282 0.0013655996732553949 0.0091411335249124859 0.00019942335960135911 0.0037979906094936684 0.00075858041351514749
-0.0025571057160828983 -0.0024176178649709442 -0.0066495031289300292 -0.008104719723613733 -0.0025646024122144484 -0.0047376984002172936 0.010897961152229119 -0.0020727899378018911 0.00022649522135100757 -0.0019557295266110549 0.00073473775701213707 0.00010433763659391151 -0.00010571142190678477 0.0031513068298526319 0.0048268010474724673 0.00062555862871723508 -0.0015852916046747273 0.004571189734652651 -0.004401513189859263 0.0043830203662712213 0.00049502391329461857 -0.0033106130658091286 -0.0045737200051954082 0.0050523135359684642 0.0052564283875056617 0.0047114417869680986
0.0010820868043785823 0.004188037810530218 -0.003187832229800438 -0.0042734384497848795 0.00036365540202486094 2.9048880430129894e-05 0.013568266349653996 -0.0022676355634162495 0.0022009461108430431 -0.00036827292486471389 0.0022678845034214113 0.0023648718829308818 -0.0016022739981759468 0.0055739118224515218 0.00012374865415933358 -0.0005578236746674385 -0.002303494103026773 0.00077959722910601252 -0.0022367332174781096 -0.00091354764906969145 -0.0072406776356005445 0.0021498336617664393 -0.0021886922470103435 -0.0055091126634417547 -0.00084688439338919449 -0.0011954703619702495
-0.001090193264291963 0.0046651703553141155 -0.0039487540715669681 -0.0041410378278012626 0.0018678937974969515 -0.0037836525386078178 0.0069059345435319502 0.0033716877047914127 0.0040382866097803498 0.0040946807256627225 -0.0047684883042514985 0.0048024410858353598 -0.0054671331100296216 0.004406932289041425 0.0039349819307421749 -0.0020697108783934836 0.0018332133179868237 0.0017121896360052895 -0.00052300862472285368 -0.0012631515377897579 -0.017555381380284826 -0.0077995800594074811 0.00017316179902410992 -0.0036566490827924405 0.014599486756585251 -0.00033931987185774337
-0.0085498354580538297 -0.00075479994771037026 -0.001470035219569879 0.0013874262250089162 -0.001910583561242408 -0.0013830794474828322 0.0026310612234254713 -0.0016327717177050268 0.0011221087139139572 -0.0014666702455246861 0.0028614963698189856 -0.0010051780544357864 -0.0038602989868375529 -0.0023867990586794894 0.0051289739545265214 0.004919302271098467 -0.0058509388469765583 0.00065395874565134422 0.00077532453044893682 0.0019441288880086877 0.010512813517236125 -0.00013121767984486428 -0.0024900599897099184 -0.00012951106319789279 0.0010999737530213833 -1.4788915186594864e-05
-0.0075844240191914481 -0.00089200619041474277 0.00171327145276607 0.006956265945411726 -0.0022441916584349133 -0.0013892338704958353 0.0039376623164842474 0.0068718533932225576 0.0012071909467273692 -0.0041907979418633256 0.0076452035743581753 -0.0056596578482642308 0.0042898662863239175 -0.0022361017120191549 0.0027123911283016026 0.0077009190816825319 -0.0068386519348467897 -0.0023297014326360797 -0.010431937899002423 -0.001956490586230888 0.013437824838679387 0.004846362110853872 -0.0031528343424068908 -0.0037738639006196116 -0.0046913706897586073 -0.0039475470486256131
-0.0014284615025491089 -0.0047851208479861851 -0.00098830105175145948 0.0014068535074549923 0.0039828690085775276 0.0012730622985679409 -0.020864323279462641 0.0019634012546906397 -0.0030929758909582147 -0.0025629830455638526 -0.0028366139217567213 0.0021639135326099587 0.006483072419883008 -0.0008429677010185824 -0.0060613880703385961 -0.0042657893689923279 -0.0021727453980878424 0.0042741831227786483 0.010411673353386015 -0.0011071270063182721 0.0048535081469071708 -0.0015349897698013349 0.011213692141647989 0.0036783827713316262 0.00049999404450344837 0.00033918125224734197
-0.00017400085750544567 -0.0030148834672978088 0.0045990716676482012 -0.002869203696736003 0.0039750815868976512 -0.00057224030208105538 0.0013890725125395363 0.003019312592571597 0.0042914697841166492 -0.0018191782997977941 -7.8495476906086277e-05 -0.0030151531173365628 -0.0028308172485556051 0.0012390969705674954 -0.02022437928379819 -0.0020409058039609221 -0.0028611844282046711 0.0021538970277841345 0.0043009825556706476 0.0012780628648253291 0.005871315734214501 0.00080395012773721208 -0.0023408095635033951 0.0020449322698759638 0.0040826930173865983 0.0027923128338486203
0.0018035316503589426 0.00054557355105199043 0.0038657034878161376 -0.000951118261972278 0.0024480217554088668 -0.0019359913268407387 0.0024906033115133976 -0.0021954141150561158 0.002366386110940099 -0.00011287623783605189 1.9353945326697729e-06 0.00040821952992623194 -0.00046054945623227699 -0.0014394359243781816 -0.01320555125311668 -0.0051755883415236913 -0.0035119938975895636 0.00059848295630267399 0.0024513413102990036 0.0002587296793291529 0.0096294539050121985 -0.0044381662097612998 -0.0023553356356901009 0.0077285331244463795 -0.0055235466832521491 0.0067090515763120889
0.0022581008068475565 -0.0018146012035191012 -0.00021941028401455424 0.0012967644179013218 -0.0020753450593937062 0.0014430045447940713 0.002448696179495103 0.00076198407345062259 -0.0012298955210767993 0.001251566813910406 -0.00086682981331117097 0.0014026410189492172 -0.00072471341500469216 0.00038087234173471803 0.0024437579424541221 -0.0011444414324477655 0.0032130226496834848 -0.0023351624845140608 0.00059073624637756409 -0.0031687660406652949 -0.01465509628320957 0.0016037559820765248 0.006572919832649262 -0.0018271639959770416 0.0022440567185037499 0.0021495459643064568
0.011522829796261897 0.0055087334007774278 0.0026736773343140857 0.0038635940389294379 -0.0018435886013860843 -2.6002993188857342e-05 -0.012974571228834858 -0.0078861091480558164 0.0014752357115768132 0.0015278368113497737 0.00088052358812050046 0.0014483254407954374 0.0015763594178030199 0.0016679644328420329 0.011345365067727091 -0.0020897943880262924 -2.1509587269726189e-06 0.0037588628582686419 -0.0006191937968296 0.00088466104975539112 -0.020451181331655827 -0.0033312000693592344 0.010799750473516671 -0.002452134267618351 -0.0043830554718872683 -0.0028747371664690075
0.01283675508961353 0.00011875778085177282 0.001521673131888539 -0.00016973183274050048 -0.00041670130825675064 0.0022871429857653893 -0.025618964501396991 0.0075551741693865261 -3.0221508870797043e-05 0.0036970466407717406 0.0028079121399495447 0.0054003480778726329 0.012564369469771981 -0.001676229438147025 -0.011344125801469344 -0.0032972867880203156 0.016544038237948699 -0.0034596876814732141 -0.00076434086145916558 0.0016351639525168753 -0.017757918040213226 -0.00016472127243441644 0.0039050148491795184 -0.0019455335903663304 0.0057525091033137545 -0.0099804430039842074
0.012771227326997826 0.0026553176891400336 0.0076809568344991383 0.0096388628338209582 0.0058895737300449363 0.0073684140995191163 -0.022242815663875756 3.3787271883027343e-05 -0.0015976714926562476 -0.00033049179331351626 0.0017900363702193036 -0.0035277723592368757 0.0036491056902500959 -0.0015682187749149071 -0.004721787905504319 -0.0023934062178591559 0.011118246699098959 -0.0018103033079639036 0.0026036554460811805 -0.0047583579337276659 -0.010915156107228232 0.0016225813974494153 -0.0013128801392061906 -0.0039531045105669037 -0.0047124907887213189 -0.0029773083942298412
-0.0068466313587340778 0.0084199166373836662 0.0011016582129417998 0.0024429607130395177 -0.0023016846638689486 0.0037505197125710299 0.022560148040387362 -0.0020896230964557801 -0.004002287755881493 0.005627979294666241 -0.0044350204495022267 0.00015127777081656681 -0.002728788756486009 -0.0027815392568873287 0.020188832201599817 0.0014474471124851873 -0.0048331458978515887 -0.0051917943788712291 -0.0013549535295226838 -0.0063109526897011416 -0.0024765573772124053 0.0034543564273022561 -0.0017915366091519813 -0.0036811352481604517 -0.013080032056716913 -0.0052394129981882392