C:/Users/vmc04/Desktop/Wing saga/Lab reared wings for landmarking/13/13 landmakrs lab reared txt files/RPVMA 13_Format - {Procrustes residues OP} - 1 23 26 0	from C:/Users/vmc04/Dropbox/Homework/RPVMA 13.txt - TPS like internal (simplified) format - can be converted to other format by using TET - Orthogonal projection of the preshape data to the Kendall tangent space
-0.0070982372215105099 0.0077127406735319455 0.00074413155123801474 0.0011368520236466602 -0.00053512629636484014 0.0019247921472700168 0.00078141565788812054 -0.0038883345468504367 -0.004038173335434647 0.0034379512891879673 -0.0066190470810710807 0.00097349985205810925 -0.0037445781555919678 0.0055753559414948297 0.0036144087691140068 -0.0046097296205941897 0.0017308681723250837 0.0023747274035632836 0.0086263290088041417 -0.00018695057885523346 -0.00061531777859875339 -0.0057772269680074432 0.0059913917162250753 -0.0018821008049758501 0.0011619349929789385 -0.0067915768114688163
0.00040727826493521403 0.011214566263966863 0.012814791967358262 0.0036258330780138525 0.0060964454855828888 0.0039953055750439137 0.0012574731524351184 -0.0023648884109628105 -0.001577022372705295 -0.0016683078177123546 -0.0064930464438675813 0.0023781303718138237 -0.006373360100832815 0.0023283250262881609 0.00024997122174406493 0.0014895096971793071 0.00038630331719967641 -2.2288624096222483e-05 0.0033223278030831281 0.00039576658109663411 -0.012222960283144882 -0.0026355822821779217 -0.0050946779857148012 -0.0072975921228849447 0.0072264759739271607 -0.011438777335568209
-8.3386274540324032e-05 -0.0064824805654804295 0.0049889879791425971 0.00097464875682279416 0.0023501581168598054 -0.0019270854652836556 0.0038698680370191818 -0.00026850805234257384 0.00030566989436627695 -0.0045342142779583299 -0.0022219906994261547 -0.0033043319370027694 -0.0036507927897427455 -0.0025046094904569573 -0.00015267823044175062 0.00081514055655614612 -0.0022076644943565728 -0.0030051774650403816 -0.0099891536984888542 0.0036451587478557651 0.0035051088713148404 0.00093738664867179294 0.0066349335558653138 0.0065110200417730687 -0.0033490602675721091 0.0091430525018858649
0.0034758997176722907 -0.0011242390673648177 -0.013357915730180697 -0.0084205997261521184 0.0011057509334487323 -0.002679140095648611 0.0035257758801339168 -0.0029042231801021962 0.0073121614657182653 0.0026979327319075941 0.0017481192088140592 0.00040078052782973716 0.0026244073204845738 0.002294721957312367 -0.0086323145687160468 -0.00057172836574652061 0.0070476863813543691 0.0020935456546301444 0.0013389025132802459 0.0062076692384858585 0.0041623825456477319 -3.2510530441217059e-05 -0.006165610028253052 -0.0002482419928209838 -0.0041852456394037762 0.0022860328481106307
0.0020022983294728063 -0.0058931106441008647 0.0025352784017032602 0.0012331891287144135 -0.0014806874319703124 0.00030762485517431726 -0.013636140850347053 0.00092029785053117938 -0.0029238746623407863 -0.0019985090109842104 4.2549370379574031e-05 -0.0034160633447083335 0.0015798802550688021 -0.0036529598629091863 0.0093311578342841536 0.0068063648159515438 0.0058636559906362577 -0.0007417954421990396 -0.00062684933208886234 -0.00082260606905810063 -0.0023515408861374074 -0.0011455351759948396 -0.0036707581819120606 0.0047954097939344196 0.0033350311632515976 0.0036076931056486655
0.001817761573963253 0.00074174296998067454 0.0033626001513039306 0.0010953877210818864 -0.00060807707773960192 -0.0044597531756404695 0.0087722889099863532 0.0038351968390726117 0.0055515677143442143 -0.00070825940789256004 0.0055200562615990625 -0.00082458436501056816 -0.0047830409327877252 0.0011089434180985222 -0.0052821722254897891 -0.0012527820743860687 -0.0019030953628128232 -0.00026006433559898974 -0.0062428062971689935 -0.0020157163281420876 -0.00089727045833399351 0.0038180550406351804 -0.0029617512032014633 0.0012023984541185812 -0.0023460610536621953 -0.0022805647563166886
-0.010000055972445425 0.0052470375316473663 0.0026616085553766607 0.0021560626709611688 -0.0025437938023154683 0.00080468867000856687 0.017914845840441795 0.0022759711806191506 -0.0046156613520338969 0.0015067973370568592 -0.0050865870201174486 0.0009314361273531377 -0.0055002322719475581 0.001303065429912017 0.0075378840401541681 0.0010246170371238624 0.0010587125925979033 -0.0036501768581720341 -0.0012937629217165398 -0.0034929360406760913 0.0046354750797014234 0.00086228943065801155 0.00020247773970500824 -0.0047608015363416805 -0.0049709105074006174 -0.0042080509801501187
-0.0023154199683673837 -0.0034957800712077298 -0.0019445092015246252 -0.0064245983409429953 -0.00037421871956407147 -0.00055201330557782234 -0.0068911714706119814 -0.00011525511341013879 0.00027498015330288967 0.0018842803021732798 -0.00036464471474331739 -0.00015525857191668455 -0.00080056422659401019 0.0022537350866394827 0.0044320013847412611 -0.0017197717265680511 0.00045414595059085623 0.0032712533720040621 0.0034270588044651379 -0.0012785050418872203 0.0052289529480263513 0.0029319737539180543 -0.0019332519613854083 0.0029501292775252447 0.00080664102166570122 0.00044981037925072298
-0.011162645485623911 0.0043836470961719784 -0.0069986719181556554 0.0014969228489740717 -0.0037827079364735798 0.0019554546952770314 -0.0015324743515109009 -0.00068394500656037598 -0.0021272646561667314 0.0074500648099463792 -0.001781050287430645 0.0077269290533807889 -0.00083628420057611005 0.0031767092413691996 0.0077657559403919024 -0.0036604545525868778 0.0061538789332115634 -0.0021915738658003794 0.0018122855435751531 -0.0056073342248212001 -0.0025489424108878175 0.00097976222455265871 0.006108479624805708 -0.0093121023722912317 0.0089296412048414844 -0.0057140799476117776
0.0036718280736323453 -0.0032877792554224863 -0.00089666165819890942 -0.0022620603844628398 0.0011403529620985665 -0.0017156100406244277 0.014942037620566284 0.0008237579257413571 0.0028013914540404618 -0.0044100716554236231 0.0029658277078392073 -0.0020891165221892777 0.00057605477869693842 -0.001668171930047722 -0.00074363481504952317 0.0009050927563161058 -0.0088625862804750533 0.0030044532852167411 -0.0050062705579615634 -0.00075805136483966383 -0.0081265654040504204 0.0035273720243029871 -0.0047472958908697004 0.0046313590990673384 0.0022855220097325671 0.0032988260623658117
-0.0042504191639756161 -0.0043214068885606485 0.0069285061363926863 0.0014380334967914023 0.0028144135719925635 9.4503460684403399e-05 -0.0087172131416527274 0.0015071007606508304 0.00060983929964220605 -0.0024131146765266976 0.0020243187726213972 -0.0051273291351945872 0.0055101228247001581 -0.0047827005780789215 -0.00096134120387781144 0.0017528502220165729 -0.0087773096837251187 0.0012300010847075583 -0.0092420099703214315 0.00033075911054578338 0.019252843454756721 0.002996959831586822 -0.0029215692430883656 0.0029537112068622542 -0.0022701816534638785 0.0043406321045155322
0.029566901767365435 -0.010173686958288143 0.0074642625603008866 -0.010698765693886482 0.009130523578393725 -0.0059761355682573167 -0.036668179821514005 -0.016600438278480643 0.0098890913897243353 -0.0022238393232228947 0.011087965898054363 -0.00024494931492416249 0.0017346728172056586 0.00340547851345068 -0.024295049204115769 -0.0040232142734516899 0.00035619272350822682 0.0063667559345283124 0.0055575951219170557 0.012168011537437195 -0.015405713177772239 -0.0035696418403075507 -0.0072493600461525504 0.014636331060099157 0.0088310963930848217 0.016934094205303549
-0.0052811305514932957 -0.0051483406435663464 -0.0019013210484621914 -0.00071700030969553351 -0.0035200741881498427 -0.0017356868582932645 -0.0040231244828921086 -0.0027571716562277038 -0.00034989197200126741 -0.0020690575557108441 0.0040977899584874952 -0.0017802721148992755 0.0038602013120396517 0.001491690064018471 -0.011159247645080708 -0.001515219860040226 0.0018544488464562335 0.0021807524671946573 -0.00045134091873362146 0.0031957338502613931 0.0143721117693115 0.0019442227581780082 -0.0007395547160031794 0.0033709600540911318 0.0032411336365221499 0.0035393898046898742
-0.0096539898461287417 0.003426886873770955 -0.0050344984941549133 -0.00056592275873813 0.00073879723757866098 0.0017853925684592129 0.014076006752139308 0.00015004021296388692 -0.00090979508255628876 0.003981578233178437 -0.0076677009415449231 0.0040626449289179536 -0.006488121324642813 0.00053248828121118402 -0.0021374387411068553 -0.00013140975038315468 -0.00081680868013480875 -0.003625135536829375 0.012950010708757325 -0.0033584332764785047 0.0014692451177208609 -0.0023309110419276109 0.0049365077866906602 -0.0017277454835433906 -0.0014622144926184741 -0.002199473250601644
-0.0033360765843010558 0.0059901677708937137 -0.0014203547296429771 -0.0006511247090977626 0.0042114070988102017 0.0045108782425157482 -0.0018491735064471431 0.00025801634841936911 0.0018154240802278885 0.0066098685374088072 0.00095475952863089417 0.0041807872000014139 -0.0030087189203037543 -0.001235666863910332 0.0041625887331684652 -0.0043880407218960318 -0.0043300147719231323 -0.001321180285430918 -0.00080806276007375287 -0.0034856854317103577 -0.0016342929771134317 -0.00074728293618192413 0.0067864902695322178 -0.0070564851968506863 -0.0015439754605636249 -0.0026642519541616033
-0.0088468035931284651 0.001459690724181596 0.0041094505426603149 0.0046604388449006749 -0.0033757634932108354 0.003396314240552607 0.0077908273731561234 0.00039129221046069673 -0.0070411053114269161 0.0026668110343914726 -0.0091409970279811778 0.0019288407621748267 -0.0040472639126521723 -0.0020975587489250342 -0.00081614479393507197 0.0011400092684111366 0.0041927740640535548 -0.0049538883981026941 0.011946763617088806 -0.0046256261306685089 2.2009347663858557e-05 -0.0018630223133461509 0.0077318829196514893 -0.0017278395349508867 -0.0025256297319402724 -0.00037546195907986468
0.0017727143091528751 0.00010951445948930588 0.0023658680430808047 0.002748294369600785 -0.00092222073641015125 0.00080750272423592219 0.0011654393891763302 0.0054585477917702078 -0.0030674585463283917 -0.0056341786735287181 -0.00081229870904070455 -0.0018338658602681461 0.0092103297580715601 -0.0020878126507183621 0.008668719551515533 0.0047429798975592201 -0.0018552495977017527 0.0013061507280798575 -0.0038703013610165904 -0.0019327718281705636 -0.0040133398050442746 0.0014190068643208664 -0.0066112314545628314 -0.002904869075336115 -0.0020309708408918618 -0.0021984987470348161
0.0046138411914580443 0.00034460787313789188 0.0047701509574450268 0.0029470557748500167 -0.00046038761444079515 -0.0021287963829864504 0.00016680665894448375 0.0022526340877503511 0.001913452974679482 -0.0021380853123530012 0.0075927130800824971 -0.003112793212250884 0.0068537471010145842 -0.00500497101796745 0.0028917751448864384 -0.00015973928502005015 -0.010684935098118443 0.00017676244580529168 -0.0068621301075095578 0.0024013436020182367 0.0051369001968410311 0.0010765568588130532 -0.0079071293847945076 0.0016155315648403582 -0.0080248051004879421 0.0017298930033624316
-0.0012227966105989724 0.0019929445381735708 -0.0018734664733273138 0.00060250830644847952 -0.0043603757574164365 -0.0064337998847370211 -0.0016001467735912561 0.0038866968651503552 0.0021257987944890539 -0.0033959143019860302 0.007903960171195358 -0.0047468838451544737 -0.0013846699619625624 0.007272460930132685 0.0042442795573089847 0.0022445815846792042 0.0016946851977669498 0.0034867048738918089 -0.0048919226434697271 0.003646509756719065 0.0036889694528717989 -0.0038993002933965276 -0.0061665073165896173 -0.00056763185712659634 0.0018421923633243579 -0.0040888766727946585
0.0053847135110070034 0.0043127958730346796 0.003907585193337228 0.0039223301649209666 0.0055177645647808823 0.0054630906580660533 -0.0082791639902300845 0.0049718445168734828 0.0028544318206409282 0.00063037898433947713 0.0036309807389319744 0.0001737556881702722 -0.002516356191612632 0.00020813137068695044 -0.0047928099525871345 -0.00039095005708994387 -0.00019230329678554515 -0.0064154995637165473 0.0075358683234839439 -0.0045065120581458829 -0.0021112964381921982 0.0020907346366124406 0.0019693589187272662 -0.0056755561470720247 -0.012908773201501387 -0.0047845440666798023
0.01124404447651849 0.00018183000397472906 -0.0025729844632737041 0.0015512578263436106 -0.0028332618902752534 -0.00048403026381279874 -0.018838985537369481 0.0030143580715125571 0.0026851048392918715 0.0037156076589464028 0.0074858322266500195 0.0043385056043255023 0.0089793843948055233 0.00013752318816595666 -0.0057869041349013495 0.00026850401716900193 0.0097111864511175636 -0.00086768466870453637 -0.0014251658832954302 -0.001645502174217185 -0.017965116109296325 0.0036013367039617978 0.013961601956397673 -0.0068772621702999038 -0.0046447363263687012 -0.0069344437973647283
-0.002170746674403954 -0.0037095794234998764 -0.0040868226609184852 -0.00069221794261798732 -0.00025162606709082727 0.00086290562400134416 0.011019886560193667 -0.0031658147142991106 -0.0060829556919031504 -0.00098891712555059007 -0.0057210103169533667 -0.0010263128806082273 0.0001472377737723185 -0.0043643495659762572 0.0067198211006317381 0.00063529926207382247 0.0045702998284783266 -0.00026850894068525125 -0.0016167868083273068 0.0028639037767336502 -0.0050227626475852754 -0.0020883434584552676 -9.6434192563075137e-05 0.0062330619369096885 0.0025918997966694096 0.0057088734519736145
-0.011173040314443458 -0.0037111451011995994 -0.012703762484341874 -0.00086551372036385542 -0.003785790513730011 0.00087276116581949865 0.01616974508571261 0.0014553243063137385 -0.00090760912246232303 -0.0032569397454448603 -0.004719451612870091 0.00021464214129815056 0.0058912242806340035 -0.0035126621605661239 0.0053809013610218968 0.00053894563600829506 -0.0027058569001113812 0.0026000766827649351 -0.0031618194433395965 0.00013834009125649578 0.0056666724714347777 -0.0020642170792668406 0.00050676425330299407 0.0029297383836389803 0.0055420229391934545 0.0046606493997405213