C:/Users/vmc04/Desktop/Wing saga/Lab reared wings for landmarking/13/13 landmakrs lab reared txt files/RPVMA 13_Format - {Aligned specimens} - 1 23 26 0	from C:/Users/vmc04/Dropbox/Homework/RPVMA 13.txt - TPS like internal (simplified) format - can be converted to other format by using TET	
-0.70288096730547445 -0.0049102069967817859 0.21335910752480691 -0.092922361746709037 0.23463634428296287 -0.070242293325548752 -0.031363132588657715 -0.089084698149473424 0.2436286478056133 -0.043812908464930446 0.23712311222571697 -0.018395785428658731 0.20731581623897161 0.015336947391546512 0.016775453663934178 -0.0078270216719542717 0.15254252637509935 0.044649227601034833 0.065279887662398839 0.070077465772222985 -0.3185378921027876 -0.0040332446928308405 -0.073012282042174331 0.096724365822003111 -0.24486662174040869 0.10444051389008069 
-0.69523360941763634 -0.0014058080898030833 0.2253864242109665 -0.090414205762902794 0.24121997396361425 -0.068157067901827906 -0.030880522100312766 -0.0875438838664893 0.24603930936247365 -0.048909535002458766 0.23719942353936907 -0.01698720628267434 0.20464400748107031 0.01208792647642634 0.0134083331034166 -0.0017271264764033981 0.15116721702627997 0.042243593485621199 0.0599643370512968 0.070645858814721602 -0.33008072285008661 -0.0008919555355639023 -0.084082246039962352 0.091288772570811638 -0.23875192533048922 0.099770637570542803 
-0.69587209560120478 -0.019105536711708344 0.21760579106983896 -0.093085373315956968 0.23752364965364745 -0.0740947911094582 -0.028274956445263982 -0.085465603794056058 0.24797461937227641 -0.051785480084636071 0.2415222632174519 -0.022673783668613869 0.20741141536257601 0.0072570658463051892 0.013008479764457246 -0.002402179142759516 0.14860528971573075 0.039269686020402837 0.046664891810215055 0.0739101789196102 -0.31442019753596512 0.0026813839108448204 -0.072369419124443488 0.1051183340482145 -0.24937973125931717 0.12037609908181179 
-0.69226229787326543 -0.013746378825517479 0.19924345215206107 -0.1024737933826128 0.23626216972804437 -0.074841606626243631 -0.02861671500452475 -0.088095133921790372 0.25496313107652779 -0.04454990280431706 0.24547467817724899 -0.018967265051864947 0.21367129312230063 0.012055688631863916 0.0045278879738659119 -0.003788814499325598 0.15784969211816935 0.04436534013837265 0.057988835143841337 0.076467588424722427 -0.31373984363793372 0.0017113601238584227 -0.085164227279213314 0.098351913480406186 -0.25019805569712195 0.11351100431244819 
-0.6937716705602901 -0.018515899368106867 0.21514757715864405 -0.092824840261801683 0.23368782190265386 -0.071858551900277082 -0.045780284337450725 -0.084274992971963086 0.24473982789438001 -0.049248773789199125 0.24378163951160728 -0.022785104730222629 0.21263761700806783 0.006108508670613088 0.022492037007155175 0.0035891132762616187 0.15667341519510519 0.041532172440959483 0.056025995948195337 0.069440925522783553 -0.32027011197584793 0.00059842513921245654 -0.082673437137625982 0.10340063478273204 -0.24269042761459417 0.1148383831890082 
-0.6940207027966443 -0.011882215836357748 0.21599460722309255 -0.092971360474828055 0.23458223144278004 -0.07663261944877818 -0.023374834211428518 -0.081367991248184321 0.25323822771169718 -0.047962904097807492 0.24928174004749043 -0.020195421183659072 0.20629426003334159 0.010871316800946829 0.0078799269085590689 -0.0044703318405034369 0.14892064330678542 0.042017822176320795 0.050415290476647494 0.068254328413743265 -0.31884531133568911 0.0055621770140305274 -0.081971753393176958 0.099816763755264465 -0.24839432541345477 0.10896043596981243 
-0.70569896175938163 -0.0073743893913567086 0.21525096977863925 -0.091891819332835259 0.23259934453714778 -0.071353702486399717 -0.014225829797538841 -0.082910128405695976 0.24302132217407824 -0.045738369878383048 0.23862620749465077 -0.018435515642265504 0.20553473466024086 0.011063480854020844 0.020697343360500067 -0.0021922874115653328 0.15185220178845976 0.038619230326627556 0.055352970404771107 0.066763015217705751 -0.31324879758054897 0.0026060615998892882 -0.07879167806556181 0.09383378549462261 -0.250969826995457 0.10701063905563572 
-0.6981925693728851 -0.016120440704621701 0.21069931911445372 -0.10049657616345464 0.2348291651704936 -0.072728892018271735 -0.039040081806462019 -0.085323180058988604 0.24797541025295927 -0.045372991502547512 0.24341059096499415 -0.019527172309300733 0.21028847155007482 0.012016651207155645 0.01759483226369558 -0.0049375003718767595 0.1512862696430696 0.045551490316613492 0.060088305476580166 0.068995446352479839 -0.31273676420244789 0.0046761926915100333 -0.080947646700451598 0.1015699770293562 -0.24525530235407331 0.11169699553194669 
-0.70685585815050489 -0.0082376765417422598 0.20558894961977608 -0.092550189531545923 0.23135850615303633 -0.070202345966414739 -0.033672886972275586 -0.085869347488340311 0.24550769237894354 -0.039794715783491905 0.24192974984920351 -0.011639864230405342 0.21019695576637684 0.012937044792941417 0.020925107572760338 -0.0068773326763393603 0.1569461341387193 0.040077487415200452 0.058458555312100903 0.064648042107105688 -0.3204306137245661 0.0027235201239500842 -0.072885029746541333 0.08928167782828525 -0.23706726219702867 0.1055036999507972 
-0.69208736194163101 -0.015910299859868506 0.21171112101935277 -0.096318091896538269 0.236303867102822 -0.073880253920577371 -0.017201423095574795 -0.084369723270973127 0.25045983340754552 -0.051659332794864385 0.24669974060820293 -0.0214577464915762 0.21162930847262343 0.0080930892609684547 0.012416964808728986 -0.0023120904460130309 0.14194396958698469 0.04527752323069166 0.051645371364151905 0.069503987765424366 -0.32603838361297888 0.005271295296200555 -0.083748296757535173 0.10323448962283714 -0.24373471096269145 0.11452715350428898 
-0.69990633641886879 -0.016942053910071139 0.21950473106679791 -0.092604037113088095 0.23794302197867437 -0.072059428894244409 -0.040855902747381406 -0.083673735017799664 0.24823152087499262 -0.049655362525028078 0.24572205381958087 -0.024493084184766957 0.21653204951295157 0.0049771117317692314 0.012197304968949881 -0.0014638554481510215 0.14200686170138807 0.043496796364054818 0.047401223048934904 0.070582369122755256 -0.29861178654380816 0.0047406242498856926 -0.08191084385223743 0.10154220589453175 -0.24825389740997389 0.11555244973015293 
-0.66470094993667905 -0.022769151580101517 0.21961632702942557 -0.10455319101058834 0.24378997199771255 -0.077986096765353716 -0.068742742023472206 -0.10161130988239621 0.25701668513039588 -0.049371823132338365 0.25429944269226529 -0.019572063224841521 0.2123355403875162 0.013145816742917966 -0.011162658918710676 -0.0072335015430605729 0.15083949940134081 0.048549214861640488 0.062087806001215197 0.082279446159297942 -0.33263609723406823 -0.0018294566140219281 -0.086081024710137732 0.11302810882235823 -0.23666179981680396 0.12792400716648764 
-0.70104909394788328 -0.017771020415416304 0.21070914256975784 -0.094774217849096995 0.23164640531640379 -0.073901240719650263 -0.036166990521500554 -0.087951727125320817 0.24731167290381895 -0.04931891449867367 0.24783477629365744 -0.021149146318749871 0.21491611634434185 0.011253074342542413 0.0020015179311681525 -0.0047324436303917373 0.15266290635375057 0.044454355467438152 0.056201015369001114 0.073458658970472629 -0.30354371524264218 0.0036881680205914607 -0.079741551769136498 0.1019753339431758 -0.24278220160073674 0.11476911981307962 
-0.70536060916788246 -0.0091946799888179137 0.20755721980546071 -0.094614847514803285 0.23588454271752987 -0.070373798641331281 -0.018065025244344314 -0.085037003870948771 0.24672993410907101 -0.043264112811232942 0.23604779572944398 -0.015304521571032365 0.20454918544961179 0.010293011923550024 0.01102216648423732 -0.003348349866376501 0.14997835243272953 0.038644740308394043 0.069597372103718524 0.066898296942056457 -0.31641855207215674 -0.00058711953868958327 -0.074058523863235581 0.096867934711106454 -0.24746385848418487 0.10902044991812553 
-0.69916825653482717 -0.0066336770229773155 0.21120973196992765 -0.094717023347255971 0.2393995915132715 -0.067661336206048625 -0.033996006293198953 -0.084944402231755617 0.24949984711153236 -0.040644349375239218 0.24471424179664258 -0.015189874672187341 0.20806667571483514 0.0085266183506942338 0.017324568994570369 -0.0076055614289208106 0.14649236174283523 0.040956324396491557 0.055849522309806596 0.066783724670811229 -0.31957946232730355 0.00099682328528863644 -0.072222798346719172 0.09155698947503374 -0.24759001765137195 0.10857574410606498 
-0.70457349336575203 -0.011162240258182162 0.21670730190399901 -0.089391199130028937 0.23177676570993747 -0.068764958690845465 -0.024351131860449689 -0.084798209435785796 0.24060576804252418 -0.044580243001681306 0.23458153059508768 -0.017438884461457183 0.20699613108008377 0.0076632464749092043 0.01234384007306092 -0.0020770236531366714 0.15499228546882035 0.037317206891413553 0.068595759232642717 0.065633130925347893 -0.31787495859212239 -0.00011918050344045483 -0.071265427659147423 0.096870685047980395 -0.24853437062868547 0.11084766979490679 
-0.69404601832873847 -0.012514086372126905 0.2149918455575148 -0.09131578639697327 0.23426141854614291 -0.071363316959384832 -0.030980772143596198 -0.079742224208104381 0.24461217785686765 -0.052887483374255972 0.24294247278234951 -0.021204153384512602 0.22028164525329286 0.0076742839027332792 0.021830445450919576 0.001525521370767122 0.14896421219751965 0.043582838375609168 0.052786188772065021 0.068335280282074251 -0.32195236470228128 0.00316307938004699 -0.085618993175916688 0.095706699840732282 -0.24807225806613917 0.10903934754339437 
-0.69114859640108672 -0.012277971649122995 0.21737892601887715 -0.091109414760145266 0.23470422419297091 -0.074293777103992084 -0.031976804092401688 -0.082941244764385719 0.24957305091712609 -0.049387566995955076 0.25132776365096438 -0.022481513588093895 0.21790798592278657 0.0047563357354366009 0.016052436198057414 -0.0033769375041124978 0.14012232468522451 0.042450029708201838 0.049789776246016243 0.072663710692595695 -0.31277640192090689 0.0028204882707764368 -0.086908499002400399 0.10021912233590716 -0.25404618641522764 0.11295873962288962 
-0.69703394138246433 -0.010630518633751425 0.21075019236620568 -0.093460546696360933 0.23082069886014178 -0.078603832549433095 -0.03374600775364809 -0.081313146024867139 0.24980273426451069 -0.050648703707955427 0.25165607352985286 -0.024116960137450547 0.20968434381186382 0.017034451028444062 0.017405861928796763 -0.00097284185589991952 0.15251250231483218 0.045762931496405777 0.051763949653620307 0.073913795597617696 -0.3142465883363208 -0.0021552467966878121 -0.085173407462531936 0.098042861705062337 -0.2441964117948586 0.1071477565748763 
-0.69034639513144391 -0.0083092152768299062 0.21650678685824271 -0.090129905173817387 0.24067178732629252 -0.066698640601690479 -0.040421327371723187 -0.080218198205809985 0.25050287809009542 -0.046616975138799921 0.24735505635223801 -0.019194092548503891 0.20852837923164588 0.0099689985897390351 0.0083672584993293615 -0.0036080034114455181 0.15060816590278875 0.035855864208337876 0.064185223742019612 0.065752691242503963 -0.32001028348309613 0.0038345875224335365 -0.077028453407147437 0.092923594678968394 -0.25891907660924174 0.10643929411491446 
-0.68419829353650086 -0.012434942245315828 0.20993797563169364 -0.092461940127317621 0.23222315768183946 -0.072615810026075686 -0.05096780797056278 -0.082140325613817664 0.25023076197538924 -0.043512135945100741 0.25110874755856549 -0.01502130380002312 0.21993652344594655 0.009894339054999304 0.0073677020900096068 -0.0029472140648227072 0.1604490643048854 0.04138613392221345 0.055200676615064781 0.068584539293493951 -0.33573215578337801 0.0053444657850123152 -0.065003421483504187 0.091680964024813738 -0.2505529305294476 0.104243229741941 
-0.69796866880487674 -0.016332802709174258 0.20853279564776997 -0.09475348544596876 0.23492497935644058 -0.071305755578814037 -0.021125363545497058 -0.088364038534289202 0.24158927312269404 -0.048240808577105478 0.23802647097047641 -0.020396021079385703 0.21121224055999208 0.0053974550232421467 0.019881153359879774 -0.0025820630371500885 0.15538525092374106 0.042006914298053886 0.055038008845642285 0.073129854314038373 -0.32295227864239417 -0.00034432310435159535 -0.079101832954234647 0.10484168158373566 -0.24344202883963384 0.11694339284716863 
-0.7068430918679145 -0.01633204854832054 0.19987678155808294 -0.094909495071849814 0.23134759522305567 -0.071282637208729321 -0.015969597512139791 -0.0837272421716624 0.24671910361656388 -0.05050014745933374 0.23898323487123588 -0.019151506380617755 0.21691743850075901 0.0062473484486105192 0.018539814890497143 -0.00267782539100778 0.14808137810948388 0.044867730736528673 0.053482564450002684 0.070391377471805461 -0.31220441588315972 -0.00032051723329044044 -0.078484115255573195 0.10152023618690872 -0.24044669070089311 0.11587472662095777 
