TPS like internal (simplified) format - can be converted to other format by using TET

LM=13
173.000	386.000
1047.000	678.000
1051.000	708.000
782.000	565.000
1046.000	744.000
1022.000	767.000
987.000	775.000
794.000	670.000
927.000	778.000
844.000	773.000
491.000	547.000
677.000	734.000
549.000	694.000
IMAGE=C:/Users/virgc/Dropbox/Homework/SJU/SJUFA/SJU 014.gif
ID=1 : SJU014_13
COMMENT=FA-13
VARIABLES=NA
SCALE=NA

LM=13
193.000	298.000
998.000	569.000
1008.000	607.000
775.000	479.000
1015.000	627.000
1000.000	647.000
969.000	662.000
773.000	574.000
898.000	673.000
792.000	667.000
493.000	449.000
661.000	636.000
531.000	584.000
IMAGE=C:/Users/virgc/Dropbox/Homework/SJU/SJUFA/SJU 022.gif
ID=2 : SJU022_13
COMMENT=FA-13
VARIABLES=NA
SCALE=NA

LM=13
282.000	385.000
1202.000	541.000
1212.000	567.000
928.000	471.000
1212.000	589.000
1202.000	619.000
1176.000	643.000
946.000	571.000
1106.000	665.000
986.000	671.000
598.000	481.000
840.000	661.000
682.000	625.000
IMAGE=C:/Users/virgc/Dropbox/Homework/SJU/SJUFA/SJU 060.gif
ID=3 : SJU060_13
COMMENT=FA-13
VARIABLES=NA
SCALE=NA

LM=13
213.000	276.000
1045.000	646.000
1051.000	692.000
811.000	522.000
1037.000	716.000
1021.000	734.000
973.000	742.000
795.000	618.000
907.000	742.000
803.000	724.000
489.000	448.000
671.000	682.000
537.000	624.000
IMAGE=C:/Users/virgc/Dropbox/Homework/SJU/SJUFA/SJU 062.gif
ID=4 : SJU062_13
COMMENT=FA-13
VARIABLES=NA
SCALE=NA

LM=13
305.000	422.000
1153.000	478.000
1165.000	502.000
909.000	442.000
1169.000	536.000
1151.000	564.000
1107.000	586.000
939.000	536.000
1067.000	602.000
981.000	612.000
607.000	484.000
853.000	622.000
703.000	606.000
IMAGE=C:/Users/virgc/Dropbox/Homework/SJU/SJUFA/SJU 104.gif
ID=5 : SJU104_13
COMMENT=FA-13
VARIABLES=NA
SCALE=NA

LM=13
279.000	348.000
1115.000	584.000
1127.000	614.000
885.000	496.000
1123.000	644.000
1113.000	668.000
1073.000	682.000
879.000	586.000
999.000	684.000
915.000	680.000
579.000	476.000
777.000	658.000
635.000	610.000
IMAGE=C:/Users/virgc/Dropbox/Homework/SJU/SJUFA/SJU 111.gif
ID=6 : SJU111_13
COMMENT=FA-13
VARIABLES=NA
SCALE=NA

LM=13
223.000	460.000
1125.000	582.000
1141.000	614.000
885.000	528.000
1141.000	644.000
1133.000	668.000
1101.000	682.000
891.000	628.000
1017.000	708.000
935.000	712.000
567.000	548.000
791.000	708.000
641.000	692.000
IMAGE=C:/Users/virgc/Dropbox/Homework/SJU/SJUFA/SJU 150.gif
ID=7 : SJU150_13
COMMENT=FA-13
VARIABLES=NA
SCALE=NA

LM=13
349.000	294.000
1285.000	474.000
1301.000	508.000
1017.000	410.000
1301.000	544.000
1289.000	568.000
1245.000	590.000
1035.000	514.000
1161.000	602.000
1071.000	610.000
677.000	404.000
921.000	596.000
761.000	560.000
IMAGE=C:/Users/virgc/Dropbox/Homework/SJU/SJUFA/SJU 152.gif
ID=8 : SJU152_13
COMMENT=FA-13
VARIABLES=NA
SCALE=NA

LM=13
335.000	602.000
1191.000	462.000
1205.000	484.000
943.000	486.000
1219.000	516.000
1215.000	542.000
1187.000	570.000
981.000	574.000
1137.000	606.000
1039.000	646.000
649.000	600.000
909.000	682.000
751.000	706.000
IMAGE=C:/Users/virgc/Dropbox/Homework/SJU/SJUFA/SJU 206-1.gif
ID=9 : SJU206_13
COMMENT=FA-13
VARIABLES=NA
SCALE=NA

LM=13
411.000	756.000
1143.000	248.000
1171.000	260.000
925.000	380.000
1189.000	278.000
1199.000	320.000
1177.000	362.000
995.000	434.000
1135.000	424.000
1077.000	478.000
719.000	596.000
965.000	568.000
847.000	644.000
IMAGE=C:/Users/virgc/Dropbox/Homework/SJU/SJUFA/SJU 250.gif
ID=10 : SJU250_13
COMMENT=FA-13
VARIABLES=NA
SCALE=NA

LM=13
289.000	396.000
1155.000	442.000
1175.000	470.000
907.000	408.000
1181.000	498.000
1165.000	526.000
1137.000	548.000
944.000	513.000
1077.000	576.000
993.000	600.000
617.000	462.000
841.000	606.000
701.000	592.000
IMAGE=C:/Users/virgc/Dropbox/Homework/SJU/SJUFA/SJU 252.gif
ID=11 : SJU252_13
COMMENT=FA-13
VARIABLES=NA
SCALE=NA

LM=13
311.000	640.000
1147.000	222.000
1201.000	246.000
923.000	318.000
1211.000	268.000
1209.000	302.000
1191.000	338.000
991.000	398.000
1151.000	388.000
1075.000	452.000
649.000	532.000
945.000	536.000
801.000	600.000
IMAGE=C:/Users/virgc/Dropbox/Homework/SJU/SJUFA/SJU 289.gif
ID=12 : SJU289_13
COMMENT=FA-13
VARIABLES=NA
SCALE=NA

LM=13
429.000	200.000
1219.000	740.000
1219.000	784.000
991.000	566.000
1215.000	810.000
1183.000	830.000
1133.000	824.000
973.000	666.000
1063.000	808.000
975.000	780.000
689.000	444.000
829.000	698.000
705.000	612.000
IMAGE=C:/Users/virgc/Dropbox/Homework/SJU/SJUFA/SJU 291.gif
ID=13 : SJU291_13
COMMENT=FA-13
VARIABLES=NA
SCALE=NA

LM=13
287.000	704.000
1127.000	374.000
1165.000	396.000
881.000	450.000
1183.000	426.000
1181.000	454.000
1153.000	484.000
943.000	524.000
1119.000	526.000
1037.000	578.000
617.000	618.000
903.000	646.000
763.000	698.000
IMAGE=C:/Users/virgc/Dropbox/Homework/SJU/SJUFA/SJU 321-1.gif
ID=14 : SJU321_13
COMMENT=FA-13
VARIABLES=NA
SCALE=NA

LM=13
558.000	195.000
1286.000	692.000
1285.000	732.000
1088.000	534.000
1272.000	755.000
1248.000	768.000
1208.000	769.000
1061.000	629.000
1147.000	760.000
1068.000	732.000
811.000	418.000
939.000	658.000
826.000	577.000
IMAGE=C:/Users/virgc/Dropbox/Homework/SJU/SJUFA/SJU 325.gif
ID=15 : SJU325_13
COMMENT=FA-13
VARIABLES=NA
SCALE=NA

LM=13
162.000	325.000
1018.000	707.000
1023.000	734.000
778.000	580.000
1020.000	767.000
1003.000	794.000
967.000	805.000
767.000	677.000
893.000	802.000
788.000	783.000
451.000	501.000
648.000	732.000
523.000	668.000
IMAGE=C:/Users/virgc/Dropbox/Homework/SJU/SJUFA/SJU 376.gif
ID=16 : SJU376_13
COMMENT=FA-13
VARIABLES=NA
SCALE=NA

LM=13
404.000	351.000
1263.000	588.000
1272.000	618.000
1009.000	497.000
1272.000	651.000
1258.000	677.000
1214.000	691.000
1024.000	600.000
1154.000	703.000
1060.000	703.000
720.000	492.000
902.000	675.000
764.000	637.000
IMAGE=C:/Users/virgc/Dropbox/Homework/SJU/SJUFA/SJU 422-1.gif
ID=17 : SJU422_13
COMMENT=FA-13
VARIABLES=NA
SCALE=NA

LM=13
191.000	418.000
1113.000	510.000
1125.000	534.000
843.000	467.000
1135.000	566.000
1129.000	596.000
1088.000	620.000
875.000	572.000
1024.000	647.000
925.000	663.000
536.000	508.000
764.000	663.000
611.000	648.000
IMAGE=C:/Users/virgc/Dropbox/Homework/SJU/SJUFA/SJU 423.gif
ID=18 : SJU423_13
COMMENT=FA-13
VARIABLES=NA
SCALE=NA

LM=13
285.000	531.000
1219.000	519.000
1241.000	555.000
954.000	510.000
1248.000	584.000
1240.000	614.000
1203.000	642.000
995.000	608.000
1144.000	675.000
1051.000	697.000
628.000	578.000
887.000	713.000
733.000	709.000
IMAGE=C:/Users/virgc/Dropbox/Homework/SJU/SJUFA/SJU 461.gif
ID=19 : SJU461_13
COMMENT=FA-13
VARIABLES=NA
SCALE=NA

LM=13
212.000	297.000
1171.000	574.000
1182.000	611.000
892.000	474.000
1176.000	644.000
1165.000	669.000
1104.000	689.000
898.000	581.000
1042.000	695.000
932.000	685.000
554.000	448.000
772.000	654.000
612.000	605.000
IMAGE=C:/Users/virgc/Dropbox/Homework/SJU/SJUFA/SJU 465.gif
ID=20 : SJU465_13
COMMENT=FA-13
VARIABLES=NA
SCALE=NA