C:/Users/vmc04/Desktop/Wing saga/Lab reared wings for landmarking/13/SJU/SJUFB/coord_Jul18_Format - {Aligned specimens} - 1 20 26 0	from C:/Users/vmc04/Dropbox/Homework/SJU/SJUFB/coord_Jul18.txt - TPS like internal (simplified) format - can be converted to other format by using TET	
-0.67817707875939504 -0.0025368625098239977 0.2239443562602777 -0.101803957133932 0.2438574898003748 -0.077448731426720555 -0.055620576532590352 -0.095097296527807088 0.25243055919625879 -0.049694734277860683 0.24700027467904889 -0.026152768978002994 0.21188818491686609 0.0020807232806503554 -0.0068162477956582998 -0.0028280412939810859 0.14394822914538966 0.040662811447775053 0.064998698641613881 0.070568125239567431 -0.3355970533576047 0.0097106202045611437 -0.088814685855599262 0.10787683236311414 -0.22304215033898273 0.12466327961245978 
-0.67769179569329163 0.00018453148934578187 0.22318854831473672 -0.099868440304992576 0.24234535506134133 -0.074830302390123407 -0.055298581262555213 -0.085077953299408871 0.25119493938509047 -0.045885272373114426 0.24340654456673069 -0.022893345311264475 0.21775664269746123 -0.0016185559247462004 -0.007994038057240414 -0.0025737915155910635 0.15572558037099787 0.034389347139218297 0.065243097794056654 0.065621292755849783 -0.33766501537063454 0.014642758292538855 -0.087342218896242399 0.10530417591708101 -0.23286905891045104 0.11260555552520728 
-0.66858297843871406 0.00035576094490696522 0.2176368853158217 -0.11092869869977702 0.24399086279556972 -0.07951839815242627 -0.048340715185407064 -0.095846104832789589 0.25325587005609246 -0.051875974654244948 0.24652370322549103 -0.023664763349504958 0.21810058220208009 0.0053958147079884583 -0.010772937650112438 -0.0061561478509665696 0.15498414233284519 0.043190761790292437 0.055256110479439652 0.07752130051212959 -0.33722141675618511 0.0068573024723580893 -0.088399727823635241 0.1113822403116095 -0.23643038055328502 0.12328690680042388 
-0.69507888547549745 0.0057185135366593373 0.21239450462901138 -0.10039002945507314 0.23738304086186302 -0.0703412304212441 -0.02846096706362394 -0.08186569846139799 0.24767189496525599 -0.050828896456778912 0.23864932700865385 -0.026952433527748305 0.2124202950528547 -0.00023741351228933873 0.016514216427977714 -0.0020898788209297225 0.14584193519445848 0.03902563151033013 0.056155735728787688 0.066782676237359534 -0.33231096773722096 0.0047883546926537407 -0.07482597733495637 0.10135225797181699 -0.23635415225756423 0.11503814670664202 
-0.67176261364911782 0.0044278513727917064 0.22613330893943512 -0.10187650316060395 0.24408922577908101 -0.075535579499331054 -0.034663319210813746 -0.093984371002266476 0.25042520173178134 -0.051972580003038081 0.2429070794239869 -0.024477176669935929 0.20811420285211857 0.002482315752876366 -0.012266754307333705 -0.0045316613677366434 0.14910423545801249 0.03719629131479265 0.063583929660291791 0.073446954478767701 -0.34986770783013343 0.0057876105499138986 -0.081395497550732443 0.10808202903073214 -0.23440129129657591 0.12095481920303704 
-0.67475525050173224 0.00082765613395947445 0.22244330266232615 -0.10132133000285085 0.23921412131515932 -0.079007314338013501 -0.04053734291864642 -0.093318769725301051 0.2469586901049414 -0.054293972616217934 0.25040782476638829 -0.026088123599648745 0.21298722605131457 0.0021421891627935556 -0.0094478587469914773 -0.0014164992380662808 0.14670297868823709 0.043138140853988094 0.062588649624110981 0.075030551859204458 -0.34346803117163111 0.0056190981163415712 -0.078663013483787791 0.10617841796633291 -0.23443129638968876 0.12250995542747875 
-0.67325580433030952 0.0045806450869756779 0.2267869507013017 -0.099799964595233576 0.24190971637505196 -0.07633006224093658 -0.056243769303239488 -0.096275682382311059 0.25172059118232176 -0.048415482109891605 0.24230739973304521 -0.025487517706056 0.21059869210379609 0.0085702431943292506 -0.0062500548809244945 -0.0041486011992692808 0.15213168846314651 0.039430120711012678 0.061594497944615467 0.071536792620742182 -0.35045803012339655 0.0054105303773990246 -0.070624912580070032 0.10239695105991287 -0.23021696528533897 0.11853202718332642 
-0.6766806301337196 0.0072628061470515603 0.22787379199818447 -0.098286057339372485 0.24442339260124962 -0.07952187256536293 -0.042231857946907148 -0.089354900929251538 0.25480632816440751 -0.051421252478215225 0.24081706274539502 -0.024813950590840999 0.20484305602171074 0.0053288837389144153 -0.0096302609479620282 -0.0030313431594602971 0.15492031176931539 0.035685121465525563 0.057035476148311962 0.073528972503480935 -0.34242905038610499 0.0031265802479696898 -0.081557757661071012 0.10506405809636422 -0.23218986237280953 0.11643295486319787 
-0.67165872303283591 0.0061090732592657777 0.22671650301954316 -0.10026175564713605 0.24201915684338679 -0.080879026725616879 -0.039063789438366386 -0.092731730249185559 0.24895019758706935 -0.050341434033561942 0.24385556896723501 -0.024418279182515108 0.2161012269655542 0.0020392384118646288 -0.015020768729245109 -0.0046292605271980166 0.15355838326271237 0.03931517692713183 0.064468446000818747 0.072874569176625367 -0.33237341802201881 0.0086110141806792998 -0.08721850692842309 0.10715270107200957 -0.25033427649543033 0.11715971333763693 
-0.68026648558202429 0.0082797655083643364 0.21774343781025599 -0.10311609263296619 0.24256590244198653 -0.075742855814175336 -0.028351300390179704 -0.095318457886632596 0.24784261567660548 -0.048172800137880854 0.24170842838063133 -0.020872386270592888 0.203280205110422 0.0072018537080444948 0.0027670710793583179 -0.0091731459720035356 0.15052094572471963 0.037791766558071954 0.071418468121917669 0.068198309869260704 -0.33477396658749314 0.012491688543475044 -0.081744316342403547 0.10146561513251141 -0.25271100544379621 0.11696673939452359 
-0.66751427519307982 0.0032794646307368397 0.22011906590162519 -0.10344461594748318 0.23987577371295221 -0.078297131476190274 -0.052570114160639808 -0.090362759117658148 0.25062188197630547 -0.048597531899139047 0.24409282563879522 -0.022013153231384294 0.2189640673002107 0.0022582174202838458 -0.0025530263954244713 -0.0047901526109697242 0.16200895909115487 0.036753371828304349 0.068675385905869052 0.07246171044470337 -0.33790643558275646 0.010941782623695688 -0.095045930817664145 0.10554070399780888 -0.24876817737734747 0.11627009333729189 
-0.67651459502026368 -0.003187094483887461 0.21199395658515377 -0.1088678026411579 0.23888913820090818 -0.08000096471161168 -0.040056495149882722 -0.090952800971588754 0.24993241164523311 -0.053610846806122381 0.24662393848200975 -0.026552320475917324 0.21488304335226574 0.0040301320857595623 -0.0046132995073022666 -0.0020759906602281853 0.1500551665466251 0.045375517146465413 0.070749277205869932 0.077411782788419439 -0.33729718773580436 0.010287810283751512 -0.088647906131201326 0.10827106646886413 -0.23599744847361023 0.1198715119772525 
-0.67467691037579725 0.0089134497343699229 0.2252313590708889 -0.10074359402762414 0.24244506685901826 -0.079245606719035466 -0.050490656278175408 -0.095222777114861587 0.2534056114562982 -0.048148131614784886 0.24760176476390619 -0.020106174987203615 0.2142118315955131 0.0053328564887267834 -0.008006257864113412 -0.0032979622568486875 0.15368840527613756 0.038990657999336591 0.053842180164709992 0.071717058247421361 -0.3395148266870755 0.0079906562561356462 -0.084715740043435461 0.10015917897504696 -0.23302182793787557 0.11366038901932027 
-0.67187590386516438 0.010680673771368021 0.22178466463870131 -0.10631255245112646 0.2436393173626325 -0.074756957159073462 -0.057292849330689288 -0.094932839243922235 0.25436683508323349 -0.045222391568712557 0.25042697432933658 -0.017202451090218247 0.21917568065693965 0.0093051586052141748 -0.018536213816374863 -0.010882195123658445 0.14786899530135952 0.04118111581855672 0.061692828501112081 0.072655161420365641 -0.34474960641128555 0.0068786747811065939 -0.075870262284622819 0.095945183894724104 -0.23063046016517827 0.1126634183453764 
-0.68337265754968302 0.0025732864864172725 0.22176709882355539 -0.10158622608338473 0.24293900000779023 -0.075231409157392112 -0.055537437733011862 -0.093473170219311522 0.24849986284935041 -0.054387202139498873 0.24414927080623561 -0.020479180808319307 0.21737829203092157 0.0075020687654397391 0.00054467465618726553 -0.004610858706369369 0.14933506106914229 0.039795695632794691 0.059867614156977639 0.068501693847457384 -0.3305852797758595 0.0081865024591312764 -0.091438850726665036 0.1025413666042599 -0.22354664861494039 0.12066743331877584 
-0.67124401705950609 0.0044441633803265048 0.21898247386762965 -0.10206137327052861 0.24541870283545061 -0.076594308438116862 -0.054059409339656098 -0.097550788654076584 0.25486435503047061 -0.048164935129917333 0.24858622999511443 -0.02238090626009805 0.2140184133434728 0.0072131855521906209 -0.012364656578770982 -0.0051647255658230293 0.15234389560282183 0.038391040944311172 0.062435558922651423 0.071124723577880897 -0.34091467784488277 0.0092481569749709013 -0.082673616094133748 0.10136240778018077 -0.23539325268066155 0.12013335910869918 
-0.67658251966639882 -0.0032447598855785804 0.21571639881244145 -0.10453262307508522 0.23851329579779929 -0.078247805672698206 -0.049846818226401315 -0.091162800799181057 0.24981484477121044 -0.052939401995848324 0.24913283886990631 -0.022859738038562383 0.22192446202521912 0.0047965096992929022 -0.0019051801946803348 -8.3240176308551088e-05 0.14643460357420118 0.039589479873002029 0.056819663539634378 0.070288095886803195 -0.34441777649207089 0.0091342738756747324 -0.078864759014780045 0.10814105243087044 -0.22673905379608131 0.12112095787761935 
-0.6731292180934012 -0.00078952808827673689 0.20635990357783809 -0.1058190190839835 0.23724001797772243 -0.083208459126386747 -0.048377011168641529 -0.091983861847469969 0.25329981753842246 -0.052241669213854453 0.24952973219414054 -0.021149842086398186 0.22325660194073021 0.0054567207401428992 0.0030865287951344677 -0.0024093124631909676 0.15210241908398764 0.042922639869835723 0.062739582427280435 0.075545705220296772 -0.34090570755958355 0.0086835314229839373 -0.090428139589356638 0.10559649087634981 -0.23477452712427327 0.11939660377995184 
-0.67701760936984401 -0.00014347393962032393 0.21257276001386499 -0.10115863328401759 0.24225708915054137 -0.067199551895616882 -0.065027709580829748 -0.088967209720563503 0.25003364684403367 -0.045805782987916682 0.24742553183784319 -0.020972842286220744 0.21451834918294976 0.0014489316924473053 -0.0065908440718252656 -0.004376875505575026 0.16076497881468788 0.034692538592278617 0.073667265570051779 0.066072559963413408 -0.34916041352227001 0.0092797133503275762 -0.081171032160839512 0.10098796543516374 -0.22227201270836386 0.11614266058590042 
-0.67482996517762683 0.0016636944869993558 0.2152036710898558 -0.10695665079960487 0.23764789050871724 -0.079351405657571289 -0.054650223470790203 -0.095343046005310822 0.24813646570376693 -0.052508918823644765 0.24250785928097074 -0.019806974888327594 0.21824294563741231 0.0058022332666497608 0.0010482522929735488 -0.0013636484572325698 0.16063022492533591 0.042075359379036316 0.060703698894687297 0.07840399340765801 -0.3438798391090146 0.002508417752302971 -0.079601982726147921 0.10605592745227282 -0.23115899785014019 0.11882101888677236 
