C:/Users/vmc04/Desktop/Wing saga/Lab reared wings for landmarking/13/SJU/SJUMA/coord_Jul17_Format - {Procrustes residues OP} - 1 20 26 0	from C:/Users/vmc04/Dropbox/Homework/SJU/SJUMA/coord_Jul17.txt - TPS like internal (simplified) format - can be converted to other format by using TET - Orthogonal projection of the preshape data to the Kendall tangent space
-0.0053233442383475681 -0.0013243330508434245 -0.0014343685276131085 0.0056551592949848307 -0.0016881717273421011 0.00041792692940823944 -0.0016988791269199857 0.0045751508163324019 0.00047658606729923669 0.0039411339598660593 0.00059420932627448145 -0.0010509511800386999 0.0063881084544992533 -0.0053151689091101399 0.0036502352708896379 -0.00032563814528563606 -0.0028577571410524157 -0.0039018758481610873 -0.00012513618449995701 -0.0041482476363558134 0.0027465900228314426 0.00033195789826054745 -0.0064553757043297804 -0.0002498534829125419 0.0057273035083110742 0.0013947393538552705
0.011590605768091964 0.0028867727411501947 0.00068890768324807866 -0.0053169359309928896 0.0077855896010401169 0.00043454212818626163 -0.00054242743873697107 0.0042189556899425336 0.005048089721666876 -0.00055091861761204838 0.0080463625898418087 -0.0039442543504798417 0.0035138594589935036 -0.00061594773453028549 -0.008543857693379564 -0.0010191435839539814 0.00071616083093249509 0.00072817511507634154 -0.0019743768453582534 0.0018654527423277198 0.0063074925421775169 0.00037889833812852086 -0.017805172908511791 0.0015144420835640664 -0.014831233310005767 -0.00058003862080652224
0.032253831743740559 -0.0028165564582443904 0.0091855911234475472 -0.00069413939074553259 0.0040419963478512747 -0.0039845997237696607 -0.020880984347012906 0.0017106426125181782 0.010288293205314837 -0.0062823303331620379 0.0091285939333814094 -0.0034463578608453895 0.0069958736515759656 -0.0024579842311783732 -0.016154091585888004 -0.0021406933651728051 0.0040606316787186484 0.0049406500426437735 0.0035021453567591742 0.0095033486821054971 -0.025266576023170971 -0.0004015307319926105 -0.0053502181080188442 0.0038971721609740366 -0.011805086976697802 0.0021723785968695147
-0.01038774499739142 -0.0016934397910120676 -0.002337891397978761 -0.0009286060570900779 -0.0017726788632405519 0.00088152229032022991 -0.0051925029146639599 -0.0034995261008357171 -0.0048655232712974741 0.0042513837524474655 0.0001186604279440897 0.0036398813507937089 0.0060346307950824886 -0.0018674980270333879 0.0049452266112182995 0.003190476334787239 0.0004614457286488639 -0.0033209132749455199 -0.0077003310558343887 -0.0028777650759069348 0.0094467001975552852 -0.00055950800447707172 0.0033986558430168352 0.0020894282680969539 0.0078513528969408469 0.00069456433485449998
-0.00075995414876318815 0.0048477503406696883 0.00047920711539924988 0.001879539415021717 -0.0019801093236596428 0.0059676569847621694 0.013277879189885568 0.0031415290481251077 -0.0023664505981280718 0.0014660853018015874 -0.00099164132944449504 -0.004777347288287298 -0.0081508372728461443 -0.0033358089105476746 0.017595884991087378 0.0050227639198105059 0.0021842087220940529 -0.0049754593591721042 -0.00075808940661399875 -0.00095749745253898163 -0.0033341209514789064 0.0009985586216571397 0.0025995937813343859 -0.0039787910714734146 -0.017795570768865687 -0.0052989795498289347
0.0029308841644541716 0.0066497746091071829 0.0077972579356494357 0.0071548153542340493 0.00063435213891736624 0.0055609561109421562 -0.0040125120647377683 0.0064992549280739106 0.0025954721258734555 -0.00019856722363932263 -0.0030689892436728521 -0.00036636985745207149 0.0025367954495359923 -0.0061630860003774315 0.0067310704277937176 0.0027773373459968427 0.0080929094344506878 -0.003692535444903655 -0.0098988337038220155 -0.0061113396241338092 -0.0044510199472756473 0.00057356597870162522 -0.00077184545495746499 -0.0028667794610970454 -0.009115541262209868 -0.0098170267154523566
-0.0068104101682221769 0.0096606949767029746 0.0092958879030590191 0.00010387349051873304 0.0065236528034067843 0.00081589970340002565 0.015945535863539258 0.0046205403144411053 0.004432377867123331 -0.0017419580759862024 -0.0021420751429357676 0.0015107893058771611 -0.0074302040035417027 0.0068265287744306048 -0.01220174017564853 -0.0030363270963632066 -0.025980360312215567 0.0014233648499243782 0.0057858198673690292 -0.0030609081447979187 -0.0026062299216942984 -0.0049226761338413269 0.012876719701578382 -0.0075003947592256204 0.0023110257181824215 -0.0046994272050810207
0.01018688703691264 -0.01320265414238022 -0.0066879483334724172 -0.011484859778301632 0.0037808090156437055 -0.0051747458444049458 -0.013093322088759735 0.0017137918032403741 0.0045740524731566895 0.0034157669967888669 -0.00047268714872375646 0.0008372840824158325 0.00089219744214880093 -0.002571683741032625 -0.0025883729999923335 0.0033699158246659911 0.0083282186177497976 -0.00078132065820069561 0.0047674231694695519 0.0010518795885617219 -0.0050217833534621868 0.0067982576349600726 0.00027056290899750624 0.0094962447626132426 -0.0049360367396694615 0.0065321234710735282
-0.015051930571423806 -0.0071380238123644616 -0.0062447775667302842 -0.0022741912421866276 -0.0039447752083933106 -0.001402082577862002 0.0041272371219550109 -0.0035797952324338289 -0.0029914555326956424 -0.0037800667954738954 0.00014920410823956228 0.0023743909071209917 -0.011264958484978717 0.0028971658176099526 0.0010461034574008501 -0.0027424958282471932 -0.004333494663619859 0.0038942672234647127 0.010146567796269596 0.0034224018052075294 0.0091424171391331806 0.0025886132098396418 0.0093258340964595642 0.0022566464280718117 0.0098940283083841143 0.0034831700972526441
-0.014558856358730535 -0.00035103625950519554 -0.0077019042397013827 0.0018771071692327394 -0.0030510585589704512 -0.00023238059163415778 0.0098252150994777073 -0.00097722791340695294 0.0014692212706420985 0.0020214029610741715 0.00042985632745027864 0.00097781152257957475 -0.0017463763887018021 0.0013577201137091426 0.0048718159183228785 0.0014642737789806214 -0.0091571322016766304 0.0019854205283682176 -0.00410860454631389 -0.0035638515505711141 0.0058796167700643021 0.0026267849603595845 0.011655516516009443 -0.0069381671317957664 0.0061926903921270095 -0.00024785758739054309
-0.0052083788841662659 -0.0086733176256396927 -0.002720673237974168 -0.0031757923673488252 -0.0021755424455746756 -0.00038890169987529193 -0.004326917390473712 -0.00038981549294149899 -0.00096725069109010508 -0.0069855042006182668 -0.00082064783838586906 0.00084757317419205272 0.0016513018335722323 -0.0031169488474110151 0.003801684746224044 0.0021170348997367082 0.0014262379769229053 0.0029050333886688233 -0.0036457129022294844 0.0026284858696502362 0.0092416271015655013 -0.0017344427171899842 -0.0023353258130916822 0.0054501309134150598 0.0060795975447010256 0.010516464705362175
0.0032072776163415322 0.0095659436842985036 0.0083947832408427688 0.003084612579354688 0.0038022787492329622 0.0081043064537478018 -0.011233321629112863 -0.0075609279098987079 0.0037193649623628684 0.0083785267528798096 -0.0020836470814591 0.0036555381020904956 -0.00018722387580516605 0.00059982980182111901 -0.014444370812629174 -0.010330410542189347 0.010204561326263937 -0.0059381652055722611 0.0023189890253822423 -0.0019503816231345159 0.0030942948788000189 -0.0084928785952233399 -0.0064920525472004359 -0.0038134530222493929 -0.00030093385301846356 0.0046974595240757977
-0.0097291163292610762 -0.0028431239603074567 -0.0041639357911124339 -0.0023025275019439386 0.0016860158979262701 0.0019791676326774638 -0.0036857877370245528 -0.00033405532839413744 0.00013871177167105271 0.0027964459808340878 -0.0056472064792064255 0.0051318773799451916 -0.0014141202868903323 0.0043272260140985739 -0.0032487551042059467 0.0022413206855440241 0.0068359023046622377 -0.0040894642251471875 0.0067255070295128058 -0.0054922013197282755 0.0046810835424074609 0.0069000125392896378 -0.0020291436146595045 -0.0065921035411003123 0.009850844796181148 -0.0017225743557671008
0.0051846755872354162 0.0067892098192403518 0.0078901741831893298 0.01057751221806588 0.0036547079089228086 0.0032992215598847798 0.00076188284740754514 0.0044911824224163508 -0.0014191643151008572 -0.0030565032456915781 0.0027197914498555309 -2.6792337693826851e-05 3.3979826664985334e-05 -0.0029367676455262608 0.0058728908288768747 -0.0016495012822617958 -0.0020840970483179642 -0.0026109239075059526 -0.0063043588981007712 -0.0032911780839265875 -0.013786318837728372 0.00045945794893592591 0.0024441587076259115 -0.005082380532029483 -0.0049683222405301052 -0.0069625369339079632
-0.0060140786302309186 -0.003020556785477762 -0.006086153297751808 -4.3439369557013506e-05 0.0010613020426486653 -0.0029299337684741372 -0.0099962442590387137 0.00024470996325841072 0.0026167441366534757 0.002323533126796127 0.0041067413533042788 -0.0015785814799090107 0.0041440811173790596 0.0019847692698718839 -0.0042429839719748804 0.0010628300283409085 -0.00409402994571487 0.0027006374255556078 -0.0019022884114416278 0.004173537825551671 -0.0022615175903469816 0.00031277025787187942 0.0038167722410177604 -0.0014799483832186658 0.018851655215497354 -0.0037503281106097269
-0.0041057109451213443 0.0076718285127374657 0.0010305899760031409 -0.00036973341626198318 0.0036299817958242429 0.0040589981199918735 0.01631828152597202 0.0029802921463307533 -0.0055204927186082104 0.0026669103652693367 0.00080524818515248075 -0.0048617512122400581 -0.0077756870003209194 0.0030948557574020786 -0.0011277590219511415 -0.0050632615894350471 -0.0021892775669369318 0.0032364041264862781 0.0003491007013318939 -0.00096069211645351867 -0.010582674723342038 -0.010948412550470693 -0.0010387987394917027 -0.002111900301008887 0.010207198531487605 0.00060646215765261524
0.0079060645474203078 0.0052699695211245803 -0.0071922082699206946 -0.0014530361723019511 -0.0041898557637094856 -0.0017736210422405452 0.0074810216533237953 -0.0059361417901575954 -0.0008798021875995746 0.00032209688469575211 0.0038485540722312259 0.0033583403972440211 0.0057461152189900618 0.0034941710478036507 -0.0011246795197067442 -0.0019160270278702767 0.0034415741676829268 0.0019178667072477654 0.01140692522101255 0.00094988887292082858 -0.0099550426013811227 -0.0064711878451727094 -0.01298175299747974 0.0035217299935104036 -0.0035069135408632999 -0.0012840495468039725
0.00052098425984434477 -0.0057172285472266082 0.0059908270291246842 0.0040670897165981769 -0.0063428255570158569 -0.0037046790122766751 -0.008296951096699548 -0.0047375293623787935 -0.0069908921155211433 -0.0047362362043190257 -0.0032065991910722102 -0.0022720793894856332 0.0050631820046810683 -0.0018169850405265571 0.01383402329827409 0.0037422842233054312 0.0057143356406043023 0.0020280254053045713 0.0012654352155937064 0.0034017879706438226 0.0052262772816138213 0.0049029034927536843 -0.0061777275853894765 0.0025505611424737665 -0.0066000691840368934 0.0022920856051338312
-0.0022168708345690039 -0.0023158642250625371 0.0014237235624181336 -0.0074755349350562206 -0.0027791540562671232 -0.0077841265708557062 0.01479032019066188 -0.0022133190928274897 -0.0025078496105479771 -0.0086518331220364047 0.0012113395797413967 -0.0010038906367725703 -0.0070004749411228242 0.0047084620099228482 0.0078222076285546088 0.0070417141341834319 -0.0048563290119493351 0.006460569498626216 -0.0059864132050727907 0.0039666702008871405 0.010178910437773706 0.0023211554882464915 0.0038617850312805571 0.0065787668904267122 -0.013941194770901175 -0.0016327696396819386
-0.0070249522658018025 -0.0067403413931936482 -0.003203739294014931 -4.2384309207757129e-05 -0.0038960556985308497 -0.0047464862643008532 0.00037697362838669306 -0.0066815144222670117 -0.0019562785234610376 0.0043243739500717073 -0.008039020333440592 0.0014681438758367142 0.0058838518946103657 0.0018090054230982938 -0.0061933275313491611 -0.0038099499956005534 0.0067162746301028288 -0.001601542286300084 -0.0029627042604547845 0.0029429853435819467 0.0050542894485994814 0.0033250424441672675 0.0094198511246569548 0.0048514589999597308 0.005824837180696563 0.0049012086341539557