C:/Users/vmc04/Desktop/Wing saga/Lab reared wings for landmarking/13/TLC/TLCMB/coord_Jul24_Format - {Aligned specimens} - 1 20 26 0	from C:/Users/vmc04/Desktop/Lab reared wings for landmarking/13/TLC/TLCMB/coord_Jul24.txt - TPS like internal (simplified) format - can be converted to other format by using TET	
-0.69480302118428816 -0.055159394513381817 0.22123227888550853 -0.076531158856360498 0.2412658728184256 -0.054811802922138685 -0.0086307812788038191 -0.083495565753976098 0.25058393441574772 -0.030629782351292347 0.24665734367286651 -0.0018996489293088374 0.21273605950569738 0.023946617857049757 0.016239693770934045 -0.0030958455530228192 0.13419995162420859 0.053653497020956932 0.049962088836802386 0.070004805897136591 -0.31778390516617749 -0.016581941563460954 -0.092623384374763015 0.087732069725796155 -0.2590361315261589 0.086868149942002676 
-0.70568898256320345 -0.054991001115250147 0.22116743765501842 -0.075776113919194352 0.24116713484756341 -0.049870964744866346 -0.024125466950106644 -0.093080926361170588 0.25108943793158733 -0.025152814196399687 0.25316063842119491 0.00063417038783451763 0.19020411192824985 0.031595463552647696 0.016758129298730187 -0.005406249319758861 0.13294624938442401 0.048026779580728297 0.05998618165176603 0.0665957636803442 -0.31483782154992396 -0.01991813571975971 -0.076873696732630115 0.089225910603486044 -0.2449533533226691 0.088118117571358734 
-0.69877399073838298 -0.058289522986632668 0.22290778600775452 -0.072683805678103952 0.24068996502211606 -0.054284464370553995 -0.017283762510065335 -0.082657903785781736 0.24973340244561823 -0.033577108399695625 0.24574127410965113 -0.0039278802828827441 0.20884102621700346 0.023964687534451544 0.004613358140636215 -0.0018317987330141307 0.14126812680416431 0.053359486492174618 0.052741212889279708 0.073166232360026798 -0.31792103589570408 -0.021677397740380619 -0.084051910330426693 0.090323478453297357 -0.24850545216164438 0.088115997137094754 
-0.68841384577402975 -0.053574854728137077 0.22852167754809019 -0.071403557889737498 0.23880705925546353 -0.054157587343920684 -0.017419886447072607 -0.085075320539958824 0.25159969997483522 -0.029081916942731999 0.24678841030961907 -0.0013457961901581262 0.20748594962307104 0.024188678158889879 0.018961927877201534 -0.00027884730656080412 0.14044736818394932 0.044911862842721841 0.054832591023317931 0.067118464041633422 -0.32400525166227501 -0.019941243669208655 -0.092753902322140466 0.091011710114404981 -0.26485179759002986 0.087628409452763581 
-0.70162272755862987 -0.062294098608327894 0.22423553572002944 -0.076994541182500445 0.23507524568632523 -0.058100787083508666 -0.016718132877173591 -0.093486039581878483 0.24763354409234839 -0.032367531681841921 0.24332768581842013 0.00055108645804736957 0.20832048408503129 0.02782061240705801 0.0068729121255393386 -0.0035108046222367146 0.14433052733190951 0.056280547467865205 0.050231751990722676 0.072064211773730416 -0.3140956815974934 -0.016994107470391411 -0.085185547058596905 0.094692736751275486 -0.24240559775843223 0.092338715372708602 
-0.68783504066292478 -0.045227549566376764 0.21991773637571804 -0.076256396120014724 0.24424418168720941 -0.05179734370893916 -0.024104325724809455 -0.079132655446794736 0.25764636808595243 -0.02354558811610561 0.24886902945227021 0.0045452904392413772 0.21084691360496485 0.022799505190324438 0.019091062007777285 -0.0022655323008380552 0.14645525878675406 0.046615049451454033 0.04752220090201123 0.066363423199699997 -0.3198441742084564 -0.021041432860333296 -0.092639218279684438 0.081221734983715904 -0.27016999202678277 0.077721494854966225 
-0.69886258686919889 -0.042518688379770853 0.22549492925835091 -0.064217081704381368 0.24494545913321178 -0.044206125694462084 -0.023777207420083674 -0.086331063857148449 0.25275670338695722 -0.022038737025161154 0.24659091502239289 0.0034127499980703205 0.20565561788905712 0.024887847559357652 0.0076490839327113605 -0.01042846049560885 0.14384542899716291 0.044905616993708763 0.05190825908764804 0.061012929452593241 -0.32183852142602615 -0.02439472253781132 -0.081828143703841547 0.077687481470968031 -0.25253993728834218 0.082228254219646371 
-0.69832168958305041 -0.059645929627046471 0.2200009238377342 -0.072876264421034093 0.23816321060022722 -0.055039695478709766 0.0013997634816903606 -0.081731930084285975 0.24782333732174933 -0.031412151350736474 0.24022181803231743 -0.0027401055878262903 0.20089396688597147 0.023906957797124789 0.021002847090067694 0.00043243908708444676 0.14509383093421896 0.047928611636424041 0.050944139079521111 0.068003459447988593 -0.33225932718389312 -0.019491666872337252 -0.086788544350912961 0.089793813452961627 -0.24817427614564219 0.09287246200039298 
-0.68769283381179769 -0.046781403006072406 0.22936771043886753 -0.076585670437853109 0.24870488511911051 -0.051881705709149684 -0.022702213587611958 -0.086365735401087537 0.25495629820870874 -0.028195228061224219 0.25176415964408938 0.00036822243857113847 0.21644395915562881 0.025786093481175332 0.00092899853305374199 -0.0058627508030935811 0.13598753366506319 0.052981917025886817 0.042321188964044347 0.069654623025697804 -0.30940947119360318 -0.018446961769044749 -0.095370775443444841 0.082148742785063372 -0.26529943969210784 0.083179856431130794 
-0.68989595980125251 -0.062950722099291839 0.21737330345477562 -0.078712433412666455 0.24218412382720009 -0.052825386300021926 -0.016751311750532506 -0.086097760140591062 0.25250983920389064 -0.027245832541725971 0.24591064097269572 -0.00081792894719222721 0.21154832483301061 0.025020612384839973 0.0093718416014319916 -0.0082545045675082515 0.14824142314805344 0.049037074925197252 0.051264065370695229 0.066300592557185289 -0.3142569588676058 -0.0090863957330710021 -0.090503821707821216 0.08865146609482101 -0.26699551028454194 0.096981217780024928 
-0.68039279985246615 -0.055191711604408215 0.2269953111289445 -0.078951891529016854 0.24332823761012415 -0.055805408578550458 -0.023945679966902899 -0.089736296938172769 0.25517945733080744 -0.023822960232915809 0.2518091308934472 -1.1431729031986101e-05 0.21113652434177668 0.023645376383397677 0.0064612268812327886 -0.0046562394246405835 0.14182452361620254 0.050490518276104013 0.048354835477220914 0.071688028553918842 -0.32363893479829797 -0.015057767797658061 -0.088010219859703753 0.086591220726732115 -0.26910161280238426 0.090818563894242907 
-0.6852322294521036 -0.059356872542728832 0.22284722717815122 -0.072067466962425705 0.24019567651234611 -0.048937979150312276 -0.030472785986874477 -0.089183311162009699 0.24864785716770241 -0.027587403704338452 0.24531260983720848 -0.0051243679614745193 0.21373200814982654 0.019786165776954242 0.0044479702194056923 -0.0035586453323468055 0.15257165447493429 0.048033867050035324 0.061608971410747282 0.074948237472582016 -0.3273810593107247 -0.021338808041004752 -0.087624186157425371 0.092523744684930895 -0.25865371404319454 0.091862839872138169 
-0.6942216023802078 -0.051567695844914885 0.22743229660837999 -0.074109832644680754 0.24686098262639503 -0.048524261277416159 -0.031278702667326221 -0.092782240947902356 0.25248486748227011 -0.026502829065572511 0.24762435522993467 0.0029067002081373788 0.21288647459481286 0.023388024221575279 0.0031859962254455814 -0.0081338759317265558 0.13453785390164158 0.049915541909573556 0.051536741314187735 0.071826282446727799 -0.31462351144261019 -0.021039540405318032 -0.084847934228957381 0.086481969348817869 -0.25157781726396605 0.088141757982699534 
-0.6790724287549853 -0.057626829435492022 0.22298367245673811 -0.079909691717697504 0.23635902401145728 -0.056762977504778329 -0.036883017793838284 -0.089640969323037945 0.24717534746568495 -0.028847495526145319 0.25157115363247373 4.4832267329546446e-05 0.22781910294874705 0.03102998616263998 0.013664177816857113 -0.0020789282726124156 0.14014160058982511 0.052033623436632752 0.059629086461301446 0.069757434830829967 -0.32617925732751146 -0.019349607962165564 -0.092323156008084814 0.092876119115423386 -0.26488530549866407 0.088474503929073772 
-0.69305249275035752 -0.060559597682978215 0.2255650963671873 -0.072326697597594011 0.24265666626842908 -0.051191071702998713 -0.02993873973179061 -0.086154279875448131 0.24904684906925725 -0.029522406639983245 0.24446975390748354 -0.0019965979445597977 0.2058715683486253 0.022762688340058599 0.0064297349168113138 -0.0021423005774016141 0.15337753301096121 0.047895479275784046 0.05403137839020393 0.070688430624249052 -0.32472956274323184 -0.018680712205537377 -0.086789612877220701 0.090342612354844865 -0.24693817217635761 0.090884453631564985 
-0.67857578195583057 -0.056859216828590284 0.22588665619703713 -0.084481180330620298 0.24725735304944155 -0.055634026092967699 -0.024548030672331494 -0.093182232184981978 0.25438751842496904 -0.03106968343270167 0.24923551247036357 -0.0029402580846718263 0.20731995210824525 0.025526351190905051 0.014648079618891729 -0.0029242212966644702 0.14241251867452637 0.054061466371191837 0.046079255227850745 0.078934085602652346 -0.32276801274804651 -0.01876454660872779 -0.096941029573472587 0.097116482243196994 -0.26439399082164494 0.090216979451980317 
-0.69666541946489335 -0.063164303591319929 0.22295749759610412 -0.074495628761518745 0.23763984566238999 -0.056022030995670449 -0.017733756205731963 -0.08608424844568667 0.24833831471519141 -0.032836364609448956 0.24536098736727818 -0.0030324228408725078 0.20614878122625602 0.02542732723918904 0.0088409509367490414 -0.0040241790853008871 0.14492363489800525 0.052446570973774684 0.053621475698595308 0.073227506997750283 -0.32325406767755882 -0.022188746503021932 -0.08705050744557187 0.09266954228931136 -0.24312773730681303 0.098076977332814216 
-0.69345929134603168 -0.063054034667233139 0.222735924959752 -0.075777721277031765 0.23864723093061227 -0.055834742535366459 -0.010160704853344703 -0.085001600565660418 0.24787330932966323 -0.029882760064467443 0.24417974848014581 -0.00037559100246335649 0.20686031210870601 0.023096904045657712 0.0044851871214770123 -0.001474761345017966 0.14609906239137704 0.048503213207650511 0.052657085786783304 0.07004690555948212 -0.33385859161235593 -0.022680954972299709 -0.085440108318985811 0.093455224895979294 -0.24061916497779798 0.098979918720770402 
-0.69757280027299085 -0.064979323017897106 0.22701714720769295 -0.078195997315128135 0.24641953733494049 -0.057470436542176449 -0.022399612279902753 -0.082195271162645897 0.25258531108828108 -0.034410883332459022 0.24764629654626799 -0.0064536347668899853 0.20460319047247644 0.023918028821470178 0.016147911368164663 0.00066565274299949036 0.13456078116225959 0.051806412076770267 0.037735006035883541 0.074863749500190466 -0.30807343795125869 -0.013765266801262931 -0.086940048945928411 0.091808189632187814 -0.25172928176588572 0.094408780164840389 
-0.69308399297989098 -0.066659403336350634 0.22133934881026704 -0.079834111408753849 0.23685428203079253 -0.055215153574035107 -0.029329490147700889 -0.08982274303184648 0.24824832425065033 -0.033608476255036622 0.24310841516756371 -0.0032225074589874439 0.20588603002749065 0.02520940400601434 0.021112241977949604 0.0020574262663561578 0.14651945809270356 0.054525967419369929 0.05133025310641693 0.076625380482546981 -0.33122389363967003 -0.022813423130280768 -0.079127279688895283 0.095074228953739279 -0.24163369700767789 0.09768341106726354 
