C:/Users/vmc04/Desktop/Wing saga/Lab reared wings for landmarking/13/TPN/TPNFC/coord_Jul24_Format - {translated and scaled (first one is consensus)} - 1 16 26 0	from C:/Users/vmc04/Desktop/Lab reared wings for landmarking/13/TPN/TPNFC/coord_Jul24.txt - TPS like internal (simplified) format - can be converted to other format by using TET	
-0.66133056435720683 -0.065157560130630857 0.23526455288519041 -0.080781562257332837 0.25237655521443553 -0.053922563401349807 -0.044777085233412166 -0.097967369396624079 0.25750956071312803 -0.02639455965430321 0.25029335493087534 0.0019512490040608662 0.21510155494065103 0.026652052366275603 -0.014124281061025288 -0.0061577568997177668 0.1475463457451964 0.05618945158683613 0.05090132779010615 0.08036885967807969 -0.3440889211750281 -0.027064754945528655 -0.10005688795796747 0.09666305709600724 -0.24461551243494392 0.095621456954227038
-0.65876980723807177 -0.068942024659477644 0.22296692159484849 -0.09238059593225148 0.24975386019230417 -0.060013045126992376 -0.060528178561558593 -0.093496718373812127 0.26091508460791085 -0.025413249438611972 0.25645059484166821 -0.001974678165838148 0.21850243182860585 0.025928382873178349 -0.0047220564835258093 -0.0030908006073987427 0.14707059556872359 0.059412056119998162 0.052200188036067637 0.083966749834332582 -0.34625552360108736 -0.026529371880172584 -0.10294083134086381 0.10182470889930305 -0.23464327944502153 0.1007085864577424
-0.6620716924068244 -0.0571906982238315 0.23591163017330483 -0.088556221780964103 0.25333692103837835 -0.057190698223831563 -0.051024826071574825 -0.10133476841535145 0.25914535132673638 -0.030471918897385229 0.25217523498070676 0.0008936046597473557 0.20803116478918685 0.024127325813179026 -0.005719069822383311 -0.0049148256286104643 0.14297674555957865 0.055492849370311542 0.051203547003524107 0.078726570523743086 -0.3402846544317974 -0.022340116493684191 -0.098653954436109276 0.098475233504159834 -0.24502639770272791 0.10428366379251781
-0.66479424257459341 -0.065808093372053234 0.23549580795958894 -0.083033030563395935 0.25272074515093168 -0.056621460203337019 -0.058476453439327759 -0.10025796775473872 0.26075904917355835 -0.022171585820651468 0.25157241600484243 0.0065366428315864903 0.21138089589170903 0.028354896607287388 -0.015988275034015516 -0.0049466486293087584 0.14822279285678563 0.054766466967346175 0.049466486293086934 0.081178037327405167 -0.34096542337734925 -0.030209889843278111 -0.09637131526028174 0.0961063162265689 -0.23302248364493455 0.096106316226568844
-0.67905815503965561 -0.056640047762244392 0.23180628652460147 -0.08438211197232337 0.24336547994546781 -0.062419644472677498 -0.069888661760006465 -0.094785386051102885 0.24914507665590091 -0.038145338288858466 0.24683323797172754 -0.0057795967104330862 0.21331157705121567 0.016182870789212739 0.0064020148177105158 -0.0034677580262598125 0.15667152928897127 0.047392693025551443 0.05726246586952196 0.078602515261890271 -0.31841132030862984 -0.0069355160525196909 -0.095318887285912146 0.10518866012988248 -0.24212064373091291 0.10518866012988247
-0.65651930792285451 -0.046177470596494526 0.23816918488422784 -0.080810573543865477 0.25086798929826382 -0.060030711775442905 -0.034277891635090166 -0.093509377957901541 0.257794609887738 -0.032324229417546216 0.24855911576843912 -0.0023088735298247452 0.21277157605615568 0.020779861768422541 0.00035521131228070165 -0.0011544367649123808 0.14927755398597578 0.050795217656144018 0.047687118673687641 0.076192826484216103 -0.34597581816142875 -0.019625425003510177 -0.10238966076491979 0.094663814722813849 -0.26631968138247564 0.093509377957901513
-0.67177308666465285 -0.064054344554502679 0.22641489811729187 -0.085881513078972793 0.24496799136309144 -0.059688910849608597 -0.048607425291031528 -0.095703738914984335 0.25369885877287945 -0.034587667046467971 0.25042478349420882 -0.001846914259762879 0.21550131385505672 0.023254329543377712 -0.0038617298158678277 -0.001846914259762879 0.15111116670786989 0.053812365477635918 0.047432116216637038 0.082187684559447041 -0.34218284194515436 -0.021491365931785984 -0.091170403913748227 0.099649419379023121 -0.23195564089658036 0.10619756993636409
-0.66089673054054965 -0.05975707076197443 0.23728956276538993 -0.081170783714963793 0.25632397427915837 -0.044291611407037655 -0.058933466417628713 -0.10020519522873197 0.25870327571837926 -0.021688247734437855 0.25037572068110564 0.0068633695362145287 0.21230689765356908 0.030656383928424839 -0.012537088352818516 -0.0097917405383327275 0.14925540951421171 0.054449398320635056 0.062410906982644121 0.07586311127362437 -0.3325531319280472 -0.026446850612879918 -0.10295054304321777 0.090138919908950635 -0.2587947873121953 0.08538031703050851
-0.64984214616170144 -0.083617713927430171 0.23641423598935757 -0.074113624038410819 0.25661042700352377 -0.046789365607480052 -0.034452325847695149 -0.097873848760959406 0.26136247194803347 -0.015901073468167 0.25185838205901406 0.01023517372663635 0.21265401126680894 0.033995398449184894 0.0059400561806370999 -0.0016449386346380011 0.14493737080754587 0.057755623171733328 0.043956415736714834 0.07913982542202698 -0.33977121353244355 -0.037285275718460735 -0.11998913484886982 0.089831926547173729 -0.26967855060092549 0.086267892838791368
-0.65311738468816194 -0.077394703564921549 0.23964687192691828 -0.07303443857534847 0.2527276668956373 -0.046872848637910254 -0.052490882374475516 -0.097015896018000203 0.25817799813260373 -0.021801324947865262 0.24836740190606424 0.0032701987421797966 0.21784554697905295 0.023981457442651653 -0.016518696210497924 -0.0043602649895730962 0.15244157213545734 0.056683444864449518 0.053245543622670741 0.083935101049280952 -0.34571870292326268 -0.035972186163977668 -0.10154386350717223 0.097015896018000106 -0.25306307189483551 0.091565564781033879
-0.65812778522742432 -0.07070355043234848 0.23683031366625013 -0.075310799332702016 0.25410749704257574 -0.052274554830934405 -0.053426367056022654 -0.10065066828464656 0.25986655816801768 -0.021175624753547968 0.25295568481748754 0.001860619748219711 0.21955313028992438 0.026048676475075711 -0.015416563628106049 -0.0062020658273989771 0.14929258455953276 0.054843982102285346 0.043325859851401437 0.081335663279318141 -0.34137942332811888 -0.029238310329166722 -0.10756154163517696 0.095157409980378804 -0.24001994752034106 0.096309222205467157
-0.65592892050718132 -0.085378121375447605 0.24130822328869045 -0.068097998606045623 0.25592986563203024 -0.04151319434542728 -0.017893618252339469 -0.1013290039318188 0.25858834605809239 -0.012269909658747032 0.24529594392778306 0.016973375027933228 0.21339417881504089 0.039570458649458892 -0.027198299743555913 -0.01094066944571611 0.14693216816349486 0.063496782484015468 0.047239152186175727 0.07678918461432474 -0.35286215193613135 -0.041513194345427253 -0.10695271252541108 0.084764625892510312 -0.24785217510668861 0.079447665040386584
-0.65617966300403319 -0.053115653609619354 0.23499362273858621 -0.084275558705515063 0.24870398098078034 -0.061840427036470171 -0.040459938309132144 -0.096739520743873389 0.25368956579612395 -0.03441971055208181 0.24995037718461646 -0.0082453902715294153 0.22128326449639241 0.02166811862053054 -0.023010391455430646 -0.0032598054561860184 0.14774588847007819 0.055320816124098116 0.051773380774719109 0.081495136404650587 -0.35829097028726947 -0.020709352309887678 -0.090315786462565703 0.10143747566602382 -0.23988333092286543 0.10268387186985962
-0.65542515399462198 -0.069149036789747959 0.23976154202620573 -0.077900862030175044 0.25226414951253007 -0.055396168554791257 -0.046548169410623071 -0.10040555550555909 0.25726519250705987 -0.031641214330774839 0.25226414951253023 0.00086556513366861404 0.21475632705355691 0.027121040854949867 -0.042797387164725816 -0.0091365208553908384 0.14599198587877285 0.059627820319393322 0.06347477646903163 0.087133556789307079 -0.34911127057967362 -0.029140692833509889 -0.096558599355920677 0.098385903526999011 -0.23533754245412161 0.099636164275631475
-0.66388624037953814 -0.043347568403118555 0.23668987700487859 -0.082846520919979044 0.25380608976218505 -0.055197254158176674 -0.027953104858085821 -0.098646101926723156 0.25643935326330924 -0.032814514398622437 0.24722293100937484 -0.0012153523851340493 0.21299050549476251 0.023800650875544088 -0.037169527112019984 -0.017014933391878283 0.14584228621609971 0.05539981288903241 0.054994695427320911 0.07646592089802462 -0.34789462024465523 -0.02228146039412637 -0.088518165383938557 0.098848660657578746 -0.24256408019969417 0.098848660657578705
-0.6643008672454993 -0.09667950121519317 0.23398811797174104 -0.070977384327718523 0.25326470563734688 -0.041419949907122722 -0.011467098303642462 -0.10181992459268814 0.25069449394859944 -0.013147621330900501 0.24426896472673046 0.013839601400947836 0.2172817419948822 0.039541718288422588 -0.0050415690817738655 -0.0067220921090318329 0.14017539133245818 0.06781404686464465 0.034796712093811848 0.084520422841503198 -0.35202014706268192 -0.046560373284617616 -0.10142450740980392 0.092231057907745648 -0.24021593860216731 0.079379999464008338
-0.66116028600488208 -0.044667898455860097 0.23559018172921975 -0.086320242585586071 0.25764142273907459 -0.0581436568507714 -0.038825261948975461 -0.093670656255537735 0.26009156062905864 -0.032417209005940674 0.25151607801411502 -0.0066907611611098814 0.21721414755434049 0.023935962463688724 -0.036375124058991577 -0.012816105886069559 0.13880973507485631 0.053337617143495344 0.053054908925420328 0.076613927098342249 -0.35121784292192082 -0.018941450611029271 -0.096403502363596794 0.099890237053189168 -0.22993601736771849 0.099890237053189168
