C:/Users/vmc04/Desktop/Wing saga/Lab reared wings for landmarking/13/TPN/TPNMC/coord_Jul24_Format - {Procrustes residues OP} - 1 19 26 0	from C:/Users/vmc04/Desktop/Lab reared wings for landmarking/13/TPN/TPNMC/coord_Jul24.txt - TPS like internal (simplified) format - can be converted to other format by using TET - Orthogonal projection of the preshape data to the Kendall tangent space
0.013432798763724829 -0.0038386675285108749 -0.0011608122075944909 -0.0039995947976362118 0.0011370154759722997 -0.00025060308717878466 -0.028014102949411115 -0.013813874509437865 1.8532957636878573e-05 0.0038579690364890038 -0.00016864758657969287 0.0021825446700772899 0.0090766130798344627 0.0032155308992221181 -0.017260420460058934 -0.0038378162842333734 0.013035865366539586 0.0020034286355962798 0.012827025834286481 0.0069789602280394712 -0.014481391142377472 -0.0063197502085017964 -0.0054927559157466358 0.0093860067499632535 0.017050278783773912 0.004435866196111235
-0.0054794017063638711 -0.0040863001281345752 -0.00059751787323628156 0.0022943601992779289 -0.0037354701454799539 -0.0054649362862344616 0.0045790416881302462 0.0062576826285933793 -0.0027409223758166315 -0.003912706759494562 0.00034202951185915422 0.0013941528766947158 0.0012984050545023816 0.00047564933270022238 0.0037140598489950366 0.0021012851848556374 0.00050670494480504666 -0.0010415158934064211 -0.0043602645289800308 -2.2248035891933408e-05 -0.002042620306511222 0.0010796784192005087 0.0019249003224649825 0.0017933846672699228 0.0065910555656310144 -0.00086848620542974431
-0.0070812791594069375 0.0029950674370396047 -0.0060326951299333629 -0.0026846819555102958 -0.0014234422122093933 -0.0010208315675809677 0.010793660396559275 0.0045912568132292532 -0.0034454702620256247 -0.0028809134431135659 -0.0043465667400508215 0.00052325769525104831 -0.0090739091698187613 0.0023856347473521591 0.021581821827318909 0.0063367108850455192 0.0031593503714309164 -3.2507422744145278e-05 -0.00086852266327748897 0.00061864502279476426 -0.0048943745957315057 -0.0058643123202971326 0.005399842407632232 0.0004317512458615082 -0.003768415070487083 -0.0053990771373273738
0.00045398837948310011 0.0019917827463654444 0.0055689097283905236 -0.00023133014285412249 0.00476335476406813 -0.0014372912845439811 -0.0010837972144518526 -0.00058522051305997754 0.0048071138874978174 0.0025836329593769249 -0.0017175631769045397 0.0019805349739853493 -0.0076224655721393256 -0.0017662892823409617 0.0079958167957320612 0.0015591803799027131 0.00020182685675186368 -0.0029944412458621041 -0.0069724093121837022 -0.0016811944601644007 2.3277342919582854e-05 0.0024202699737370073 -0.0077375068465299719 -0.0016876354749775992 0.0013194543673669683 -0.00015199862956417898
0.012875823689683522 -0.014298771100559746 -0.0017584391957399617 -0.013557325993204769 -0.00081254977105913546 -0.006786298066855251 -0.0046205921505547377 -0.0074831624288834164 -0.0043058292427884679 -0.0042027693329619543 0.0013748531146130357 -0.0018453137496893235 0.0019675680200368071 -0.0021657318067511118 -5.1503357308992904e-05 0.0045906741420655896 0.0071745512562173064 0.0064699898995174403 -0.00069508097245561565 0.012400046365346168 -0.0083093556655760709 -0.0017182519736814476 -0.0052849974077357979 0.013141524135564984 0.0024455516826672346 0.015455389910093126
-0.003466876046929324 0.00066144157099020057 -0.0011067640293034088 -0.0018741078814353989 -0.00086778909371294918 -0.0037085045586038694 0.0061418595705826501 0.0029057395557174756 0.002496640040330018 -0.0029534311747221693 -0.0021228554408293889 0.0012556556008345046 0.00036926960791926113 0.00055043475591703842 0.013186007470337673 -0.002408573451248936 -0.0053652063417840689 0.0039195142649875048 0.00047628167667668187 -0.0026605279008371191 0.016867805947263344 0.0066313952037654325 -0.0075955976230008991 -0.00017424014667254996 -0.019012775737550121 -0.0021447958386922872
-0.0006648740971516888 -0.00951587410714691 -0.0068225272789652659 -0.0021920316575161657 -0.0072936924499389412 -0.0021485848424256811 -0.0029080286008943872 -0.0032220525505922571 -0.0040702564409664799 -0.0022240936133934375 -0.0016290954403275892 -0.0028531876218485307 0.0088962731415783546 -0.0028125014283774262 0.0052305441074987991 0.0011608605892116214 0.0045123516429083164 0.0035370458498531409 0.00035234351371482629 0.0052702309503245915 0.0059347625374516167 0.0021656920571347807 0.0085244773433099785 0.0060026600239870163 -0.010062277978217522 0.0068318363507887114
-0.0022515298862257746 0.0095521581146069436 0.00182511580724841 0.0017778335052152415 -0.0031138126363680131 -0.00056559359001691074 0.015474175135501145 -0.0018465543201987506 -0.0035736815199586122 0.00073097746935138583 -0.0056189951777562671 0.0017919599044652183 -0.003440376109111457 -0.00078810472884667992 0.016764795497033323 0.0015034712153027753 0.0033068766505293407 -0.00060891785455831576 -0.00050943913623121857 0.00053722321368779378 0.00041482694655596607 -0.0026895252338046023 -0.0037076553475621603 -0.0024355332958869947 -0.015570300223652783 -0.0069593943993172952
-0.0037695062029954891 0.0062784910487196331 -0.00051976339836397236 0.0049672236950656264 0.00071560033828994797 0.007480561188078513 -0.0067155169801081183 0.0056471249130354449 -0.0024738262204898947 0.0028502841025760685 0.0036757083105718701 -0.00083945902539346259 -0.0001472182743135742 -0.0014974662276873276 0.010282841721520429 0.0025836003704102994 0.008508348306072569 -0.006418153065226917 -0.0020486127901879225 -0.007206131659530878 0.003117817830142961 0.00060104270012916567 -0.0062372972085108251 -0.0053556666728215583 -0.0043885754316284921 -0.0090914513673548136
-0.0088343301667063046 0.010651588118196414 -0.004457907629956505 0.0095992584512947128 -0.0043033029029354262 0.0085164500989429216 -0.0073920497620456214 0.0012130651767141851 0.0014225975719967966 0.012028850336860226 -0.0020193010651397406 0.00087017357673106321 0.0013106631728836079 -0.0017259851290551281 -0.0014129542914192892 -0.0051920511292160828 0.0049934788035711402 -0.0035267301959621832 0.018474911000648808 -0.0091427460146081985 -0.00051908106244073077 -0.0050927059384559149 0.00082821503671429489 -0.010260725552912487 0.0019090612948281928 -0.0079384417985298439
0.00014658094534732678 -0.0014933781269385058 0.00070942539919136103 -0.00055175911373809249 -0.00050457144021219058 0.0013230405324362962 -0.0091129966339685026 -0.00017856642496681013 0.0020235761375936049 -0.0001192829083372584 0.0082730229795744577 0.0014180535686997349 -0.0027154363446368793 0.00083490477953198771 0.0026809941831599294 -8.9928990645256199e-05 0.00033100911735872663 -0.0026282538240352642 -0.00089741734923849193 -0.0025787967743237691 0.010829475131230584 0.0068476574579918719 -0.00075676278127858503 -0.0028281155611902609 -0.011006899344121992 4.4425385515731164e-05
0.0027922287106796799 -0.00057323169672075834 -0.0010266891352994343 -0.0013859847678739153 0.0037235286718389137 -0.00057351655440415381 -0.013986291076281123 -0.0035449529448950698 0.003263617638178225 -0.00016519903511236022 0.0093286024038624557 -0.0020856599529478327 0.0011580021585782742 0.0026116845516634553 -0.0083382446477937525 0.00028304810361976971 -0.00084319379053190827 0.0028299637052350071 0.002459476766670082 0.00095136627028126399 0.012733315363947372 0.0037671692423610751 -0.0055942728735624767 -0.00026656669135106091 -0.0056700801902859008 -0.0018481202298554766
-0.00024454352068372428 -0.0074510844054134998 0.0010306119380883143 -0.0075147055436317724 0.0044818024056179212 -0.0022591299679673368 0.0059561251351029701 0.0029397055359668745 0.0016148354940901007 -0.0035032753418602551 -0.0017435387257085551 -0.0024570155092636121 0.0027432586050972598 0.0018123049289725068 -0.0029360019838187072 0.00095311218074683221 -0.0063629405152774172 0.0016793162438226866 -0.006943026402663712 0.00064839685571599381 0.0064835619223449223 0.0091433238901816091 -0.0013538233545079739 0.0031423343301499565 -0.0027263209976829427 0.0028667168025800632
0.0031534717878869386 0.0024994233066910187 0.0013396646630954795 0.00065361783636329134 0.0013699193021452895 0.0024121948562141329 -0.0084461034786003451 -0.0012244844748466972 0.0026468690419362258 0.0022829324492203264 -0.00038622683256196028 0.0028346696313524032 0.0041756989201243112 0.0016457839318722886 -0.0014723638394353972 0.0021854566776762932 -0.0016142566636359185 -0.0025512720948244285 0.0020420151010596055 -0.0057251715239235081 -0.0051200330300304724 -0.00079203951788841317 0.0051186025593459384 -0.003758209918605154 -0.0028072575313292923 -0.00046290115930200382
-0.0065866606394895839 -0.000456281123619563 0.0038109569384529997 0.0023056332838650071 -0.0028453117392189921 -0.001357589643865848 0.0020538198471803664 0.0041900204943456408 -0.001779553647805944 -0.0025412059457171213 -0.0018128142011591616 0.00030852598094572854 -0.00072946283355609844 0.00035594485772119026 -0.011548077939084155 0.0011590131198653188 -0.0032403809729997131 0.0015405376271463204 0.0073164433699092297 0.00087267707809521777 -0.00080274621106277057 -0.0050105819278916429 0.0086967479237308951 -0.00074270428767803391 0.0074670401051023074 -0.00062398951321245011
0.0024672779386279743 -0.0029568613064403933 -0.00068001045572734821 -0.00019884870515603432 0.00068408271755021404 -0.0013983542593552565 0.010242702922002023 0.0026929941160399569 0.002579995446170086 -0.0025577508026506089 -0.0026877387099982588 -0.00051367550077319863 8.0632524173833431e-05 -0.0026539367429073684 -0.00065410857923768476 -0.001136241442095051 -0.0060564123096014146 -0.0013697972776245159 -0.00069897336684801386 0.0018500033755433699 -0.011337476578905615 -0.0040926870430923676 0.000838994151476719 0.0060073680357949182 0.0052210343003168663 0.0063277875527164573
-0.0023101323729325263 0.0034115010240809113 0.0055234369667208471 0.0056494902651941046 0.0086345941629732276 0.00626440236584868 0.0025471155633159342 0.00096087357509913813 0.0033188103929404386 0.001811323719100838 0.0042130851751610611 -0.0028072514275412665 -0.00024844611316040578 -0.00061152245889626569 -0.020249526899416084 -0.0048181622903987337 -0.0082840677694792867 -0.0022840622726542073 -0.010076395781344036 -0.0021695883638733998 -0.0071973902405434442 -0.0010224762293475043 0.0068921769055648591 -0.0056895530714454823 0.017236740010199945 0.0013050251648333289
0.0010994917388469543 0.00067213119996211411 0.0060558144696749418 0.0037419358581357834 0.0033308367648396463 -0.0013056965013291707 0.0072713795652798096 -0.00013868446724282931 0.0010477468544874665 -0.003503860461265342 0.001408312221342951 0.00055308393556466524 -0.0032328458807026612 -9.6157326252012637e-05 -0.0073086948607201385 -0.0043125350372720979 -0.0037197589103104434 0.0012901394284674523 -0.0066808394773591809 0.0024396373878272266 -0.0069630860672997416 0.0030347035964801519 0.0017281815322855527 -0.0028866868303678095 0.0059634620496346272 0.0005119892172919388
-0.0065148984752885861 0.0052906272771273766 0.0019059128850665349 0.0019144638878662709 -5.2229231339905556e-05 0.0013468826597044428 0.016709983071079685 -0.00074439045304199427 0.0011559508339230723 0.0018734055975893724 -0.00043528030362036075 -0.0018270821139340059 -0.00053143322823662013 0.00054381203402541515 -0.010216797381018645 -0.0027001121309742152 -0.0080195534471406323 0.00094158304122953786 -0.0023993047489393763 -0.00025510369377571398 6.6466550363351081e-05 -0.0033129366225801028 0.0024090518697003427 -0.0023341091737593654 0.0059221316054510111 -0.00073704030947709109