C:/Users/vmc04/Desktop/Wing saga/Lab reared wings for landmarking/13/TPN/TPNMB/coord_Jul24_Format - {translated and scaled (first one is consensus)} - 1 20 26 0	from C:/Users/vmc04/Desktop/Lab reared wings for landmarking/13/TPN/TPNMB/coord_Jul24.txt - TPS like internal (simplified) format - can be converted to other format by using TET	
-0.68878619618235659 -0.044625596545393824 0.2252331245044161 -0.078861849662820699 0.24307143114488761 -0.055483696239593872 -0.02516795007611683 -0.087448612176091123 0.25165819365815806 -0.032271738219849855 0.24711551929629896 -0.0053480828556598014 0.20938916270573643 0.020523001619806795 0.0080711306204140857 -0.0037969257564882579 0.1436865798622603 0.046615679966583702 0.051115740122421663 0.069273653308052144 -0.33013651546678791 -0.015541400935929175 -0.086272460089906217 0.091987025117348326 -0.2489777600994251 0.094978542380036085
-0.69183122488900539 -0.041724062727052189 0.23372329182627927 -0.072910015155485272 0.24708870000989361 -0.050634334849461574 -0.029129735784800246 -0.090730559400304236 0.2526576200863998 -0.02278973446693203 0.24486113197929124 0.00059972985439298737 0.20365112341314739 0.022875410160416654 0.010966488766042472 -0.0083105422680165263 0.13905165052567889 0.046264874481741609 0.05551784937808988 0.060744066680657016 -0.32428249983961421 -0.013879462344522421 -0.088160288595763095 0.083019746986680701 -0.25411410687563968 0.087474883047885338
-0.6920201052122521 -0.052462327490584014 0.22933276378337064 -0.086156190291180573 0.24327505183878992 -0.061757186194196921 -0.035570709269595373 -0.091965476980938668 0.24908433852854794 -0.037358182097213158 0.24443690917674152 -0.010635463324326272 0.20725747436229014 0.020734684800367109 0.0085798695725657521 -0.0025024619586650693 0.13522231940929078 0.048619260911205567 0.050406733738823588 0.075341979684092536 -0.32603504375749659 -0.012959178000229483 -0.079721288111756383 0.10322655579493113 -0.23424831405931981 0.10787398514673745
-0.69152155594292775 -0.061753762063903213 0.22660271686210526 -0.076309390779104966 0.24339767307195342 -0.049437460843347811 -0.014124988812385135 -0.090865019494306698 0.25011565555589271 -0.022565530907590815 0.24787632806124615 0.00094740778619661133 0.20644876941028734 0.028939001469276873 0.0037896311447862385 -0.0080099021923891386 0.14038860831821803 0.052451940163064301 0.049695844785037947 0.073725551362205308 -0.32763083806288418 -0.023685194654914043 -0.088022796135717035 0.089400843824730222 -0.24701504825561299 0.087161516330083816
-0.6987298785662287 -0.03363437570862076 0.21593092646531856 -0.084130078872219335 0.23773588919505417 -0.061177486525129075 -0.0078568489188116358 -0.08642533810692829 0.25035981498595383 -0.034782005325975203 0.24576929651653578 -0.0095341537441759883 0.20330700067441884 0.018008957072332396 0.019686261897696632 -0.0015007464226943297 0.13674448286785701 0.047847327123549735 0.052967520800977386 0.06965228985328549 -0.33148840101278448 -0.015272301830948522 -0.081305144429500709 0.093752511817730186 -0.24312092047648698 0.097195400669793763
-0.68602233837841353 -0.02442569514150918 0.21926509777692518 -0.09382055087467113 0.24134527914656759 -0.068586057880793971 -0.024668334497219412 -0.09171767645851471 0.25080821401927145 -0.046505876511151616 0.24870533960311506 -0.01706563468496183 0.20875072569614309 0.01447748155738458 0.013183404993596026 0.00080879785236785836 0.14040730717105948 0.047072035007809092 0.047880832860176893 0.07335796520976437 -0.33168799925605685 -0.0065512626041796408 -0.084600255357677567 0.10279820703595426 -0.24336727377748721 0.11015826749250175
-0.69587301040939076 -0.044849185284526714 0.22282464942418029 -0.07872295374766404 0.24232772823628973 -0.059219874935554695 -0.012238774153347891 -0.077696475915447691 0.25053955089401975 -0.034584406962363874 0.24438068390072218 -0.0068695054925243621 0.20640100410871981 0.01981891814509891 0.016502605148707803 0.0033952728296384434 0.14481233417574285 0.043427908286073423 0.040111595289682313 0.06293098709818272 -0.32736746864374616 -0.015081328150254548 -0.083065744576271527 0.092698844232454891 -0.24935515339530898 0.094751799896887381
-0.691161447508574 -0.072561924586761389 0.23081255408753745 -0.06900675491479695 0.2414780631034309 -0.047675736883010307 -0.021604492621937737 -0.090337772946583628 0.24740334589003829 -0.023974605736580706 0.24029300654610955 0.0032816950818133346 0.20474130982646516 0.024612713113600009 0.0056518081964563368 -0.0050137008194370255 0.14430342540306967 0.047128787702708112 0.057794296718601527 0.072014975406459181 -0.33445942375480842 -0.026344718851223598 -0.082042377045333098 0.092160936880924402 -0.24321006884105445 0.095716106552888786
-0.69753193358469856 -0.047973427633543328 0.22631869235291452 -0.071235853466504753 0.2451501799319786 -0.047973427633543328 -0.031783460936610206 -0.085636402791671382 0.25179658731282473 -0.028034205491004858 0.24736564905892733 -0.00034084140414589154 0.20637947021037625 0.021813849865341177 0.012525921602363911 -0.0014485759676202477 0.1388076618384404 0.043968541134828329 0.055727569577863817 0.066123232404315418 -0.32533312025731476 -0.020280063546684334 -0.088277923673802577 0.087170189110328256 -0.24114529343326385 0.08384698541990529
-0.69694315945672414 -0.041827960275051 0.21848002551434412 -0.080894462978545273 0.24065290542713821 -0.059777434490169985 -0.023309950677552711 -0.08722957152505785 0.24593216254923206 -0.037604554577376006 0.2417087568515571 -0.008040714693650584 0.20792151127015659 0.019411422341237244 0.019979957723616572 -0.0027614575715567344 0.14562627722944943 0.04791941080054387 0.050599649031760813 0.070092290713337932 -0.33161856660783179 -0.01543167466458196 -0.079270076171747222 0.095432724899388255 -0.23975949268339944 0.100711982021482
-0.68878891095019823 -0.055829892542246309 0.22488875353925547 -0.078376579915076475 0.24314083379345125 -0.052608937203270562 -0.015609245104267096 -0.091260401270979521 0.25280369981037837 -0.030062249830440278 0.24528813735276842 -0.0021473035593171492 0.20556302150540084 0.021473035593171597 0.0080110940482217719 -0.0053682588982928957 0.14436487006486159 0.047240678304977607 0.049883513454906429 0.070861017457466424 -0.32052635052730449 -0.018252080254195942 -0.090764869680367927 0.094481356609955255 -0.25825454730710679 0.099849615508248085
-0.68515054998196268 -0.031207341828372835 0.22982215298607564 -0.072208477102883972 0.24384885715893473 -0.053865863953760633 -0.028053408345718105 -0.080840295055412709 0.25032272062333116 -0.032286319072438979 0.24708578889113292 -0.0096277969470511815 0.2104005625928862 0.015188679666468675 0.0053948862203304906 -0.0031539334826547151 0.14889885968111943 0.04216311076812073 0.05718579393550241 0.063742655649442384 -0.33664090014861781 -0.0096277969470512422 -0.087397156769352544 0.083164246042631881 -0.25571760684366163 0.08855913226296222
-0.68318670873510146 -0.047936962394451027 0.22727559830276939 -0.081084861922528881 0.2471643380196161 -0.051251752347258747 -0.037907597921853095 -0.088819371812413714 0.25600377789377032 -0.029153152661873592 0.25047912797242411 0.00067995691339645006 0.21180657852299986 0.023883486583051006 0.0018698815118402966 -0.0059496229922191149 0.148825569419652 0.048191946236974682 0.047172010866880026 0.069185615938090639 -0.31966474391051464 -0.015893992850642448 -0.090944237166777728 0.089074355654937376 -0.25889359477570534 0.089074355654937362
-0.68827573080374327 -0.049654686827056337 0.21976356610060835 -0.08259942322267913 0.23829498032314625 -0.060979439963051656 -0.039676233014920646 -0.07333371611141018 0.24961973345914146 -0.038329933691061024 0.24859021044677823 -0.011562335369617606 0.21358642802642908 0.015205262951825876 0.0025342104919710146 0.0018214637911041316 0.15696266234645256 0.046090953322722221 0.061217022196673958 0.072858551644165701 -0.32897219948898293 -0.0033261512707119358 -0.086004768571265142 0.091389965866703518 -0.24763988151228933 0.09241948887906673
-0.68907523763960699 -0.00049390173525711478 0.2215972452187103 -0.09038401755205934 0.23764905161456781 -0.066841368171468338 -0.026670693703886344 -0.090384017552059284 0.2483502558784727 -0.047579200496439308 0.24513989459930108 -0.018685948983895764 0.20661555924924313 0.010207302528647894 0.024695086762857671 -0.0047743834408192432 0.14775893579776536 0.038030433614800907 0.054658458701791868 0.065853564700953923 -0.32737453351961726 -0.0004939017352572669 -0.093018160140097506 0.097957177492668912 -0.25032586281950114 0.10758826133018352
-0.68827354022668141 -0.04736913559715631 0.22413495993387794 -0.074053748650221046 0.24568791663058409 -0.04736913559715631 -0.034500520426595495 -0.090475048990568629 0.25287223552948612 -0.027868841442993619 0.25081957298694291 -0.0011842283899288859 0.21284531594988915 0.022421390849320648 0.007579061695544986 -0.0052895534750157973 0.1420284582321403 0.045000678817298585 0.050684975088957293 0.066553635514004728 -0.32495227019649253 -0.018631860001548105 -0.084790752718909915 0.087080260939439158 -0.25413541247874372 0.09118558602452613
-0.69158790086186528 -0.027216557898891654 0.22978437006131686 -0.074945301662930383 0.24534809085393816 -0.054193673939435277 -0.023385488165323345 -0.090509022455551702 0.2526111605571616 -0.03447962760211494 0.25053599778481206 -0.0095776743339208246 0.20903274233782174 0.016361860320448122 0.009817116192268811 -0.0064649301753965296 0.13432688253323946 0.041263813588642152 0.047170046094559985 0.06512818547066157 -0.32843441570070137 -0.01061525572009552 -0.092903441039031961 0.090030138738855625 -0.24231516064819658 0.095218045669729426
-0.67918820264509816 -0.03492916589488939 0.22430091620934101 -0.080453811418562685 0.24064309665373654 -0.053605943545627151 -0.018497193250249882 -0.094461394656615932 0.25581797849496096 -0.025590777069520509 0.24881418687593432 0.0047589866129283511 0.20912603436811658 0.022268465660495 0.0141871676385412 -0.0069139994187826835 0.14492461119370548 0.04444713912074609 0.049206125733674465 0.066625812580997215 -0.3418389063286475 -0.023256179863178256 -0.089702408043687731 0.088804486041248354 -0.25779340690032754 0.092306381850761648
-0.6751049161138778 -0.052510200165506983 0.22950262310099179 -0.079958713888385699 0.2485972413429946 -0.059670682006257934 -0.041402273207419134 -0.082345541168635947 0.25814455046399587 -0.036995822843879846 0.25217748226336983 -0.011934136401251598 0.21876190033986551 0.020288031882127706 -0.0079866912839144533 -0.0023868272802502655 0.14357684101198054 0.0489299592451315 0.037363027040841608 0.073991645687759747 -0.33498202867820775 -0.010740722761126474 -0.081978336971674309 0.094279677569887435 -0.24666941930894606 0.099053332130388125
-0.67518251941043661 -0.04704179373894872 0.22117230443392877 -0.081564400434467665 0.2433654087381909 -0.058138345891079857 -0.015554141478200733 -0.086496201390970362 0.25322901065119618 -0.034712291347692006 0.25199606041207051 -0.0063544358478014994 0.21624050347742599 0.025702270369465964 -0.011855290760823851 -0.0063544358478015697 0.14842824032551383 0.05406012586935649 0.051025171434585619 0.072554379456241602 -0.34228595484650465 -0.016218037760806946 -0.085832305108364371 0.091048633043126714 -0.25474648786858184 0.093514533521378021
-0.67786920630609948 -0.086639919647390914 0.22789444210881385 -0.065575648754020971 0.24276333921001611 -0.042033228343783764 -0.01992050957789291 -0.087878994405824459 0.2526759372774845 -0.016012658416679624 0.24276333921001611 0.010007911510424657 0.21798184404134544 0.029833107645361189 -0.010007911510424709 -0.0073391351076447465 0.14611550805220058 0.054614602814031826 0.055663050686552626 0.075678873707401936 -0.33712364773687759 -0.039555078826916626 -0.085591471774870115 0.091786845567037909 -0.2553447136802644 0.083113322258003206
