C:/Users/vmc04/Desktop/Wing saga/Lab reared wings for landmarking/13/TPN/TPNMC/coord_Jul24_Format - {Aligned specimens} - 1 19 26 0	from C:/Users/vmc04/Desktop/Lab reared wings for landmarking/13/TPN/TPNMC/coord_Jul24.txt - TPS like internal (simplified) format - can be converted to other format by using TET	
-0.66879234682899247 -0.046009085209553956 0.22703966808564 -0.085401619847924645 0.24717537287405852 -0.059313051801169123 -0.060266399257369152 -0.10131881312632804 0.25353491940934247 -0.030632705352185846 0.24830242789474671 -0.0051685894729428718 0.22007769943285002 0.023079143960985583 -0.018003683551759467 -0.008845312639897282 0.15378868656940345 0.049814194225259699 0.063331447027827864 0.078204832101505861 -0.34325413582603265 -0.020515139904100997 -0.094038282622681491 0.1033782644859861 -0.22889537320703357 0.1027278825803654 
-0.6885255835583064 -0.046307468565297501 0.22787759443833369 -0.079205629598531765 0.24259898658856455 -0.064598464778309911 -0.027712069232398402 -0.081352565398144672 0.25108056298191622 -0.038444889577551079 0.24911213202796542 -0.0059658281224063726 0.21255342450240733 0.02036316762086627 0.0029699022638089291 -0.0029122375333698073 0.14142891769024446 0.046826788431649564 0.04620493712878046 0.071289341908479409 -0.33121103252920991 -0.013132794976302174 -0.086727188108980099 0.095898759095320696 -0.23965058419312629 0.097541821493598108 
-0.68987437131919682 -0.039210456754088428 0.22235776010078931 -0.084154473491655682 0.24481974000266218 -0.060132449262232171 -0.021485485670729162 -0.082986528912581528 0.25028196640134698 -0.037400301021622617 0.24433135877494572 -0.0068339962037288413 0.20210283377313185 0.022265784096177112 0.020837939975486049 0.0013250458317262989 0.14402934708757562 0.047818060218135318 0.049677943026606712 0.07190381182210584 -0.33394081976213252 -0.020071519555748027 -0.0832193976888599 0.094502256728185435 -0.24991881470162555 0.092974766505327752 
-0.68256539661000348 -0.040227729294973313 0.23403505863994176 -0.081728122581429863 0.25108814745089203 -0.060568499885122147 -0.033373641309279868 -0.088192031466539325 0.25861864147134622 -0.031947195112576238 0.24704277973817121 -0.0053791572827089273 0.20362426604421091 0.018120448790509756 0.0072516884048947168 -0.0034541456507746998 0.14111851102557044 0.044871985138285823 0.043590808601593034 0.069627597830229773 -0.3291322211399742 -0.011791645846443754 -0.096386117331851831 0.092414047066869967 -0.24491252498551025 0.098254448294673141 
-0.66974686316782839 -0.056493762020056647 0.22657501641824981 -0.095006785038273936 0.24536917730552674 -0.065883163220514088 -0.036891682281563157 -0.095039091285869945 0.24935828443000724 -0.038713541876049133 0.249990715850191 -0.0092007314920223657 0.21309160738831967 0.017709456034850031 -0.0007951995578614297 -0.000419740145380144 0.14800939091724835 0.054308615430061213 0.049838769789328316 0.083667422459777763 -0.33727368040692307 -0.015921913503308308 -0.093882120718675049 0.10718855235500178 -0.24364341596602065 0.1138046823017842 
-0.68623811107839594 -0.041542731564351267 0.22727638011472981 -0.083341291459608599 0.2453675105445858 -0.062818230010600343 -0.026136253197678816 -0.084669242686984225 0.25621595454604473 -0.037471713741050218 0.24654710955817546 -0.0061013627825193166 0.21153925249834096 0.020429947714332673 0.012442149431166775 -0.0074200780744064576 0.13550028093565886 0.051768550144621464 0.051021129305980684 0.068622356964083919 -0.31216810599837314 -0.0075753572398089431 -0.096212000898024064 0.093893254011820818 -0.26515529576221142 0.096225898724470404 
-0.68355858516725387 -0.051727617860104186 0.2216015844122502 -0.083673828882854767 0.23898577706916985 -0.061268913443246746 -0.035191931442292566 -0.090812744062165177 0.24969457043400389 -0.036748568096270265 0.24708547617166571 -0.01021152571291927 0.22010413586884167 0.017070577532635012 0.0044865526344905213 -0.0038515430015683685 0.1454031074817331 0.051394664927000955 0.050906257917354703 0.076565902594935259 -0.32316017212764958 -0.012043608804814426 -0.080107822011504459 0.10008702808322162 -0.25624895124080921 0.10522017672614989 
-0.68504102293076363 -0.032653143604226657 0.23021436715412943 -0.079691528590192282 0.243128071589987 -0.059676899697560314 -0.01680480078307274 -0.08942387840902466 0.25015241770415508 -0.033788228151759803 0.2430576195147893 -0.0055652552132132429 0.20773525368632034 0.019091939828424935 0.01602091756632467 -0.0035081674207015387 0.14417613081763606 0.047241397558069581 0.050036760114877177 0.071822014257101482 -0.32862988376164248 -0.016896657580717761 -0.092326428317391282 0.091634476325253039 -0.26171940235534702 0.091413930698547197 
-0.68667002117088805 -0.035933673273918401 0.22790662415845642 -0.076515385360593144 0.24699752362188848 -0.051640356448293206 -0.038999741476797092 -0.081944439293808763 0.25129352899808199 -0.031674534359154051 0.25239275794878918 -0.008197870430040631 0.21106274878732453 0.018385810835071868 0.0095388428358769827 -0.002428853160618318 0.14940050788648529 0.041439942833340446 0.048505805298961049 0.064090250327633699 -0.32598039571754645 -0.013608399733823377 -0.09487047963648286 0.088729638780349437 -0.25057770153414999 0.089297869283854345 
-0.69153234702797872 -0.031548059178660673 0.22390074544728963 -0.071859188850646516 0.24190559126138939 -0.050586936618033353 -0.03966670113030521 -0.086352525809259617 0.25511470404228481 -0.022485730600930939 0.24662399737428364 -0.0064860558638605596 0.21245800088003766 0.018151396014942308 -0.0021567325616694711 -0.010203018334890847 0.14584386012356768 0.044317174508436349 0.069014338364618982 0.062132494705205113 -0.32951970826530419 -0.019297934896029489 -0.087778685302971116 0.083796681112957225 -0.24420706320524371 0.090421703810770804 
-0.68282846014914789 -0.043710149136837018 0.2291607415268728 -0.082043260508918206 0.2458042290200648 -0.05780432907299396 -0.041400744364495159 -0.087779689652283749 0.25581862543111217 -0.034647869123840012 0.25701721554406481 -0.0059411608722432299 0.20851758042980706 0.020720351739064103 0.0019369141036179153 -0.0051029295394872378 0.14123854450536283 0.045235064912172017 0.049662517831903015 0.068725365911601208 -0.31830465347961939 -0.0073633356772452264 -0.089399617903340098 0.091267457585783834 -0.25722289249620323 0.098444483435227992 
-0.68011929823194928 -0.042786076703114191 0.22740338186523459 -0.082869907754936634 0.25000942332499687 -0.05969538753322786 -0.046271036165731042 -0.091137929591869352 0.25703506493113487 -0.034690574219850223 0.25804966267877888 -0.0094441900141763232 0.21237137504400824 0.022495282238202973 -0.0090822555306414084 -0.0047294862547188898 0.14005123771802827 0.050688831329890452 0.05301471006090764 0.072248897932896419 -0.31637020499071306 -0.010442502323094039 -0.094228884538069449 0.093820255915466819 -0.25186317616598447 0.096542786978530887 
-0.68322460516884465 -0.049668165751051527 0.22948360741277898 -0.089006805983332452 0.25079241348337966 -0.061386934219049859 -0.026331859942852909 -0.084662061647737735 0.25541175043655395 -0.038032115377209519 0.24700248235884864 -0.0098162840478365279 0.21397782815472752 0.021697898066545724 -0.0036800875330978947 -0.0040599252186925613 0.13454563068487319 0.049542986823576031 0.043617280444867713 0.071953083698972978 -0.32265298615547899 -0.0050677737101521396 -0.089997330090734629 0.097238599174252455 -0.24894412408502195 0.10126749819171532 
-0.67989624327254106 -0.039721963528868018 0.22981595881306374 -0.080846793538293146 0.24770565025602423 -0.056721639517206081 -0.040737381432091241 -0.088835185685102874 0.25646966734782639 -0.032249428994241901 0.248385162502299 -0.0045253494388894202 0.2154318111316624 0.021533405092655493 -0.0022165252739423332 -0.002828091974111888 0.13930868503333135 0.045317279839695634 0.052607478318586212 0.065586787295527416 -0.33429014794964501 -0.01500458643057476 -0.083533944444768762 0.090347651290451456 -0.24905017102980459 0.097947915588957726 
-0.68956770799563483 -0.042673423398875449 0.23226428212692934 -0.07918658476895292 0.24346565482525401 -0.060485479230893036 -0.030234211830268639 -0.083411873120225979 0.25201772758594443 -0.037070095814663619 0.24693356588500412 -0.0070507531788592901 0.21050541157944205 0.020241566695089655 -0.012292164562261555 -0.0038540315146183574 0.13766839359282948 0.049404277285932718 0.057876823188382179 0.072177466831529355 -0.329939769313769 -0.019221700038329795 -0.079946886746848814 0.093353696360446825 -0.23875111833500315 0.097776933892419801 
-0.68051975965392852 -0.045174373856484748 0.22777531843319151 -0.081691781503505631 0.24699720960686108 -0.060526762440622342 -0.022045611944773762 -0.084909667830324859 0.25637950266513776 -0.037086943514866529 0.24606082306133617 -0.0078730192067646074 0.21131735961938175 0.017231859505707867 -0.0013982017285914699 -0.006149330044596021 0.13485359812781647 0.04649436218068223 0.04986184990262453 0.073155418523414908 -0.34047738645070696 -0.018303929795286656 -0.087805417987716627 0.10010459397722403 -0.24099928365063225 0.10472957400542242 
-0.68501196498338945 -0.038788382135874912 0.23388336639064258 -0.075809412325903061 0.25484486444289223 -0.05283931469293919 -0.029727716195059921 -0.086605206834198215 0.25701233480414004 -0.032703450128265012 0.25285777333659887 -0.010163521983715177 0.21090007174284678 0.019265969784150846 -0.020993309326806403 -0.0098291575034699721 0.13256710079423906 0.045560109841837573 0.040463314058587684 0.069106050728917318 -0.33619985630018395 -0.015227784583066185 -0.081715218677550813 0.088368379301931657 -0.22888076008695615 0.09966572053059454 
-0.68190945630340716 -0.041546735701825634 0.2345184722809836 -0.077753611260408056 0.24965186546059706 -0.06043600154145571 -0.02501797112129894 -0.087744156735930473 0.25485539604545482 -0.038034160881385476 0.2501648539286791 -0.0068064958606029874 0.20801065775846367 0.019790276865273435 -0.008052811880827862 -0.0093257844613108248 0.13719477196677268 0.049155834384815009 0.043881605800019707 0.073747340036962733 -0.33611355485609629 -0.011176995057074375 -0.086919074348920822 0.09121355778114168 -0.24026475473041972 0.098916932431800872 
-0.68944809180021216 -0.036923556994458637 0.23034323116881456 -0.079572044297654271 0.24624147920755279 -0.057776864048270198 -0.015575786299850037 -0.088340146117273213 0.25493544940288776 -0.032653064955945325 0.24829367101627631 -0.0091858456354558735 0.21068864071509341 0.020428040557228057 -0.010960831868716391 -0.0077128055194088498 0.13287934814648297 0.048801969059529292 0.04815753248514739 0.071044689988906048 -0.32904749510218873 -0.017523059010966548 -0.086228371859481262 0.091755698477221675 -0.24027877521180641 0.097656988496547859 
