TPS like internal (simplified) format - can be converted to other format by using TET

LM=18
787.000	519.000
983.000	506.000
1273.000	560.000
1290.000	581.000
1299.000	604.000
1293.000	629.000
1255.000	650.000
1200.000	672.000
1112.000	692.000
994.000	706.000
795.000	605.000
908.000	602.000
908.000	585.000
957.000	591.000
957.000	572.000
957.000	549.000
1070.000	549.000
1099.000	623.000
IMAGE=C:/Users/vmc04/Desktop/Lab reared wings for landmarking/18/RMO/RMOFC/RMO 084-1.gif
ID=1 : RMO 084 18
COMMENT=FC-18
VARIABLES=NA
SCALE=NA

LM=18
607.000	460.000
815.000	413.000
1058.000	437.000
1079.000	457.000
1088.000	482.000
1087.000	506.000
1059.000	532.000
1012.000	560.000
946.000	589.000
831.000	619.000
631.000	535.000
731.000	526.000
730.000	504.000
777.000	508.000
775.000	486.000
774.000	466.000
858.000	452.000
891.000	524.000
IMAGE=C:/Users/vmc04/Desktop/Lab reared wings for landmarking/18/RMO/RMOFC/RMO 122-1.gif
ID=2 : RMO 122 18
COMMENT=FC-18
VARIABLES=NA
SCALE=NA

LM=18
573.000	436.000
782.000	395.000
1056.000	426.000
1067.000	443.000
1075.000	468.000
1069.000	491.000
1036.000	522.000
996.000	546.000
923.000	575.000
808.000	606.000
579.000	525.000
705.000	513.000
703.000	490.000
753.000	494.000
750.000	468.000
747.000	446.000
819.000	433.000
876.000	513.000
IMAGE=C:/Users/vmc04/Desktop/Lab reared wings for landmarking/18/RMO/RMOFC/RMO 171.gif
ID=3 : RMO 171 18
COMMENT=FC-18
VARIABLES=NA
SCALE=NA

LM=18
674.000	375.000
858.000	373.000
1125.000	458.000
1137.000	484.000
1137.000	501.000
1128.000	521.000
1095.000	538.000
1047.000	552.000
962.000	567.000
842.000	573.000
661.000	458.000
775.000	469.000
778.000	448.000
828.000	462.000
829.000	436.000
831.000	414.000
911.000	414.000
936.000	504.000
IMAGE=C:/Users/vmc04/Desktop/Lab reared wings for landmarking/18/RMO/RMOFC/RMO 178.gif
ID=4 : RMO 178 18
COMMENT=FC-18
VARIABLES=NA
SCALE=NA

LM=18
627.000	436.000
829.000	422.000
1112.000	484.000
1124.000	504.000
1131.000	527.000
1124.000	553.000
1092.000	578.000
1028.000	604.000
947.000	623.000
825.000	642.000
634.000	523.000
745.000	530.000
747.000	503.000
789.000	518.000
789.000	490.000
791.000	464.000
869.000	459.000
899.000	544.000
IMAGE=C:/Users/vmc04/Desktop/Lab reared wings for landmarking/18/RMO/RMOFC/RMO 217.gif
ID=5 : RMO 217 18
COMMENT=FC-18
VARIABLES=NA
SCALE=NA

LM=18
503.000	395.000
731.000	382.000
1007.000	454.000
1022.000	474.000
1030.000	502.000
1024.000	527.000
994.000	546.000
933.000	570.000
844.000	587.000
725.000	603.000
509.000	476.000
635.000	489.000
636.000	461.000
687.000	476.000
688.000	451.000
688.000	427.000
786.000	427.000
819.000	515.000
IMAGE=C:/Users/vmc04/Desktop/Lab reared wings for landmarking/18/RMO/RMOFC/RMO 258-1.gif
ID=6 : RMO 258 18
COMMENT=FC-18
VARIABLES=NA
SCALE=NA

LM=18
680.000	367.000
891.000	384.000
1138.000	484.000
1151.000	510.000
1152.000	532.000
1143.000	550.000
1105.000	565.000
1051.000	578.000
976.000	587.000
860.000	582.000
675.000	449.000
783.000	470.000
788.000	446.000
834.000	467.000
838.000	441.000
843.000	420.000
921.000	431.000
952.000	515.000
IMAGE=C:/Users/vmc04/Desktop/Lab reared wings for landmarking/18/RMO/RMOFC/RMO 266.gif
ID=7 : RMO 266 18
COMMENT=FC-18
VARIABLES=NA
SCALE=NA

LM=18
476.000	573.000
671.000	582.000
910.000	657.000
919.000	677.000
924.000	694.000
913.000	714.000
882.000	728.000
821.000	743.000
749.000	755.000
637.000	763.000
469.000	661.000
570.000	665.000
569.000	643.000
608.000	656.000
610.000	635.000
613.000	616.000
709.000	623.000
725.000	694.000
IMAGE=C:/Users/vmc04/Desktop/Lab reared wings for landmarking/18/RMO/RMOFC/RMO 308-1.gif
ID=8 : RMO 308 18
COMMENT=FC-18
VARIABLES=NA
SCALE=NA

LM=18
642.000	382.000
833.000	415.000
1079.000	552.000
1087.000	575.000
1085.000	599.000
1074.000	621.000
1041.000	637.000
975.000	652.000
895.000	649.000
765.000	633.000
620.000	477.000
727.000	511.000
738.000	484.000
782.000	514.000
793.000	486.000
802.000	462.000
874.000	473.000
877.000	568.000
IMAGE=C:/Users/vmc04/Desktop/Lab reared wings for landmarking/18/RMO/RMOFC/RMO 348.gif
ID=9 : RMO 348 18
COMMENT=FC-18
VARIABLES=NA
SCALE=NA

LM=18
506.000	407.000
701.000	365.000
980.000	386.000
998.000	408.000
1007.000	429.000
1006.000	453.000
977.000	479.000
922.000	515.000
847.000	548.000
731.000	576.000
524.000	491.000
635.000	478.000
631.000	460.000
691.000	458.000
690.000	440.000
686.000	411.000
761.000	399.000
793.000	479.000
IMAGE=C:/Users/vmc04/Desktop/Lab reared wings for landmarking/18/RMO/RMOFC/RMO 391-1.gif
ID=10 : RMO 391 18
COMMENT=FC-18
VARIABLES=NA
SCALE=NA

LM=18
694.000	533.000
901.000	537.000
1143.000	625.000
1153.000	650.000
1157.000	672.000
1150.000	700.000
1118.000	714.000
1067.000	732.000
981.000	745.000
874.000	748.000
688.000	624.000
808.000	636.000
812.000	617.000
858.000	633.000
864.000	603.000
866.000	580.000
937.000	581.000
951.000	669.000
IMAGE=C:/Users/vmc04/Desktop/Lab reared wings for landmarking/18/RMO/RMOFC/RMO 396.gif
ID=11 : RMO 396 18
COMMENT=FC-18
VARIABLES=NA
SCALE=NA

LM=18
567.000	437.000
781.000	483.000
1019.000	622.000
1024.000	644.000
1022.000	669.000
1011.000	686.000
978.000	704.000
922.000	712.000
838.000	710.000
717.000	695.000
547.000	521.000
673.000	565.000
681.000	545.000
722.000	568.000
734.000	543.000
743.000	519.000
812.000	537.000
812.000	622.000
IMAGE=C:/Users/vmc04/Desktop/Lab reared wings for landmarking/18/RMO/RMOFC/RMO 449.gif
ID=12 : RMO 449 18
COMMENT=FC-18
VARIABLES=NA
SCALE=NA

LM=18
470.000	444.000
694.000	405.000
954.000	443.000
977.000	466.000
986.000	491.000
980.000	516.000
948.000	544.000
895.000	572.000
813.000	596.000
690.000	621.000
481.000	529.000
595.000	519.000
594.000	498.000
652.000	509.000
649.000	481.000
646.000	455.000
734.000	442.000
762.000	527.000
IMAGE=C:/Users/vmc04/Desktop/Lab reared wings for landmarking/18/RMO/RMOFC/RMO 537-1.gif
ID=13 : RMO 537 18
COMMENT=FC-18
VARIABLES=NA
SCALE=NA

LM=18
512.000	520.000
710.000	513.000
978.000	580.000
992.000	604.000
1000.000	626.000
994.000	654.000
963.000	674.000
902.000	695.000
827.000	712.000
700.000	716.000
511.000	602.000
615.000	611.000
618.000	589.000
678.000	607.000
682.000	579.000
682.000	554.000
752.000	554.000
784.000	638.000
IMAGE=C:/Users/vmc04/Desktop/Lab reared wings for landmarking/18/RMO/RMOFC/RMO 538.gif
ID=14 : RMO 538 18
COMMENT=FC-18
VARIABLES=NA
SCALE=NA

LM=18
603.000	445.000
819.000	433.000
1095.000	507.000
1104.000	527.000
1109.000	547.000
1098.000	573.000
1070.000	588.000
1014.000	613.000
936.000	636.000
809.000	648.000
606.000	528.000
726.000	537.000
730.000	515.000
779.000	532.000
782.000	505.000
787.000	479.000
868.000	477.000
893.000	563.000
IMAGE=C:/Users/vmc04/Desktop/Lab reared wings for landmarking/18/RMO/RMOFC/RMO 571-1.gif
ID=15 : RMO 571 18
COMMENT=FC-18
VARIABLES=NA
SCALE=NA

LM=18
601.000	453.000
781.000	343.000
1054.000	273.000
1074.000	288.000
1090.000	307.000
1095.000	330.000
1082.000	358.000
1034.000	409.000
976.000	465.000
869.000	537.000
633.000	534.000
735.000	482.000
723.000	464.000
775.000	450.000
764.000	428.000
754.000	405.000
819.000	368.000
890.000	422.000
IMAGE=C:/Users/vmc04/Desktop/Lab reared wings for landmarking/18/RMO/RMOFC/RMO 573.gif
ID=16 : RMO 573 18
COMMENT=FC-18
VARIABLES=NA
SCALE=NA

LM=18
662.000	460.000
868.000	466.000
1131.000	549.000
1142.000	567.000
1150.000	596.000
1142.000	620.000
1114.000	642.000
1060.000	662.000
970.000	675.000
831.000	678.000
663.000	553.000
782.000	566.000
785.000	544.000
831.000	561.000
837.000	533.000
839.000	509.000
915.000	508.000
932.000	599.000
IMAGE=C:/Users/vmc04/Desktop/Lab reared wings for landmarking/18/RMO/RMOFC/RMO 629-1.gif
ID=17 : RMO 629 18
COMMENT=FC-18
VARIABLES=NA
SCALE=NA

LM=18
671.000	372.000
886.000	337.000
1157.000	366.000
1170.000	386.000
1176.000	408.000
1171.000	433.000
1137.000	462.000
1080.000	490.000
1009.000	519.000
885.000	543.000
684.000	457.000
798.000	447.000
796.000	423.000
854.000	432.000
852.000	408.000
854.000	381.000
924.000	374.000
954.000	451.000
IMAGE=C:/Users/vmc04/Desktop/Lab reared wings for landmarking/18/RMO/RMOFC/RMO 663-1.gif
ID=18 : RMO 663 18
COMMENT=FC-18
VARIABLES=NA
SCALE=NA

LM=18
739.000	376.000
937.000	349.000
1205.000	392.000
1219.000	414.000
1223.000	433.000
1220.000	453.000
1193.000	477.000
1141.000	508.000
1067.000	536.000
942.000	558.000
738.000	455.000
848.000	454.000
847.000	434.000
907.000	444.000
904.000	420.000
903.000	394.000
979.000	386.000
1017.000	468.000
IMAGE=C:/Users/vmc04/Desktop/Lab reared wings for landmarking/18/RMO/RMOFC/RMO 674-1.gif
ID=19 : RMO 674 18
COMMENT=FC-18
VARIABLES=NA
SCALE=NA

LM=18
549.000	407.000
737.000	380.000
994.000	412.000
1007.000	436.000
1016.000	455.000
1007.000	475.000
990.000	495.000
936.000	526.000
870.000	549.000
757.000	571.000
568.000	487.000
671.000	477.000
670.000	460.000
718.000	466.000
718.000	444.000
719.000	422.000
791.000	416.000
829.000	487.000
IMAGE=C:/Users/vmc04/Desktop/Lab reared wings for landmarking/18/RMO/RMOFC/RMO 716-1.gif
ID=20 : RMO 716 18
COMMENT=FC-18
VARIABLES=NA
SCALE=NA