consensus aligned to its principal axes - from coord_Jul17_Format.txt
-0.68776113139139683 -0.12778234969845409
0.22588997868266616 -0.059507412061430995
0.24525488558797953 -0.030817267464429039
-0.0029039398494994811 -0.088053313108157324
0.2510474201343188 -0.0038630754877288453
0.24038290662916384 0.024230384381548391
0.20080540250110568 0.046328362894981781
0.015431346266919815 -0.00024942161426242044
0.13491523958622173 0.067174655081597784
0.046197199969694736 0.076603273768669974
-0.32149424715428598 -0.052007321658690833
-0.090747375923327905 0.08163970656368566
-0.25701768503955996 0.066303778402669919