C:/Users/vmc04/Desktop/Wing saga/Lab reared wings for landmarking/13/SJU/SJUMA/coord_Jul17_Format - {translated and scaled (first one is consensus)} - 1 20 26 0	from C:/Users/vmc04/Dropbox/Homework/SJU/SJUMA/coord_Jul17.txt - TPS like internal (simplified) format - can be converted to other format by using TET	
-0.68865870542653818 -0.12923552419037501 0.22579197807367091 -0.05983623972915432 0.24509729461444185 -0.030822789870466508 -0.0024323674686647857 -0.087129963114382564 0.25092217460519206 -0.0039728668654858664 0.24038191557431107 0.024652257660485156 0.20066178154214961 0.046010150959901651 0.015652498026425501 0.00018776169933561117 0.13486837517044098 0.066757818736477667 0.046330199311041945 0.076299526911801363 -0.32113651553398248 -0.051903307932228242 -0.090526742947816263 0.082013456807489296 -0.25695188554067155 0.066979718926601428
-0.70402632918275243 0.027310679813354874 0.20686048441718954 -0.1020766516639097 0.23066775340900644 -0.083444875931183535 -0.022931416286432176 -0.080339579975729131 0.24515913453445995 -0.055497212332094398 0.2399836412753695 -0.030654844688459554 0.21100087902446202 -0.0058124770448247671 0.018472529786292526 -0.0047773783930066798 0.14268436800446657 0.032486173072445453 0.060911574510835287 0.060433836671534638 -0.32207492666186771 0.020064989250628107 -0.076756546180974092 0.10080268409244116 -0.22995114665005525 0.12150465712880344
-0.68648460176606985 0.024092969196597612 0.20701801272008044 -0.11213131896635692 0.24026961061812444 -0.084242882019610332 -0.021452643805189683 -0.081024985448831813 0.24885066814020029 -0.059572341643642134 0.24670540375968134 -0.033829169077414512 0.20916327710059943 0.00049506101088895281 0.0064357931415570425 -0.0027228355598894693 0.14695061006554938 0.036964555479711517 0.06006740265453106 0.066998256806977047 -0.31857176050706681 0.017657176055040798 -0.087955839601277674 0.10454038346605904 -0.25099593252071922 0.12277513070047018
-0.66097396565994349 0.089105318541378958 0.2023926114361706 -0.13300085894376909 0.22403372616549272 -0.11363775629121775 -0.050466729085382953 -0.073772544947729612 0.24339682881804384 -0.094274653638666453 0.24225782277965846 -0.061243478525490488 0.21036565370486809 -0.025934291335543883 -0.0014894694348116585 -0.0020151645294510844 0.15455435782398472 0.023042968315027185 0.074823935137008496 0.065186191735286017 -0.34433028698880919 0.062908179658515334 -0.062995795507621744 0.11188543930908641 -0.23156868918865722 0.15175065065257443
-0.63061821323425626 -0.3251872114610232 0.23130570302464512 0.0066380864550973388 0.24157893206229605 0.041567065183109965 0.018649861945273842 -0.089930266498820036 0.23541499463970555 0.071359429392297419 0.22205979689075953 0.096015179082659385 0.18507617235521656 0.10217911650524975 0.018649861945273724 0.0086927322626274978 0.11110892328413088 0.10012447069771958 0.015567893233978574 0.081632658429948157 -0.28338307176165956 -0.14026908878330893 -0.10771085521783103 0.054922262932056112 -0.25769999916753256 -0.0077444341976136838
-0.67195883189519734 -0.19138320875121864 0.23077858324572856 -0.034520896108779273 0.24428328565865379 -0.00023972844519981487 0.018858637689055407 -0.083345589447816656 0.24739975544625181 0.022614383330519742 0.23597269955839187 0.043390848581173924 0.18714800621935457 0.062089667306762721 0.032363340101980533 0.0080708576550617833 0.13001272678005549 0.075594369719687957 0.037557456414644141 0.079749662769818805 -0.31772009937154294 -0.083345589447816837 -0.095411921189542809 0.068322606881958931 -0.27928363865783257 0.033002615955846831
-0.68563247088155965 0.11276279985096974 0.2029257927485679 -0.12677940486037798 0.22339948545893926 -0.10528202751448777 -0.033545358056224307 -0.074571488448930398 0.23773107035619961 -0.087879388710671941 0.23158896254308789 -0.056145165009595981 0.2049731620196048 -0.029529364486112899 0.021733612261779015 -0.004960933233666965 0.15583629951471298 0.012441705570148894 0.057562574504929374 0.054412775626410746 -0.32427179454350108 0.059531198804003649 -0.060161158579707399 0.1045733227668211 -0.23214017734682882 0.14142596964549001
-0.69802676351645854 0.088078315788641462 0.20760735303372646 -0.12482514318982309 0.23196944037952091 -0.10152227703297616 -0.011651433078423533 -0.083515516820867275 0.24256165226899701 -0.079278632065076932 0.23514710394636393 -0.044324332829806634 0.20019280471109363 -0.0051331488387460497 0.0021184423778951925 -0.0040739276497984943 0.12392887910686759 0.034058035152314592 0.070967819659488285 0.05524245893126626 -0.32624012619585618 0.039354141097052549 -0.052961059447379194 0.093374421733379384 -0.22561411324583547 0.13256560572443998
-0.68067111358747101 0.12120468501517334 0.17683833966061416 -0.14733920069952955 0.21752680719314479 -0.12597775524495092 -0.046948231768304649 -0.074099959140974211 0.23685382927109713 -0.095461404595552912 0.23176777082953068 -0.065962265634468123 0.20328584355675916 -0.034428703296756777 0.013067257842178163 -0.0018779292707321595 0.15751131758266229 0.0082941876124004374 0.076134382517600685 0.053051501898184243 -0.31956096423626068 0.079499005794329225 -0.049999866833244568 0.11815304995023344 -0.2158053720283073 0.16494478761264381
-0.69545328612845048 -0.16587758734291932 0.22195132958442942 -0.051907272229757169 0.24226287089172566 -0.021439960268812751 0.0052948889732695329 -0.09140193588283306 0.24790496569930795 0.0033852568845494126 0.23887761400717616 0.037237825730043014 0.18697034177741925 0.057549367037339247 0.016579078588434094 -0.002256837923032939 0.127164136817047 0.076732489383119079 0.052688485356960801 0.0823745841907014 -0.309534001289822 -0.063191461844921609 -0.084978627948047086 0.080117746267668363 -0.24972779632944983 0.058677785998855668
-0.51457958043502283 -0.49395680148203219 0.21356949883717108 0.072262217451279184 0.21893142136494878 0.10765090613461115 0.054856592014955081 -0.07036492178760409 0.21142472982606017 0.13767767229016553 0.18675988619828324 0.15376343987349825 0.13957496795384061 0.14947390185127632 0.016250749814956694 0.012208685140170514 0.066652821576065793 0.12695382723461052 -0.0051969402961536751 0.084058447012389834 -0.23575960899058931 -0.21513683003759848 -0.10707346832392758 0.018642992173503528 -0.24541106954058883 -0.083233535854270305
-0.68047382802889411 -0.1871913525192713 0.2270210914943569 -0.045976823425785969 0.24453607184703727 -0.013136235264510229 -0.0006736530904877659 -0.08866958803544428 0.25000950320725002 0.0076628039042977575 0.23687326794273972 0.042692764609658415 0.19855924842125133 0.058018372418253791 0.019030699806277637 0.0032840588161276059 0.1306886995546149 0.079912097859104206 0.036545680158958115 0.082101470403189186 -0.30718580926239397 -0.076628039042976534 -0.099195417574314743 0.079912097859104136 -0.25573555447639545 0.05801837241825368
-0.5674965273288185 -0.39936788582568722 0.23564617706225244 0.049224607205664635 0.23456523129591159 0.085976763261245259 0.028104589924855726 -0.092379288184954875 0.2280795566978682 0.11300040741976043 0.20321780407203413 0.1270527023821883 0.16106091918475046 0.1281336481485289 0.0054047288317031102 -0.0091464641767280627 0.10485173933503893 0.1173241904851229 0.011890403429746689 0.088138654793926574 -0.26158887545442677 -0.19074535292195 -0.12106592583014787 0.028686637645193049 -0.26266982122076732 -0.045898620232308826
-0.70787177547389302 0.041111877139455251 0.20016085637593387 -0.11328606145094332 0.23255203230398938 -0.087373120708498869 -0.027657080984724365 -0.084134003115693246 0.24334909094667462 -0.06146017996605431 0.23471144403252656 -0.027989298173730134 0.20555938569727636 0.0011627601615199499 0.012292035993210932 -0.00099665156701703194 0.15265379834811874 0.027075700903964529 0.06843674093517399 0.056227759239214609 -0.31809795847295685 0.032474230225307169 -0.071925021419733878 0.095097170352881344 -0.22416354828159551 0.12208981695959438
-0.6331052305649616 -0.28090883974049574 0.23849519378664627 0.0085642938945273191 0.2480382641262624 0.032952140317990694 0.017944234826628613 -0.081564703757402948 0.24379689953087733 0.05309862214606928 0.23001246459587624 0.081727833164917829 0.18441779519548812 0.090210562355687668 0.021125258273167385 0.0032625881502960979 0.11337493822279011 0.09445192695107256 0.021125258273167444 0.080667492016071471 -0.31288220361339758 -0.13034039660432992 -0.10399499729068869 0.05309862214606928 -0.26834787536185567 -0.0052201410404737686
-0.59890576057763656 -0.37271815624350385 0.22626149770372894 0.024015345118782588 0.24163131857974993 0.057636828285078039 0.019729529682199837 -0.086455242427616832 0.23682824955599321 0.090297697646622085 0.21953720107047006 0.10950997374164806 0.17342773844240758 0.11911611178916104 0.010123391634686852 0.0048030690237564387 0.0965786340623037 0.11239181515590195 0.012044619244189314 0.091258311451373322 -0.28286381881445932 -0.16522557441722335 -0.10995333395922548 0.043227621213808534 -0.24443926662440738 -0.027857800337787661
-0.65592401461497596 -0.2488986887697186 0.23393970527223074 -0.015742176350759449 0.24921196591102743 0.020911249182352043 0.029291412712358349 -0.080903821742957654 0.24106676023700255 0.045346866204426371 0.23292155456297764 0.064691729680235274 0.17997771768181661 0.085054743865297225 0.015037302782814991 -0.0025062171304691314 0.11685237370812453 0.094218100248575035 0.03132771413086443 0.083018442446791019 -0.31382537630593554 -0.12468430224084082 -0.10510448090905074 0.060619126843222827 -0.25477263516925591 0.018874947763845885
-0.64034359957236975 -0.25750334061097108 0.22630492502157687 -0.015366383797761419 0.2424473888091242 0.016918543777333213 0.023515223690513672 -0.091034182801889463 0.24547410076928933 0.047185663378984485 0.23336725292862884 0.076443878993913944 0.19200218947303885 0.090568534808017839 0.014435087810018199 0.00077607998978589717 0.12137891040251933 0.09561305474162643 0.040666591464782638 0.087541822847852779 -0.3124498038878149 -0.12432801436370573 -0.11874023843724703 0.06231922317981009 -0.26805802847205978 0.010865119857002947
-0.68980690481817242 0.11595466568831929 0.19753411842790311 -0.13314227216268731 0.21143223084019103 -0.11603690303987135 -0.043010134861695699 -0.082895250364415585 0.22533034325247883 -0.09358610606617547 0.22960668553318281 -0.062582624531071745 0.20822497412966293 -0.030510057425791885 0.028618598340095912 -0.0069901748819200709 0.15583978119103931 0.01546062209177594 0.072451106717311739 0.058224044898815649 -0.31241969854604629 0.066776729460223602 -0.061184589554687641 0.11274740897779145 -0.22261651065126276 0.15657991735500715
-0.62904800259633686 -0.31027790493276752 0.23670869843329526 -0.0034862685947501968 0.24368123562279578 0.027890148758001575 0.035667209469367397 -0.083670446274004787 0.24251914609121239 0.054618207984419749 0.22624989264904494 0.087156714868754911 0.17279377419620859 0.1011017892477557 0.020560045558783213 0.012782984847417321 0.10539258136437145 0.10575014737408936 0.01707377696403305 0.088318804400338277 -0.28623159077923405 -0.13131611706892407 -0.10726980291539068 0.061590745173920242 -0.27809696405815032 -0.01045880578425059
-0.68944972171411778 0.15711384364018802 0.1795812815021281 -0.14421880007858146 0.20632069698570488 -0.12982065327973241 -0.040504676708850017 -0.085597773826124546 0.22791791718397858 -0.099995920624973589 0.22277572189867523 -0.070171187970214863 0.20837757509982618 -0.039318016258395469 0.0068035199159396913 -0.007436405489515391 0.15592718318973331 0.0028479850810910093 0.071595180510760317 0.055298376991183944 -0.30892727060167857 0.083066231531821341 -0.039476237651789356 0.11186252512951948 -0.20094116961031078 0.16636979515373365
