consensus aligned to its principal axes - from coord_Jul24_Format.txt
-0.66569388499594262 -0.068392278425941616
0.23112203571084936 -0.080433525867899716
0.24731309929914672 -0.054357479869769521
-0.041304450608568043 -0.09832121162431369
0.25447915125495513 -0.026046167914244602
0.24853716059221262 0.0020385695793200824
0.21450350762828915 0.028355224140682856
-0.0098159977140462283 -0.0052193350968667051
0.1488326044201248 0.055923431263599069
0.05417359302849311 0.07983572466746236
-0.34516388927102531 -0.02946438223149947
-0.093855748750643841 0.099034669551112509
-0.24312718059384475 0.097046761828358349