C:/Users/vmc04/Desktop/Wing saga/Lab reared wings for landmarking/13/TPN/TPNFB/coord_Jul24_Format - {translated and scaled (first one is consensus)} - 1 19 26 0	from C:/Users/vmc04/Desktop/Lab reared wings for landmarking/13/TPN/TPNFB/coord_Jul24.txt - TPS like internal (simplified) format - can be converted to other format by using TET	
-0.6661131893590192 -0.068454750706280515 0.23115096786926614 -0.080416318223887867 0.24741829059532996 -0.054279509093641792 -0.041461633274228846 -0.098479126098899278 0.25459568565909668 -0.025930162251370133 0.24861490190029323 0.0021214522434177532 0.21464273194600153 0.028377581589258502 -0.0094042686844790033 -0.0051161711196489853 0.14879274591685493 0.055949642455656819 0.054233179632641744 0.079813685574577103 -0.34511567260041065 -0.029577951699547928 -0.093975028348915829 0.099012876455251378 -0.24337871125243071 0.096978750875114914
-0.67292286928481071 -0.055624319447520873 0.2301182475411612 -0.082954693727247633 0.24492220027601319 -0.057901850637498108 -0.028381542521254768 -0.096619880867110958 0.25403232503592188 -0.027155179572805447 0.24492220027601308 -0.0032411020780445288 0.2118979980213431 0.019534209821727773 8.7597353460674529e-05 0.0013139603019098672 0.14584959351200349 0.04686458410145454 0.050193283532959758 0.071917427191204003 -0.34609714352307847 -0.020322586002873819 -0.089874884650639975 0.098109035875942219 -0.24474700556909171 0.10608039504086252
-0.66502574960998562 -0.070243344802554744 0.2286857296471341 -0.085372680606181917 0.24705706598010982 -0.057275342685160067 -0.046884315347503987 -0.094018015351111664 0.25462173388192344 -0.030258671607254348 0.24813773282322593 0.0032420005293486102 0.21247572700039055 0.030258671607254303 -0.0047383084659711264 -0.0054033342155811711 0.1497970500996493 0.058356009528276187 0.065505036336583625 0.081050013233717008 -0.33650302930265258 -0.028097337921021925 -0.099836990660198868 0.10158268325292526 -0.25329168238270305 0.096179349037344097
-0.66808935571993788 -0.072225876294047392 0.23211590993999467 -0.076920558253160465 0.24619995581733375 -0.053447148457595094 -0.035480961729450762 -0.096872956579390976 0.25324197875600341 -0.02880006817225144 0.24502628532755549 -0.0029793173971294543 0.20746882965465088 0.024015103867770744 0.0044238349230105211 -0.0018056469073512184 0.14526429369640273 0.052183195622449136 0.056065336473254283 0.076830275907792858 -0.35002465299002677 -0.027626397682473155 -0.091817145238807532 0.10147735619313654 -0.24439430890998243 0.10617203815224956
-0.67315731449472649 -0.057212723085202748 0.22166904134704085 -0.080291480211250668 0.24369876405826818 -0.054065619840741666 -0.04373666560251048 -0.10022313409283751 0.25209103937683119 -0.028888793885053023 0.24999297054719047 -0.0005648646849032501 0.2195709725173999 0.026710030100426118 0.0034698830644056934 -0.0016138990997236699 0.14718759789479505 0.055033959300575808 0.059068707049884837 0.080210785256264502 -0.33536823292257051 -0.033084931544334409 -0.096188386343528359 0.099093404723030923 -0.24829837649248065 0.094897267063749541
-0.67718132297939149 -0.050328742691250067 0.22618128695086334 -0.087968851438343945 0.2438942793024366 -0.058078176845063528 -0.047263032476554646 -0.10236065772399752 0.25385783750019675 -0.028187502251783045 0.24832252739033012 -0.0016180137244226197 0.21178948066520967 0.022737350758991158 -0.0018734895756471871 -0.0049391997903426733 0.14204457328088843 0.051520963330298257 0.05901492163288697 0.074769265791738565 -0.34284859234343951 -0.020438068097969574 -0.082689017179701854 0.099124630275152267 -0.23324945216807763 0.10576700240699236
-0.67162310254323465 -0.065108495158359508 0.22796495359765931 -0.076187165800488732 0.24790656075349179 -0.047382622130952713 -0.044570344198719983 -0.096128772956321357 0.25455376313876948 -0.020793812589842552 0.24679869368927887 0.0069028640154805334 0.21577841589131705 0.02906020529973901 0.00085220543400987511 -0.0063915407550745474 0.15041425910275455 0.052325413648210403 0.052921957452017408 0.074482754932468878 -0.34591018566463516 -0.030764616167758847 -0.09110076089566263 0.087777159703023994 -0.24398641575704619 0.09220862795987575
-0.67284104327303751 -0.072290088489774834 0.23325044736989778 -0.080981613579874934 0.24628773500504791 -0.054907038309574628 -0.038359711695730249 -0.10379686694138769 0.25280637882262286 -0.021227378585436812 0.24085553182373523 0.0059336373211260115 0.21369451591717256 0.02440312813758878 0.01161655757234531 -0.0016714471327115745 0.13547079010627178 0.05916922849798905 0.055074183022845981 0.08198448185950187 -0.34364953048549612 -0.035351106856849487 -0.097027506053905754 0.10045397267596455 -0.2371783481317698 0.098281091403439561
-0.66508402350020646 -0.091450099092429973 0.22900175774563672 -0.077310056323335125 0.24422949611235423 -0.047942275187522768 -0.05597448883150561 -0.10450244626390207 0.2551064520885809 -0.017486798454087717 0.24966797410046765 0.0064425046936113098 0.21377401937891893 0.032547199036555563 0.0071118558306097791 -0.0022590600873701933 0.14742458792393551 0.059739588977122567 0.054970462126007778 0.080405805331953517 -0.34095073540864773 -0.033802232418427856 -0.09404383474829929 0.099984326089161801 -0.24523352281785196 0.095633543698671011
-0.67040239993421968 -0.028221864334006141 0.22834860670250831 -0.089369237057685874 0.24565446690732334 -0.062833584743636151 -0.048545156574532553 -0.097445305153266201 0.25257681098924911 -0.031683036374969158 0.24680819092097755 -0.0074548320882280245 0.21565764255231049 0.022541992266784692 -0.02200950426048276 -0.010916004129191033 0.16258633792421087 0.049077644580834426 0.061058624722629254 0.075613296894884094 -0.33582243597446232 -0.016684624197462781 -0.087771773038780129 0.098687777167970822 -0.24813941093673278 0.098687777167970794
-0.66498827766433999 -0.095434597827832882 0.23930755597539261 -0.070070202494035519 0.24923275414948723 -0.046911406754481452 -0.03970079269637853 -0.10425699620480594 0.25254115354085221 -0.014930212637954325 0.24261595536675748 0.012639782290086299 0.21394316064159521 0.035798578029640427 -0.0055139989856080466 -0.0027994148696164501 0.15108357220566271 0.063368572957681071 0.044111991884865087 0.083218969305870305 -0.33745673791921732 -0.043603007363116592 -0.095943582349581349 0.097555366668451465 -0.24923275414948712 0.085424568900113559
-0.68347557728059816 -0.071829115852617531 0.24001650707178188 -0.072972051600578458 0.24915999305546882 -0.052399208137282799 -0.011429357479608581 -0.087830216324069635 0.25487467179527318 -0.023825814438261143 0.24573118581158634 0.0058905150087213793 0.19887082014519084 0.028749229967938706 0.020572843463295545 -0.00096709947904381874 0.1302946752675388 0.053893816423077681 0.037716879682708607 0.071037852642490809 -0.32687962391680792 -0.024968750186222029 -0.09714953857667373 0.090467760357825486 -0.25830347903915579 0.084753081618021142
-0.65715285838800985 -0.076587081284128389 0.2268711653133616 -0.074377021224874898 0.25339188602440277 -0.043436180395326957 -0.051596402152570553 -0.10421283202479625 0.25781200614290961 -0.014705399625032499 0.25449691605402947 0.0073952009675017881 0.21913595510597472 0.033915921678542987 -0.015130411174888852 -0.012495339565779008 0.14730900318023837 0.060436642389584135 0.060011630839727853 0.081432212952491742 -0.34332432997402296 -0.037911030247193438 -0.1002177234561458 0.095797603337639023 -0.25160683751500579 0.084747303041371791
-0.66061449356214375 -0.059260475460175953 0.2317201848663501 -0.07919436446580598 0.24930891045955292 -0.052224985222894794 -0.042663934387615177 -0.10264599859007649 0.25282665557819362 -0.024083024273770223 0.24930891045955292 0.0017137732629274266 0.21882178609800118 0.028683152505838586 -0.034455862444120494 -0.012357207211634857 0.15784753737489784 0.052134786630109183 0.059350674052961627 0.077931584166806706 -0.3522255048279862 -0.028773351098624212 -0.09308494775479681 0.1002106365848637 -0.23613991591284694 0.097865473172436754
-0.65645576496133917 -0.075093071387675639 0.23576602712489692 -0.079961948834258167 0.24915544010299867 -0.056834780962991473 -0.032022232437138476 -0.090916923089068624 0.25524153691122675 -0.03492483245337033 0.25280709818793551 -0.0020599096889387433 0.21263885925363021 0.029587793713847295 -0.022284477543973551 -0.0020599096889387433 0.14934345244805819 0.058801058393342029 0.050748684154763496 0.084362664987899974 -0.35701980199651773 -0.026404296921851048 -0.097752077966001591 0.10018651668929283 -0.24016674327853851 0.095317639242710431
-0.65020602832738283 -0.079453825768819167 0.23365112745662783 -0.085230669924270142 0.24982629109189061 -0.058657186809195308 -0.051724973822653945 -0.096784358235172188 0.2556031352473418 -0.03092833486303025 0.25444776641625172 -0.0031994829168651945 0.22325280797681607 0.027995475522570482 -0.032083703694120509 -0.0043548517479554049 0.15624141577358391 0.056879696299825741 0.047636745651104075 0.088074654739261377 -0.34634402575065759 -0.028617597200849887 -0.10256120239062325 0.10887129369888512 -0.23773935562817783 0.10540518720561443
-0.6572822726316514 -0.067255996732079104 0.23036032383233693 -0.078351529187878938 0.24700362251603669 -0.050612698048379277 -0.047027987562659461 -0.09721393436273873 0.25588004848067658 -0.027312079891199631 0.25033228225277665 0.0037554109850399691 0.22037434462211719 0.030384688878959589 -0.011522283704099797 -0.0062305682251799083 0.15380114988731791 0.05812352001845926 0.051722251293959264 0.081424138175638927 -0.35659334307947538 -0.036188505855839478 -0.09473877712259883 0.096957883613758761 -0.24230935878473681 0.092519670631438761
-0.66536179121094807 -0.064159887009627201 0.23050033481236401 -0.082694965479074969 0.24656406948588547 -0.05427451182592162 -0.036404795147684715 -0.095051684458706862 0.2515067570777384 -0.030796745764620964 0.249035413281812 0.0013307235824219527 0.21072958444495313 0.028515505337612043 -0.022812404270089563 -0.0085546516012836304 0.15512434903660965 0.054464615194838979 0.058741940995480857 0.080413725052066024 -0.35644381672015074 -0.02708973007073143 -0.085831671066212312 0.09894880352151382 -0.2353479707197583 0.098948803521513862
-0.65846380265579618 -0.068403431623152114 0.23198086864909795 -0.086404334681876555 0.24518153089216241 -0.062403130603577363 -0.039232737435681238 -0.097204876517110989 0.25598207272739687 -0.033601685709618669 0.24878171150390727 -0.0036001806117448801 0.21878020640603363 0.027601384690043858 -0.028432195600446467 -0.0060003010195747147 0.15277689519071119 0.056402829584002764 0.051971838061855222 0.085204274477961528 -0.35484857106531326 -0.021601083670469083 -0.092035386407938832 0.10200511733277087 -0.23244243026598829 0.10800541835234551
-0.65533435864377287 -0.078797902306131082 0.23309135012791524 -0.081182937765920921 0.24978659834644359 -0.060910136357707881 -0.04357276320769763 -0.10026322144423905 0.25932674018560264 -0.025134604460861295 0.25336415153612823 0.0082558919761952995 0.21639610190938688 0.035683799763777613 -0.034032621368538532 -0.0084393562423329977 0.14723007357548384 0.063111707551359919 0.05302117291378794 0.085769544419362728 -0.34885730206078763 -0.038252299489705079 -0.093658507863282697 0.10365731036778601 -0.23676063545066861 0.096502203988416677
