TPS like internal (simplified) format - can be converted to other format by using TET

LM=18
625.000	365.000
849.000	342.000
1126.000	391.000
1157.000	422.000
1162.000	444.000
1154.000	466.000
1123.000	487.000
1066.000	509.000
981.000	533.000
851.000	559.000
625.000	454.000
737.000	449.000
736.000	428.000
816.000	442.000
812.000	416.000
810.000	390.000
916.000	388.000
940.000	473.000
IMAGE=C:/Users/vmc04/Desktop/Lab reared wings for landmarking/18/TPN/TPNFB/TPN 040.gif
ID=1 : TPN 040 18
COMMENT=FB-18
VARIABLES=NA
SCALE=NA

LM=18
690.000	364.000
933.000	335.000
1219.000	403.000
1234.000	424.000
1242.000	454.000
1234.000	481.000
1205.000	505.000
1144.000	531.000
1059.000	555.000
913.000	572.000
696.000	451.000
810.000	453.000
811.000	428.000
881.000	443.000
878.000	418.000
880.000	395.000
977.000	390.000
1012.000	481.000
IMAGE=C:/Users/vmc04/Desktop/Lab reared wings for landmarking/18/TPN/TPNFB/TPN 043.gif
ID=2 : TPN 043 18
COMMENT=FB-18
VARIABLES=NA
SCALE=NA

LM=18
577.000	381.000
794.000	360.000
1073.000	420.000
1086.000	442.000
1090.000	463.000
1083.000	485.000
1056.000	508.000
995.000	533.000
920.000	552.000
799.000	572.000
577.000	465.000
685.000	463.000
684.000	445.000
748.000	456.000
746.000	430.000
747.000	410.000
848.000	402.000
888.000	487.000
IMAGE=C:/Users/vmc04/Desktop/Lab reared wings for landmarking/18/TPN/TPNFB/TPN 046.gif
ID=3 : TPN 046 18
COMMENT=FB-18
VARIABLES=NA
SCALE=NA

LM=18
631.000	377.000
853.000	352.000
1164.000	420.000
1182.000	445.000
1193.000	472.000
1190.000	497.000
1160.000	523.000
1091.000	551.000
1005.000	573.000
860.000	593.000
631.000	465.000
751.000	469.000
751.000	447.000
824.000	463.000
820.000	434.000
821.000	404.000
917.000	403.000
968.000	499.000
IMAGE=C:/Users/vmc04/Desktop/Lab reared wings for landmarking/18/TPN/TPNFB/TPN 082.gif
ID=4 : TPN 082 18
COMMENT=FB-18
VARIABLES=NA
SCALE=NA

LM=18
541.000	382.000
767.000	349.000
1059.000	410.000
1078.000	439.000
1086.000	465.000
1079.000	491.000
1044.000	514.000
991.000	535.000
907.000	559.000
783.000	580.000
545.000	470.000
663.000	463.000
661.000	444.000
731.000	453.000
731.000	432.000
729.000	401.000
824.000	398.000
868.000	491.000
IMAGE=C:/Users/vmc04/Desktop/Lab reared wings for landmarking/18/TPN/TPNFB/TPN 088.gif
ID=5 : TPN 088 18
COMMENT=FB-18
VARIABLES=NA
SCALE=NA

LM=18
587.000	404.000
820.000	383.000
1107.000	451.000
1121.000	476.000
1124.000	500.000
1119.000	524.000
1089.000	544.000
1025.000	566.000
943.000	582.000
814.000	599.000
578.000	490.000
710.000	491.000
710.000	471.000
771.000	485.000
771.000	457.000
769.000	435.000
864.000	429.000
900.000	512.000
IMAGE=C:/Users/vmc04/Desktop/Lab reared wings for landmarking/18/TPN/TPNFB/TPN 089.gif
ID=6 : TPN 089 18
COMMENT=FB-18
VARIABLES=NA
SCALE=NA

LM=18
600.000	468.000
826.000	441.000
1129.000	509.000
1140.000	536.000
1143.000	562.000
1138.000	583.000
1104.000	606.000
1043.000	639.000
960.000	656.000
829.000	675.000
600.000	557.000
708.000	553.000
709.000	534.000
768.000	543.000
770.000	518.000
771.000	493.000
886.000	491.000
932.000	588.000
IMAGE=C:/Users/vmc04/Desktop/Lab reared wings for landmarking/18/TPN/TPNFB/TPN 091.gif
ID=7 : TPN 091 18
COMMENT=FB-18
VARIABLES=NA
SCALE=NA

LM=18
483.000	455.000
712.000	430.000
1007.000	507.000
1019.000	530.000
1025.000	555.000
1017.000	584.000
985.000	606.000
925.000	630.000
844.000	647.000
705.000	668.000
481.000	545.000
589.000	541.000
590.000	523.000
661.000	539.000
661.000	509.000
661.000	484.000
761.000	481.000
804.000	579.000
IMAGE=C:/Users/vmc04/Desktop/Lab reared wings for landmarking/18/TPN/TPNFB/TPN 092.gif
ID=8 : TPN 092 18
COMMENT=FB-18
VARIABLES=NA
SCALE=NA

LM=18
774.000	390.000
986.000	363.000
1270.000	424.000
1281.000	444.000
1287.000	471.000
1283.000	489.000
1260.000	512.000
1206.000	536.000
1118.000	560.000
993.000	580.000
769.000	477.000
886.000	475.000
885.000	455.000
951.000	466.000
944.000	435.000
943.000	413.000
1030.000	408.000
1062.000	487.000
IMAGE=C:/Users/vmc04/Desktop/Lab reared wings for landmarking/18/TPN/TPNFB/TPN 126-1.gif
ID=9 : TPN 126 18
COMMENT=FB-18
VARIABLES=NA
SCALE=NA

LM=18
565.000	324.000
799.000	309.000
1086.000	389.000
1099.000	412.000
1101.000	438.000
1090.000	466.000
1067.000	487.000
1007.000	511.000
917.000	529.000
787.000	541.000
558.000	416.000
691.000	420.000
694.000	397.000
755.000	414.000
755.000	388.000
756.000	358.000
839.000	360.000
867.000	450.000
IMAGE=C:/Users/vmc04/Desktop/Lab reared wings for landmarking/18/TPN/TPNFB/TPN 131.gif
ID=10 : TPN 131 18
COMMENT=FB-18
VARIABLES=NA
SCALE=NA

LM=18
792.000	418.000
994.000	401.000
1281.000	464.000
1288.000	478.000
1290.000	505.000
1282.000	530.000
1242.000	551.000
1178.000	573.000
1098.000	585.000
981.000	602.000
778.000	498.000
898.000	501.000
900.000	480.000
958.000	488.000
959.000	467.000
961.000	448.000
1066.000	451.000
1099.000	530.000
IMAGE=C:/Users/vmc04/Desktop/Lab reared wings for landmarking/18/TPN/TPNFB/TPN 171.gif
ID=11 : TPN 171 18
COMMENT=FB-18
VARIABLES=NA
SCALE=NA

LM=18
673.000	444.000
903.000	422.000
1203.000	501.000
1218.000	524.000
1225.000	552.000
1218.000	575.000
1187.000	600.000
1126.000	621.000
1038.000	639.000
903.000	651.000
677.000	531.000
785.000	530.000
786.000	508.000
857.000	521.000
857.000	497.000
861.000	473.000
960.000	471.000
989.000	562.000
IMAGE=C:/Users/vmc04/Desktop/Lab reared wings for landmarking/18/TPN/TPNFB/TPN 178.gif
ID=12 : TPN 178 18
COMMENT=FB-18
VARIABLES=NA
SCALE=NA

LM=18
567.000	493.000
804.000	466.000
1071.000	533.000
1086.000	559.000
1090.000	580.000
1086.000	601.000
1058.000	626.000
1006.000	647.000
920.000	666.000
795.000	684.000
562.000	577.000
676.000	573.000
673.000	555.000
724.000	567.000
720.000	543.000
720.000	515.000
849.000	514.000
853.000	593.000
IMAGE=C:/Users/vmc04/Desktop/Lab reared wings for landmarking/18/TPN/TPNFB/TPN 212.gif
ID=13 : TPN 212 18
COMMENT=FB-18
VARIABLES=NA
SCALE=NA

LM=18
624.000	383.000
851.000	363.000
1120.000	419.000
1129.000	438.000
1132.000	457.000
1130.000	484.000
1103.000	506.000
1045.000	533.000
965.000	557.000
840.000	572.000
630.000	464.000
734.000	462.000
733.000	444.000
782.000	456.000
784.000	434.000
785.000	411.000
905.000	411.000
910.000	486.000
IMAGE=C:/Users/vmc04/Desktop/Lab reared wings for landmarking/18/TPN/TPNFB/TPN 213.gif
ID=14 : TPN 213 18
COMMENT=FB-18
VARIABLES=NA
SCALE=NA

LM=18
540.000	367.000
766.000	344.000
1045.000	405.000
1056.000	424.000
1061.000	449.000
1060.000	475.000
1034.000	497.000
974.000	523.000
882.000	549.000
748.000	568.000
536.000	451.000
639.000	453.000
638.000	432.000
691.000	444.000
690.000	423.000
691.000	392.000
809.000	392.000
826.000	473.000
IMAGE=C:/Users/vmc04/Desktop/Lab reared wings for landmarking/18/TPN/TPNFB/TPN 214.gif
ID=15 : TPN 214 18
COMMENT=FB-18
VARIABLES=NA
SCALE=NA

LM=18
673.000	245.000
903.000	224.000
1204.000	285.000
1221.000	312.000
1225.000	336.000
1220.000	362.000
1189.000	385.000
1136.000	408.000
1040.000	428.000
909.000	443.000
680.000	328.000
795.000	331.000
791.000	307.000
853.000	320.000
850.000	297.000
851.000	271.000
974.000	272.000
991.000	352.000
IMAGE=C:/Users/vmc04/Desktop/Lab reared wings for landmarking/18/TPN/TPNFB/TPN 215.gif
ID=16 : TPN 215 18
COMMENT=FB-18
VARIABLES=NA
SCALE=NA

LM=18
569.000	456.000
791.000	427.000
1052.000	483.000
1066.000	504.000
1070.000	526.000
1066.000	549.000
1037.000	572.000
993.000	591.000
918.000	609.000
797.000	630.000
577.000	529.000
672.000	530.000
673.000	511.000
740.000	521.000
739.000	501.000
739.000	476.000
852.000	474.000
857.000	546.000
IMAGE=C:/Users/vmc04/Desktop/Lab reared wings for landmarking/18/TPN/TPNFB/TPN 216.gif
ID=17 : TPN 216 18
COMMENT=FB-18
VARIABLES=NA
SCALE=NA

LM=18
400.000	562.000
611.000	531.000
893.000	587.000
904.000	609.000
910.000	630.000
905.000	656.000
882.000	679.000
827.000	704.000
743.000	729.000
621.000	744.000
400.000	640.000
509.000	638.000
509.000	621.000
569.000	630.000
570.000	607.000
572.000	577.000
669.000	577.000
688.000	659.000
IMAGE=C:/Users/vmc04/Desktop/Lab reared wings for landmarking/18/TPN/TPNFB/TPN 224.gif
ID=18 : TPN 224 18
COMMENT=FB-18
VARIABLES=NA
SCALE=NA

LM=18
541.000	386.000
764.000	368.000
1027.000	429.000
1045.000	450.000
1050.000	478.000
1044.000	504.000
1015.000	528.000
956.000	552.000
876.000	571.000
757.000	585.000
541.000	469.000
647.000	473.000
646.000	454.000
698.000	463.000
698.000	441.000
698.000	414.000
806.000	413.000
819.000	500.000
IMAGE=C:/Users/vmc04/Desktop/Lab reared wings for landmarking/18/TPN/TPNFB/TPN 225.gif
ID=19 : TPN 225 18
COMMENT=FB-18
VARIABLES=NA
SCALE=NA