consensus aligned to its principal axes - from coord_Jul28_Format.txt
-0.36986358370713118 -0.088842662014838328
-0.08742455014678506 -0.12274772282884899
0.27766006298856372 -0.067106547077882689
0.30142927709339956 -0.040661653526829912
0.31233793251343567 -0.011569651457192126
0.30642471643855673 0.022371333636867462
0.26440617997836685 0.05512573514948417
0.18924154633956164 0.09015441440565379
0.079558469788787375 0.11959862793387317
-0.084151884891901174 0.14852288656228202
-0.36802559701796655 0.025293754116509873
-0.20784843926134763 0.016196422719069386
-0.20906752472975099 -0.0107454722268529
-0.14336766358141476 -0.0018126599332853491
-0.14541965334280574 -0.033603316604488474
-0.1458848163205502 -0.062461371952406426
-0.0065726128542952355 -0.070460617266563677
0.036568140713277505 0.032748500365449254