consensus aligned to its principal axes - from coord_Jul21_Format.txt
-0.67531207220863176 -0.019637929075528013
0.22073472985381554 -0.10565258752099535
0.24280760197564408 -0.077829929137408341
-0.053575846808205284 -0.098973481910590105
0.25241818021116863 -0.046966792781162281
0.24662923073661353 -0.01604468617687644
0.21136768428533631 0.013393081158763236
-0.0079270935247996496 -0.0056039923567792315
0.15169118114024982 0.047823090044127922
0.060298445187988894 0.080038424378203507
-0.32980839958964697 -0.00032366781327914279
-0.083336490115769823 0.10924733947609944
-0.23598715114376323 0.12053113171542469