
Fichier : C:/Users/vmc04/Desktop/CLIC practice for workflow tutorial/MOG result files/Field 18 scaled data for tutorial_PW.txt


C:/Users/vmc04/Desktop/CLIC practice for workflow tutorial/MOG result files/Field 18 scaled data for tutorial_PW.txt 

C:/Users/vmc04/Desktop/CLIC practice for workflow tutorial/Field 18 scaled data for tutorial - partial warps scores - U1 y U2 en las dos ultimas columnas - Field 18 copy for tutorial, 4 from ARS, APR, RPV, RMO 

Numero de variables =	32

Numero de individuos =	16

Matrix X:	----------------------------------start---


   0.000   -0.001    0.001    0.000   -0.000   -0.002    0.002    0.001    0.004    0.000   -0.000    0.000   -0.003   -0.000   -0.003   -0.003   -0.004    0.002    0.001    0.000   -0.004   -0.000    0.006   -0.004    0.011    0.006    0.004   -0.002    0.003   -0.004   -0.012    0.011
   0.002    0.003   -0.002    0.001    0.002   -0.001    0.005    0.001    0.001    0.002    0.006   -0.002   -0.010    0.001    0.011   -0.003    0.013    0.001   -0.018   -0.002    0.004    0.002   -0.008    0.004    0.015    0.000    0.019   -0.005   -0.005   -0.001   -0.009    0.004
   0.001    0.003   -0.001    0.003    0.001    0.001    0.002    0.003    0.007    0.002    0.004   -0.004   -0.002    0.002   -0.002   -0.001    0.010   -0.001   -0.007   -0.003   -0.003    0.005   -0.010   -0.000   -0.010    0.001   -0.003    0.001   -0.005    0.006    0.013   -0.023
   0.003    0.002    0.000    0.002   -0.002   -0.003   -0.003   -0.001    0.005   -0.003    0.001    0.003    0.007   -0.003   -0.001   -0.000    0.002   -0.003   -0.011   -0.005    0.002   -0.001   -0.005    0.000   -0.006    0.003   -0.004   -0.001   -0.009   -0.001   -0.007   -0.025
   0.002   -0.000    0.000   -0.004   -0.001   -0.002   -0.002    0.001   -0.006   -0.002    0.008    0.002   -0.008    0.001    0.005    0.006   -0.028   -0.001   -0.008    0.004    0.017   -0.003   -0.004    0.002   -0.033   -0.001   -0.020    0.005    0.000   -0.001    0.015    0.009
  -0.000   -0.002   -0.001   -0.002   -0.002   -0.000    0.002   -0.001    0.001    0.000    0.008    0.001    0.007    0.001   -0.006   -0.002   -0.004   -0.002   -0.010   -0.004   -0.009    0.004   -0.023   -0.002    0.001    0.003    0.004    0.002    0.008   -0.004    0.005    0.019
  -0.001   -0.001   -0.002    0.000   -0.002    0.002   -0.002    0.001    0.003   -0.000   -0.002   -0.004    0.000    0.002    0.001   -0.000    0.018   -0.001    0.000   -0.001   -0.004   -0.000    0.011    0.003    0.019    0.002    0.018   -0.002    0.008   -0.001    0.002    0.005
  -0.001   -0.002   -0.001   -0.002   -0.003    0.004   -0.001    0.002    0.002    0.002    0.001    0.000    0.001    0.003   -0.003   -0.004   -0.002    0.000   -0.002    0.005   -0.005    0.002   -0.002    0.003    0.005    0.005    0.002    0.002    0.023   -0.004   -0.002    0.012
   0.002   -0.002    0.001    0.000    0.002    0.002    0.005   -0.000   -0.002    0.005    0.002   -0.002    0.006   -0.001    0.001   -0.005    0.006    0.003   -0.003    0.003   -0.009    0.001    0.009   -0.001   -0.003   -0.005   -0.001   -0.001   -0.015   -0.001    0.003    0.001
  -0.002    0.001    0.000   -0.002    0.000    0.001   -0.003   -0.000    0.004   -0.003    0.002    0.002   -0.003    0.001    0.002    0.002   -0.005    0.003    0.003   -0.001   -0.010    0.002   -0.004   -0.006   -0.004   -0.003   -0.007    0.008    0.014   -0.000    0.011   -0.011
   0.000    0.002    0.002   -0.000    0.002    0.001   -0.002    0.001   -0.003   -0.002   -0.008   -0.001    0.011   -0.003   -0.006    0.005   -0.004    0.002    0.014    0.002    0.008   -0.002    0.004   -0.002    0.004   -0.001   -0.002   -0.001   -0.008   -0.002   -0.002   -0.001
  -0.000   -0.003    0.001   -0.001    0.000    0.000   -0.004   -0.001   -0.002   -0.001   -0.002    0.002    0.006    0.001   -0.012    0.006   -0.006   -0.004    0.007   -0.003    0.003   -0.003    0.014    0.004   -0.019    0.004   -0.012   -0.008    0.006    0.002    0.003    0.001
   0.001    0.003    0.000    0.001    0.001    0.002    0.001    0.004   -0.001    0.001   -0.005    0.002    0.000   -0.000    0.001    0.003    0.002    0.002   -0.001    0.001    0.006   -0.003   -0.003   -0.002    0.007   -0.008   -0.005   -0.000   -0.001    0.002   -0.005    0.007
  -0.003   -0.002   -0.001    0.002    0.000    0.001   -0.000   -0.003   -0.004   -0.001   -0.005    0.002    0.003    0.001   -0.003    0.001    0.006   -0.000    0.004    0.002    0.002   -0.001    0.001   -0.002    0.008    0.000    0.014   -0.002   -0.009    0.004   -0.009    0.018
  -0.000    0.001    0.001    0.001   -0.001   -0.002   -0.004    0.000   -0.000   -0.003   -0.003    0.001    0.002    0.000    0.005    0.001    0.000    0.001    0.010    0.001   -0.004   -0.002    0.003    0.002    0.006   -0.004   -0.002    0.004   -0.016   -0.000    0.000   -0.006
  -0.005   -0.001    0.001   -0.000    0.002   -0.003    0.003   -0.005   -0.007    0.002   -0.005   -0.001   -0.016   -0.004    0.009   -0.004   -0.004   -0.002    0.022    0.001    0.007   -0.001    0.011    0.003   -0.001   -0.000   -0.003    0.000    0.005    0.005   -0.009   -0.012
Matrix X:	----------------------------------end----



EIGENVALUES  (evals <- ' mevsvd_br V evals ' )
0.00038835590289518 0.00021794024663373 0.00019712277832231 0.00011518189388532 9.6710677300712e-05 5.4951630976946e-05 5.0407176178159e-05 2.9048194622816e-05 2.4880246538659e-05 1.7018291732954e-05 9.3549890932917e-06 8.8122528257422e-06 5.6461312600761e-06 5.3216848517707e-06 1.7354549042087e-06 2.9470240797144e-18 5.845900209625e-19 5.7843504865958e-19 4.978960377151e-19 2.7216715377964e-19 2.4707295200431e-19 2.0214495662386e-19 1.4985540007882e-19 1.2643406847061e-19 9.9748248688057e-20 9.7141449470235e-20 5.3355343793033e-20 3.3178862428369e-20 2.7313602561478e-20 2.1705753828414e-20 1.8954768445557e-20 9.4102479740013e-21
The sum of eigenvalues is the sum of the diagonal elements of the variance-covariance matrix
Sum of EIGENVALUES 0.001222

Number of EIGENVALUES 32

Identity matrix 
1 0 0
0 1 0
0 0 1

contribucion pc1	0.317676775 		(0.317676775)
contribucion pc2	0.178276046 		(0.495952821)
contribucion pc3	0.161247268 		(0.657200089)
contribucion pc4	0.094219277 		(0.751419366)
contribucion pc5	0.079109744 		(0.830529110)
contribucion pc6	0.044950667 		(0.875479777)
contribucion pc7	0.041233284 		(0.916713061)
contribucion pc8	0.023761546 		(0.940474608)
contribucion pc9	0.020352147 		(0.960826755)
contribucion pc10	0.013921035 		(0.974747790)
contribucion pc11	0.007652421 		(0.982400210)
contribucion pc12	0.007208460 		(0.989608670)
contribucion pc13	0.004618559 		(0.994227230)
contribucion pc14	0.004353161 		(0.998580391)
contribucion pc15	0.001419609 		(1.000000000)
contribucion pc16	0.000000000 		(1.000000000)
contribucion pc17	0.000000000 		(1.000000000)
contribucion pc18	0.000000000 		(1.000000000)
contribucion pc19	0.000000000 		(1.000000000)
contribucion pc20	0.000000000 		(1.000000000)
contribucion pc21	0.000000000 		(1.000000000)
contribucion pc22	0.000000000 		(1.000000000)
contribucion pc23	0.000000000 		(1.000000000)
contribucion pc24	0.000000000 		(1.000000000)
contribucion pc25	0.000000000 		(1.000000000)
contribucion pc26	0.000000000 		(1.000000000)
contribucion pc27	0.000000000 		(1.000000000)
contribucion pc28	0.000000000 		(1.000000000)
contribucion pc29	0.000000000 		(1.000000000)
contribucion pc30	0.000000000 		(1.000000000)
contribucion pc31	0.000000000 		(1.000000000)
contribucion pc32	0.000000000 		(1.000000000)

Coeficientes para los 3 primeros componentes principales 
o ' E I G E N V E C T O R E S' (V de <- mevsvd_br V evals) 
(au depart V c'est la matrice de variances-covariances) 
CP1		CP2		CP3
---		---		---
0.010		0.009		0.083		
0.002		-0.058		0.081		
0.034		-0.036		-0.041		
-0.045		-0.069		0.032		
-0.002		-0.059		-0.009		
-0.023		0.045		-0.004		
-0.052		0.026		0.050		
-0.002		0.029		0.055		
-0.063		-0.000		0.194		
-0.040		0.001		-0.001		
0.055		0.177		0.229		
0.049		0.046		-0.036		
-0.027		0.015		0.025		
-0.008		0.073		0.023		
-0.038		-0.096		0.057		
0.099		-0.003		-0.062		
-0.426		-0.235		0.221		
-0.029		0.005		-0.015		
0.044		-0.322		-0.551		
0.019		0.034		-0.109		
0.161		-0.054		-0.158		
-0.040		0.035		0.123		
-0.012		-0.315		-0.465		
-0.003		-0.024		-0.017		
-0.633		-0.046		-0.076		
-0.016		0.071		0.010		
-0.494		0.052		0.058		
0.066		0.033		0.064		
0.029		0.379		-0.121		
0.028		-0.115		0.006		
0.267		0.102		0.217		
-0.190		0.703		-0.427		


Coeficientes para todos los componentes principales o ' E I G E N V E C T O R E S ' (32 x 32)
0.010 0.009 0.083 0.081 -0.043 0.054 0.028 0.040 0.187 0.045 -0.042 -0.133 -0.110 -0.065 0.014 -0.179 0.176 0.064 -0.117 0.105 -0.238 -0.093 -0.160 0.431 -0.160 0.097 0.571 0.039 -0.087 0.306 0.269 -0.036
0.002 -0.058 0.081 0.034 0.046 -0.064 0.072 -0.115 0.133 0.086 0.075 -0.122 -0.097 -0.042 -0.219 -0.142 0.150 -0.015 0.052 -0.291 0.014 -0.376 0.030 0.237 0.187 -0.149 -0.504 0.278 0.146 0.279 0.182 -0.098
0.034 -0.036 -0.041 0.004 -0.042 -0.041 0.036 0.056 0.037 0.020 -0.018 -0.057 -0.076 0.008 -0.053 -0.070 -0.156 -0.082 -0.072 0.041 0.078 -0.169 -0.187 -0.178 0.162 0.178 0.029 0.073 0.026 0.214 -0.033 0.848
-0.045 -0.069 0.032 0.028 -0.022 0.012 0.018 -0.032 -0.057 0.099 0.141 -0.023 0.216 -0.059 0.153 0.091 -0.145 -0.186 -0.085 -0.135 -0.140 0.176 -0.051 0.497 0.124 0.287 -0.013 0.085 0.520 -0.320 -0.060 0.107
-0.002 -0.059 -0.009 0.039 0.032 -0.022 -0.055 -0.008 -0.051 0.195 0.048 -0.080 -0.123 0.216 -0.296 0.057 0.009 0.075 -0.080 -0.030 -0.048 0.030 -0.157 -0.428 0.111 -0.145 0.328 0.338 0.383 -0.239 0.303 -0.114
-0.023 0.045 -0.004 -0.057 -0.076 -0.021 -0.100 -0.087 0.094 0.191 -0.114 0.015 0.188 0.094 -0.223 0.116 -0.048 -0.060 0.063 0.006 0.028 0.499 0.422 0.050 0.295 0.141 -0.018 -0.023 -0.175 0.235 0.405 0.079
-0.052 0.026 0.050 0.077 0.118 -0.009 -0.098 0.197 -0.200 0.346 -0.119 -0.232 -0.197 0.174 0.036 -0.040 -0.078 -0.146 -0.157 -0.528 0.209 0.183 0.075 0.133 -0.274 -0.223 0.083 0.011 -0.163 0.009 -0.161 0.101
-0.002 0.029 0.055 -0.004 -0.030 -0.018 -0.035 -0.099 0.286 0.169 0.079 -0.304 0.007 -0.259 -0.016 -0.250 0.074 -0.219 -0.019 0.078 0.214 -0.243 0.270 -0.073 -0.000 0.153 0.068 -0.010 -0.242 -0.549 0.112 0.036
-0.063 -0.000 0.194 -0.158 -0.087 0.027 0.089 0.055 0.169 -0.019 0.319 -0.245 0.087 -0.211 0.031 -0.303 0.139 0.071 -0.113 -0.143 -0.454 0.391 0.005 -0.294 -0.027 -0.099 -0.103 0.022 0.009 0.093 -0.206 0.056
-0.040 0.001 -0.001 0.000 0.042 0.031 -0.153 0.156 -0.088 0.338 -0.198 -0.106 -0.073 -0.006 0.025 0.020 0.237 -0.056 -0.057 0.230 -0.030 -0.113 0.175 -0.098 0.301 0.325 0.064 0.168 0.088 0.222 -0.516 -0.218
0.055 0.177 0.229 0.026 0.113 0.067 -0.121 0.203 -0.069 -0.179 -0.023 -0.101 -0.251 0.026 -0.090 0.073 -0.191 0.306 0.486 -0.024 -0.290 -0.093 0.384 0.081 -0.116 0.102 0.029 0.171 0.045 -0.140 -0.034 0.158
0.049 0.046 -0.036 0.025 -0.042 -0.041 0.180 0.037 0.053 -0.024 0.187 0.373 0.050 0.062 -0.207 -0.017 0.361 0.495 -0.318 -0.197 0.218 -0.011 0.259 0.086 -0.051 0.155 0.092 0.036 0.013 -0.122 -0.143 0.146
-0.027 0.015 0.025 0.058 -0.689 -0.006 0.176 -0.029 0.126 -0.028 -0.453 0.084 0.015 0.136 -0.025 0.031 -0.135 -0.081 -0.132 -0.201 -0.286 -0.182 0.128 -0.074 -0.033 -0.031 -0.006 -0.002 0.007 -0.096 -0.079 -0.042
-0.008 0.073 0.023 -0.037 -0.017 0.030 -0.114 -0.078 0.029 -0.019 0.164 0.014 0.190 -0.244 -0.300 0.122 -0.155 -0.068 0.074 -0.105 0.020 -0.198 0.142 0.095 0.301 -0.462 0.383 -0.292 0.102 0.091 -0.272 0.031
-0.038 -0.096 0.057 0.120 0.489 -0.199 -0.157 0.070 0.230 -0.195 -0.174 0.244 -0.053 -0.011 -0.089 -0.104 -0.334 -0.080 -0.459 -0.049 -0.275 -0.047 0.086 -0.028 0.116 0.049 -0.033 0.020 -0.118 -0.061 -0.016 -0.087
0.099 -0.003 -0.062 0.062 -0.108 0.033 0.074 -0.373 0.158 -0.109 0.284 0.057 -0.227 0.102 -0.268 0.005 -0.282 -0.154 0.158 -0.132 0.111 0.159 -0.167 0.028 -0.043 0.293 0.121 0.262 -0.228 0.076 -0.311 -0.182
-0.426 -0.235 0.221 -0.086 -0.109 0.214 -0.284 -0.245 -0.046 0.257 -0.042 0.224 0.025 -0.094 0.133 -0.315 -0.307 0.371 0.047 0.014 0.139 -0.046 -0.049 -0.014 -0.028 0.014 -0.004 0.020 0.018 0.043 0.017 -0.016
-0.029 0.005 -0.015 0.027 0.008 -0.193 -0.082 0.093 0.184 0.093 0.049 -0.206 0.088 0.204 -0.323 -0.092 -0.133 0.068 0.043 0.007 0.062 -0.084 -0.024 -0.093 -0.337 0.310 -0.101 -0.542 0.323 0.143 -0.008 -0.114
0.044 -0.322 -0.551 -0.239 -0.050 -0.360 0.006 -0.136 -0.388 -0.065 -0.077 -0.149 -0.111 -0.159 -0.114 -0.264 -0.053 0.128 0.022 0.009 -0.149 0.024 0.147 0.104 -0.012 0.005 0.056 0.006 -0.021 -0.038 -0.005 0.003
0.019 0.034 -0.109 0.036 0.051 -0.104 -0.123 0.046 0.179 0.076 -0.228 -0.135 0.580 -0.040 -0.239 0.072 -0.040 0.168 0.064 0.170 0.017 0.042 -0.185 0.112 -0.283 -0.153 -0.075 0.408 -0.123 -0.057 -0.186 0.075
0.161 -0.054 -0.158 0.337 0.293 0.259 0.208 -0.533 0.106 0.064 -0.209 -0.266 0.073 0.153 0.206 0.014 0.035 0.247 0.027 -0.080 -0.115 0.014 0.100 -0.079 0.067 -0.041 0.031 -0.155 0.069 -0.000 -0.091 0.084
-0.040 0.035 0.123 -0.083 0.019 -0.048 -0.053 0.059 -0.188 0.053 -0.038 -0.159 0.121 0.084 -0.131 0.124 0.082 0.253 0.063 -0.278 -0.181 -0.102 -0.439 0.043 0.382 0.233 -0.029 -0.220 -0.395 -0.216 0.040 -0.053
-0.012 -0.315 -0.465 -0.086 -0.074 0.395 -0.392 0.277 0.364 -0.133 0.146 -0.033 0.001 0.174 0.123 0.092 0.079 0.013 0.054 -0.197 -0.042 -0.064 0.027 0.003 0.056 0.007 -0.009 0.009 -0.032 -0.017 0.019 0.002
-0.003 -0.024 -0.017 0.010 0.093 0.237 -0.093 -0.051 0.007 -0.137 -0.413 0.110 -0.126 -0.588 -0.251 0.085 0.222 -0.090 0.095 -0.268 0.078 0.164 -0.148 -0.116 -0.137 0.179 -0.002 -0.055 0.164 -0.003 0.041 0.021
-0.633 -0.046 -0.076 -0.095 0.051 -0.302 0.177 -0.087 0.266 -0.024 0.011 -0.177 -0.216 -0.093 0.111 0.508 0.044 0.107 -0.006 0.005 0.023 0.014 0.021 0.003 -0.034 -0.021 0.034 0.026 -0.008 0.016 -0.034 0.041
-0.016 0.071 0.010 -0.126 -0.025 0.313 0.190 0.120 -0.225 -0.287 0.044 -0.389 0.185 -0.147 0.010 0.124 -0.328 0.135 -0.362 -0.051 0.223 -0.117 0.129 -0.084 -0.001 0.169 0.029 0.145 0.005 0.173 0.121 -0.173
-0.494 0.052 0.058 0.048 0.073 0.141 -0.098 -0.168 -0.243 -0.417 -0.042 -0.062 0.167 0.351 -0.197 -0.230 0.303 -0.287 0.015 0.020 -0.026 -0.037 0.082 0.027 -0.036 0.026 0.056 0.033 0.003 -0.033 -0.050 0.096
0.066 0.033 0.064 -0.084 0.074 -0.393 -0.035 -0.000 0.095 -0.168 -0.071 0.068 0.318 0.018 0.401 -0.134 0.037 -0.032 0.277 -0.411 0.162 -0.091 0.051 -0.209 0.052 0.153 0.278 0.138 0.090 0.160 0.046 -0.090
0.029 0.379 -0.121 -0.758 0.218 0.186 0.130 -0.146 0.134 0.158 -0.140 0.116 -0.035 0.166 -0.004 -0.056 -0.036 -0.061 -0.022 -0.037 -0.089 -0.091 -0.036 0.049 -0.070 -0.001 0.017 0.002 0.063 -0.038 -0.018 0.022
0.028 -0.115 0.006 0.012 0.058 0.040 -0.119 -0.213 -0.251 0.261 0.272 0.173 0.200 -0.095 0.008 0.343 0.067 -0.185 -0.064 -0.108 -0.346 -0.296 0.145 -0.177 -0.358 0.153 0.003 0.038 -0.150 0.117 0.111 0.062
0.267 0.102 0.217 -0.171 -0.175 -0.183 -0.587 -0.360 0.009 -0.219 -0.029 -0.202 -0.150 0.055 0.105 0.185 0.134 0.104 -0.286 0.046 0.075 0.041 -0.014 0.057 -0.039 -0.042 -0.064 0.004 0.082 0.007 -0.033 0.065
-0.190 0.703 -0.427 0.314 -0.094 -0.041 -0.227 -0.023 -0.054 0.068 0.121 0.047 -0.035 -0.150 0.102 -0.126 -0.072 0.075 -0.065 -0.068 -0.087 -0.013 -0.063 -0.046 0.045 0.036 -0.072 0.030 0.024 0.032 0.082 -0.028

Principal components
-0.013946704793894 0.0076835379904432 -0.01149067700296 -0.0011393547706393 0.001786510206109 0.00090495510978643 0.0065222278056107 0.0097839274545578 0.0022635100632217 -0.00011506125043967 0.0062042891365732 -0.0057274446375032 -0.00024246912913498 -0.00036275303979881 0.00088600012275414 -6.8253479041131e-05 -4.0964874186938e-05 2.3987773001127e-05 -5.6468364737762e-06 -3.258268474073e-05 -4.3071109840471e-05 -8.519387356693e-06 -2.5967548240519e-05 -2.4133283049357e-05 2.2409148209627e-05 1.8512353398197e-05 -2.5968599685161e-05 1.2452429696692e-05 4.1350488684025e-06 1.3162327329042e-05 3.7605750924717e-05 -1.6948768764046e-05
-0.028553393167927 0.0048858873188257 0.016240760249801 0.012694627649833 0.017668632653712 0.0066793843414375 -0.00023816682684958 -0.00084386250693871 0.0011572290072712 -0.00027418806896736 -0.00024443904695392 -0.00023936667666461 -0.0021634779935441 0.00064480318986029 -0.002620180056314 -6.8253479039082e-05 -4.0964874186913e-05 2.3987773001478e-05 -5.6468364740713e-06 -3.2582684740214e-05 -4.3071109840538e-05 -8.5193873566283e-06 -2.5967548240494e-05 -2.4133283049361e-05 2.2409148209769e-05 1.8512353397998e-05 -2.5968599685315e-05 1.2452429696719e-05 4.1350488683969e-06 1.3162327329046e-05 3.7605750924754e-05 -1.6948768764033e-05
0.010114946213259 -0.012915436236685 0.029528246052993 -0.006541844789191 -0.0013297211454632 0.0012480707902653 -0.0057052872474489 -0.0047755119942604 -0.0057744566749751 0.0042169448129468 0.0019653263283439 -0.0045726428737795 0.0020678532395814 -0.0019921806900925 0.00030973953511138 -6.8253479039696e-05 -4.0964874187082e-05 2.3987773001009e-05 -5.6468364740844e-06 -3.2582684740426e-05 -4.3071109840551e-05 -8.5193873566652e-06 -2.5967548240641e-05 -2.4133283049321e-05 2.2409148209742e-05 1.8512353398096e-05 -2.5968599685282e-05 1.2452429696738e-05 4.1350488684415e-06 1.3162327329074e-05 3.7605750924777e-05 -1.694876876411e-05
0.0072746222420225 -0.017231766895177 0.020967897001431 0.0033049787193461 -0.0039145403931414 0.0076946571548981 0.015321602284963 0.0040151093616866 0.0029388763457491 -0.0029184431003805 -0.0015613121786829 0.0030931989940613 0.0012728952879037 0.00098201572655844 0.0013369667655092 -6.8253479039734e-05 -4.0964874187001e-05 2.398777300137e-05 -5.6468364739762e-06 -3.2582684740655e-05 -4.3071109840622e-05 -8.5193873564187e-06 -2.5967548240681e-05 -2.4133283049319e-05 2.2409148209741e-05 1.8512353398073e-05 -2.5968599685346e-05 1.2452429696634e-05 4.1350488684946e-06 1.3162327329123e-05 3.7605750924776e-05 -1.6948768764078e-05
0.049985883072043 0.019365619369346 -0.0026324771736461 0.014370535332714 0.011326666980464 0.001471580576661 -0.0050486161041889 -0.0021922699992383 0.0034686487609619 -0.0037159377827821 -0.00016308145275901 -0.0012087242854571 0.0010331225404039 0.00021283139146836 0.00087248798032831 -6.8253479039746e-05 -4.0964874186902e-05 2.3987773001266e-05 -5.6468364741481e-06 -3.2582684740593e-05 -4.3071109840515e-05 -8.5193873565255e-06 -2.5967548240555e-05 -2.4133283049323e-05 2.2409148209704e-05 1.8512353398113e-05 -2.5968599685254e-05 1.2452429696674e-05 4.1350488684846e-06 1.3162327329076e-05 3.760575092475e-05 -1.6948768764076e-05
-0.0045485386165413 0.032096116597566 0.011966339507109 -0.0010547971219496 -0.0075051774422193 -0.0069326393892693 0.0044299356382267 0.00067255687547229 -0.00893943480741 -0.0011571920002525 -0.0018768526311452 0.0010034770114687 -0.0036371371967635 -0.00056783825323616 0.0010317379257795 -6.8253479040318e-05 -4.0964874187185e-05 2.3987773001085e-05 -5.6468364740638e-06 -3.2582684740341e-05 -4.3071109840308e-05 -8.5193873566496e-06 -2.5967548240639e-05 -2.4133283049335e-05 2.2409148209691e-05 1.8512353398019e-05 -2.59685996853e-05 1.2452429696644e-05 4.1350488685198e-06 1.3162327329069e-05 3.7605750924752e-05 -1.6948768764019e-05
-0.030204009227801 -0.0012496214267092 -0.0033548813807434 -0.010917139602891 -0.0011855446366467 0.0070340501689396 -0.010038412766502 -0.0068001503822045 0.0048559521975273 -0.0056411557652925 -0.00070822783150658 -0.00012502367417841 -0.0012717149845698 0.00026693341566738 0.0022723281253243 -6.8253479039808e-05 -4.0964874186957e-05 2.39877730009e-05 -5.6468364742689e-06 -3.2582684740884e-05 -4.3071109840545e-05 -8.5193873564285e-06 -2.5967548240614e-05 -2.4133283049353e-05 2.2409148209725e-05 1.8512353398048e-05 -2.5968599685291e-05 1.2452429696563e-05 4.1350488685615e-06 1.316232732908e-05 3.7605750924777e-05 -1.6948768764011e-05
-0.0068000830454983 0.020987960093159 -0.0060273586903947 -0.016579500285313 0.0015159564886321 0.0024649245585025 0.0021638303969266 0.0026495497116796 0.0034297391121462 0.0022535105850852 -0.0050204831747826 2.7924292605701e-05 0.0045162419646003 -0.0024366577678513 -0.0010814880615195 -6.8253479039405e-05 -4.096487418701e-05 2.3987773001259e-05 -5.6468364740647e-06 -3.2582684740277e-05 -4.3071109840604e-05 -8.5193873565777e-06 -2.596754824057e-05 -2.4133283049274e-05 2.240914820968e-05 1.8512353398004e-05 -2.5968599685312e-05 1.2452429696771e-05 4.1350488684331e-06 1.3162327329e-05 3.7605750924687e-05 -1.6948768764068e-05
-0.0028490179293066 -0.0073304129020235 0.0027630867439879 0.0096057665972654 -0.0093304795020886 -0.0020247218869932 -0.015066174837267 0.01186568907226 0.00093522148450992 0.0037054663288854 -0.0029618198635494 0.00066528727649194 -0.00016775624519465 0.0019894563543384 0.0002991272849646 -6.8253479039451e-05 -4.0964874186939e-05 2.3987773001302e-05 -5.646836474027e-06 -3.2582684740795e-05 -4.3071109840563e-05 -8.5193873564794e-06 -2.5967548240588e-05 -2.4133283049355e-05 2.2409148209733e-05 1.8512353398067e-05 -2.5968599685267e-05 1.2452429696649e-05 4.135048868453e-06 1.3162327329109e-05 3.7605750924792e-05 -1.6948768764073e-05
0.013551970364824 0.00061081244097228 0.0075010139645545 -0.020401060504607 0.0014696540522765 -0.011120119956936 -0.0015578889331914 -0.00026648618293509 0.0034194264020122 -0.0014566245689268 0.0039109167547578 0.0027540616000184 -0.00021375220446576 0.0040338531061517 -0.0013380110489845 -6.8253479039135e-05 -4.096487418665e-05 2.3987773001411e-05 -5.6468364740667e-06 -3.2582684740511e-05 -4.307110984059e-05 -8.5193873565071e-06 -2.5967548240601e-05 -2.4133283049379e-05 2.2409148209775e-05 1.851235339806e-05 -2.5968599685336e-05 1.2452429696611e-05 4.1350488685293e-06 1.3162327329031e-05 3.760575092476e-05 -1.6948768764017e-05
0.0016858196094379 -0.01038826659707 -0.013562047520982 0.0055113947207706 -0.011744368251359 -0.0054994509408498 0.0068936639107592 -0.0066944561674801 0.0011881438476859 -0.00012735990957928 -0.0041788913525088 -0.0056758112826557 -0.00074945701748212 0.0027885766121123 -0.00097402455352472 -6.8253479039769e-05 -4.0964874186833e-05 2.398777300117e-05 -5.6468364742268e-06 -3.2582684740343e-05 -4.3071109840328e-05 -8.5193873566255e-06 -2.5967548240545e-05 -2.4133283049412e-05 2.2409148209655e-05 1.8512353398003e-05 -2.5968599685349e-05 1.245242969676e-05 4.135048868458e-06 1.316232732908e-05 3.7605750924726e-05 -1.6948768764038e-05
0.023001202324299 -0.0014962834930118 -0.014613177419873 -0.0052332025228442 -0.013674713526636 0.016540373433927 -0.0012409193392512 -0.00042844331214001 -0.0023064481073687 0.0012725638097047 0.0022089373753515 0.0019854275567381 -0.0028618764106889 -0.0014146844439904 -0.0015302133186237 -6.8253479039521e-05 -4.0964874187113e-05 2.3987773001352e-05 -5.646836473837e-06 -3.2582684740457e-05 -4.3071109840515e-05 -8.5193873566708e-06 -2.596754824057e-05 -2.4133283049344e-05 2.2409148209761e-05 1.851235339803e-05 -2.5968599685244e-05 1.2452429696702e-05 4.1350488683983e-06 1.316232732903e-05 3.7605750924759e-05 -1.6948768764046e-05
-0.0043246506235905 0.001803752757935 -0.0046720581245481 0.0072416065974053 0.001517119440626 -0.0052139642389945 0.0034977340278609 -0.0058778933050443 0.0070100276050842 0.010757896893116 0.0015486684127819 0.0030647006607289 -0.0013521364445566 -0.0014612347557104 0.0012174705945676 -6.8253479041027e-05 -4.0964874187515e-05 2.3987773001124e-05 -5.646836473812e-06 -3.2582684740529e-05 -4.3071109840498e-05 -8.5193873564884e-06 -2.5967548240721e-05 -2.4133283049284e-05 2.2409148209702e-05 1.8512353398031e-05 -2.5968599685236e-05 1.245242969659e-05 4.1350488685709e-06 1.3162327329053e-05 3.7605750924719e-05 -1.6948768764083e-05
-0.019992697836707 0.0046775437661327 -0.012752192987586 0.013343795300675 -0.0050525242052451 0.00035652067229389 -0.00064023650981791 -0.003998379868844 -0.0074749603829304 -0.001046626444671 0.0034054732241813 0.0031352814179321 0.0050837330169701 0.0017758654773148 -3.7778652006742e-05 -6.8253479037853e-05 -4.0964874186732e-05 2.3987773001304e-05 -5.6468364740365e-06 -3.2582684740458e-05 -4.3071109840685e-05 -8.5193873564515e-06 -2.5967548240618e-05 -2.4133283049256e-05 2.2409148209773e-05 1.851235339813e-05 -2.5968599685263e-05 1.2452429696688e-05 4.1350488684901e-06 1.316232732905e-05 3.760575092478e-05 -1.6948768764087e-05
-0.002056086828784 -0.016227375937921 -0.0031310972007558 0.0065526265893655 -0.0037436017235822 -0.012312165595673 -0.0015719746706456 0.001146843256142 0.0018111854686224 -0.0063798028983503 0.00066067913500778 0.0014381497978408 -0.00028891488444629 -0.0057200674035966 -0.00095909760704624 -6.8253479040556e-05 -4.0964874187157e-05 2.3987773001306e-05 -5.6468364739719e-06 -3.2582684740151e-05 -4.3071109840417e-05 -8.5193873568274e-06 -2.5967548240471e-05 -2.413328304925e-05 2.2409148209748e-05 1.8512353398001e-05 -2.5968599685246e-05 1.2452429696747e-05 4.1350488683306e-06 1.3162327329034e-05 3.7605750924787e-05 -1.6948768764034e-05
0.0060296389822586 -0.020587777366629 -0.019919264551404 -0.0083992115311811 0.021769082393638 -0.0013449571574314 0.0014470212960043 0.002031446238473 -0.0083597707566235 0.001361645646053 -0.0023280283803619 0.0009523841036043 -0.0010792096159351 0.00016685130906935 0.00088663714803851 -6.8253479039743e-05 -4.0964874187141e-05 2.3987773001138e-05 -5.6468364740703e-06 -3.2582684740473e-05 -4.3071109840491e-05 -8.5193873566117e-06 -2.5967548240583e-05 -2.4133283049404e-05 2.2409148209716e-05 1.8512353398004e-05 -2.5968599685338e-05 1.2452429696657e-05 4.1350488685007e-06 1.316232732905e-05 3.7605750924739e-05 -1.6948768764045e-05

Componentes principales (centrados)
-0.0138448	0.0073908	-0.0112914	-0.0012868	0.0018132	0.0009083	0.0065742	0.0097659	0.0022871	-0.0001610	0.0061505	-0.0057631	-0.0002391	-0.0002944	0.0008503	-0.0000000	0.0000000	-0.0000000	0.0000000	-0.0000000	0.0000000	-0.0000000	0.0000000	-0.0000000	-0.0000000	0.0000000	0.0000000	0.0000000	-0.0000000	-0.0000000	-0.0000000	0.0000000	
-0.0284514	0.0045931	0.0164400	0.0125472	0.0176953	0.0066827	-0.0001862	-0.0008618	0.0011808	-0.0003202	-0.0002983	-0.0002750	-0.0021601	0.0007132	-0.0026559	0.0000000	0.0000000	0.0000000	-0.0000000	0.0000000	-0.0000000	-0.0000000	0.0000000	-0.0000000	0.0000000	-0.0000000	-0.0000000	0.0000000	-0.0000000	-0.0000000	0.0000000	0.0000000	
0.0102169	-0.0132082	0.0297275	-0.0066893	-0.0013030	0.0012514	-0.0056533	-0.0047935	-0.0057509	0.0041710	0.0019115	-0.0046083	0.0020712	-0.0019238	0.0002740	0.0000000	-0.0000000	-0.0000000	-0.0000000	0.0000000	-0.0000000	-0.0000000	-0.0000000	0.0000000	0.0000000	0.0000000	0.0000000	0.0000000	-0.0000000	0.0000000	0.0000000	-0.0000000	
0.0073766	-0.0175245	0.0211671	0.0031575	-0.0038878	0.0076980	0.0153736	0.0039971	0.0029624	-0.0029644	-0.0016151	0.0030575	0.0012763	0.0010504	0.0013012	0.0000000	0.0000000	0.0000000	0.0000000	-0.0000000	-0.0000000	0.0000000	-0.0000000	0.0000000	0.0000000	0.0000000	-0.0000000	-0.0000000	0.0000000	0.0000000	0.0000000	-0.0000000	
0.0500878	0.0190729	-0.0024332	0.0142231	0.0113534	0.0014749	-0.0049966	-0.0022102	0.0034922	-0.0037619	-0.0002169	-0.0012444	0.0010365	0.0002812	0.0008368	0.0000000	0.0000000	0.0000000	-0.0000000	-0.0000000	-0.0000000	0.0000000	0.0000000	0.0000000	-0.0000000	0.0000000	0.0000000	-0.0000000	0.0000000	0.0000000	-0.0000000	-0.0000000	
-0.0044466	0.0318033	0.0121656	-0.0012022	-0.0074785	-0.0069293	0.0044819	0.0006546	-0.0089159	-0.0012032	-0.0019307	0.0009678	-0.0036338	-0.0004994	0.0009960	-0.0000000	-0.0000000	-0.0000000	-0.0000000	0.0000000	0.0000000	-0.0000000	-0.0000000	-0.0000000	-0.0000000	-0.0000000	-0.0000000	-0.0000000	0.0000000	0.0000000	-0.0000000	0.0000000	
-0.0301021	-0.0015424	-0.0031556	-0.0110646	-0.0011589	0.0070374	-0.0099864	-0.0068181	0.0048795	-0.0056871	-0.0007620	-0.0001607	-0.0012683	0.0003353	0.0022366	-0.0000000	0.0000000	-0.0000000	-0.0000000	-0.0000000	-0.0000000	0.0000000	-0.0000000	-0.0000000	0.0000000	-0.0000000	-0.0000000	-0.0000000	0.0000000	0.0000000	0.0000000	0.0000000	
-0.0066981	0.0206952	-0.0058281	-0.0167270	0.0015426	0.0024683	0.0022158	0.0026316	0.0034533	0.0022075	-0.0050743	-0.0000078	0.0045196	-0.0023683	-0.0011172	0.0000000	-0.0000000	0.0000000	-0.0000000	0.0000000	-0.0000000	0.0000000	0.0000000	0.0000000	-0.0000000	-0.0000000	-0.0000000	0.0000000	-0.0000000	-0.0000000	-0.0000000	-0.0000000	
-0.0027471	-0.0076232	0.0029623	0.0094583	-0.0093038	-0.0020214	-0.0150142	0.0118477	0.0009588	0.0036595	-0.0030156	0.0006296	-0.0001644	0.0020578	0.0002634	0.0000000	0.0000000	0.0000000	0.0000000	-0.0000000	-0.0000000	0.0000000	0.0000000	-0.0000000	0.0000000	0.0000000	0.0000000	-0.0000000	-0.0000000	0.0000000	0.0000000	-0.0000000	
0.0136539	0.0003180	0.0077003	-0.0205485	0.0014963	-0.0111168	-0.0015059	-0.0002845	0.0034430	-0.0015026	0.0038571	0.0027184	-0.0002104	0.0041022	-0.0013737	0.0000000	0.0000000	0.0000000	-0.0000000	-0.0000000	-0.0000000	0.0000000	-0.0000000	-0.0000000	0.0000000	0.0000000	-0.0000000	-0.0000000	0.0000000	-0.0000000	0.0000000	0.0000000	
0.0017878	-0.0106810	-0.0133628	0.0053639	-0.0117177	-0.0054961	0.0069456	-0.0067124	0.0012117	-0.0001733	-0.0042327	-0.0057115	-0.0007461	0.0028570	-0.0010098	-0.0000000	0.0000000	-0.0000000	-0.0000000	0.0000000	0.0000000	-0.0000000	0.0000000	-0.0000000	-0.0000000	-0.0000000	-0.0000000	0.0000000	-0.0000000	0.0000000	-0.0000000	0.0000000	
0.0231031	-0.0017891	-0.0144139	-0.0053807	-0.0136480	0.0165437	-0.0011889	-0.0004464	-0.0022829	0.0012266	0.0021551	0.0019497	-0.0028585	-0.0013463	-0.0015659	0.0000000	-0.0000000	0.0000000	0.0000000	0.0000000	-0.0000000	-0.0000000	0.0000000	-0.0000000	0.0000000	-0.0000000	0.0000000	0.0000000	-0.0000000	-0.0000000	0.0000000	0.0000000	
-0.0042227	0.0015110	-0.0044728	0.0070942	0.0015438	-0.0052106	0.0035497	-0.0058959	0.0070336	0.0107119	0.0014948	0.0030290	-0.0013488	-0.0013928	0.0011817	-0.0000000	-0.0000000	-0.0000000	0.0000000	-0.0000000	0.0000000	0.0000000	-0.0000000	0.0000000	-0.0000000	-0.0000000	0.0000000	-0.0000000	0.0000000	-0.0000000	-0.0000000	-0.0000000	
-0.0198908	0.0043848	-0.0125529	0.0131963	-0.0050258	0.0003599	-0.0005883	-0.0040164	-0.0074514	-0.0010926	0.0033517	0.0030996	0.0050871	0.0018443	-0.0000735	0.0000000	0.0000000	0.0000000	-0.0000000	0.0000000	-0.0000000	0.0000000	-0.0000000	0.0000000	0.0000000	0.0000000	0.0000000	0.0000000	0.0000000	-0.0000000	0.0000000	-0.0000000	
-0.0019541	-0.0165201	-0.0029319	0.0064052	-0.0037169	-0.0123088	-0.0015200	0.0011289	0.0018348	-0.0064258	0.0006069	0.0014025	-0.0002855	-0.0056517	-0.0009948	-0.0000000	-0.0000000	0.0000000	0.0000000	0.0000000	0.0000000	-0.0000000	0.0000000	0.0000000	0.0000000	-0.0000000	0.0000000	0.0000000	-0.0000000	-0.0000000	0.0000000	0.0000000	
0.0061316	-0.0208805	-0.0197200	-0.0085467	0.0217958	-0.0013416	0.0014990	0.0020135	-0.0083362	0.0013157	-0.0023819	0.0009167	-0.0010758	0.0002352	0.0008509	0.0000000	-0.0000000	-0.0000000	-0.0000000	0.0000000	0.0000000	-0.0000000	0.0000000	-0.0000000	-0.0000000	-0.0000000	-0.0000000	-0.0000000	0.0000000	-0.0000000	-0.0000000	0.0000000	


Correlaciones entre CP1 y las variables:
0.102310
0.019914
0.535475
-0.511541
-0.025792
-0.239104
-0.334727
-0.018967
-0.316238
-0.337121
0.228232
0.415957
-0.075783
-0.090526
-0.129038
0.550229
-0.822309
-0.259826
0.085699
0.127945
0.435701
-0.311057
-0.024238
-0.022729
-0.963395
-0.081926
-0.951975
0.343181
0.055002
0.177795
0.629493
-0.285184

Right mouse button: more correlation

Data directory C:/Users/vmc04/Desktop/CLIC practice for workflow tutorial/MOG result files/Field 18 scaled data for tutorial_PW.txt <-> C:/Users/vmc04/Desktop/CLIC practice for workflow tutorial/MOG result files/Field 18 scaled data for tutorial_PW.txt
