consensus aligned to its principal axes - from coord_Jul27_Format.txt
-0.36221103144082378 -0.10228041000680664
-0.08446981200722592 -0.13044765455584692
0.27996839652836836 -0.061408893586004758
0.30015551603051444 -0.031675270168594324
0.30987411778051643 -0.00096663634392332623
0.30048846319119416 0.031187297101968325
0.26507558288692851 0.061368260181077813
0.1949863714691718 0.097275655892832921
0.083765730401452437 0.12858584849268442
-0.082099160065300852 0.15330490993686585
-0.36124256566834334 0.013701999228970392
-0.2125564865366476 0.011691995833138817
-0.21221619334484906 -0.017326819937902419
-0.14171797813745735 -0.005438194577185914
-0.14227036691214073 -0.037985157167560533
-0.14271132400501338 -0.069269531882572066
-0.023828232577778868 -0.075200208798427648
0.031008972407435272 0.034882810357286236