C:/Users/vmc04/Desktop/Wing saga/Lab reared wings for landmarking/13/TLC/TLCFA/coord_Jul24_Format - {Procrustes residues OP} - 1 20 26 0	from C:/Users/vmc04/Desktop/Lab reared wings for landmarking/13/TLC/TLCFA/coord_Jul24.txt - TPS like internal (simplified) format - can be converted to other format by using TET - Orthogonal projection of the preshape data to the Kendall tangent space
0.0043508603535420496 -0.010972623004561468 -0.0054420261480285477 -0.0045417072942791408 -0.0045313150170238495 -0.0051936088831744066 -0.0003012834864803289 0.00042725878297024324 -0.00091639592212171359 -0.0032750293298626798 0.0046177023807081642 0.00023287709471305536 0.0011241289315845526 0.0022388938167667047 -0.0028816579546407177 0.00024964153746733343 -0.00067566275197826573 0.00026933824362685636 0.0053186042225900386 0.0022331632039436994 -0.0057038313703061758 0.0005818515581313096 0.0021659562173203723 0.0083621719251823021 0.0028749205448329218 0.0093877723490761039
-0.0036863185270053769 0.0022224734098862014 0.0012345384107130368 -0.0010063691862212379 -0.00072097999629062949 -0.0032823577167936935 0.010755196137609974 0.0069807921056159071 0.0013130684854322102 9.8816533923240117e-05 -0.00018725861880654533 -0.0041099609434866726 0.0045315106641609613 -0.004209810910861856 0.014949201199197123 0.0071033727144469436 -0.0073923491241055933 0.001007461005576988 -0.015751280232922663 0.0009597815172450937 0.0034443492018406707 0.0016701397950871948 -0.0025068757333715922 -0.0010317787606706644 -0.0059828018664515202 -0.0064025595637476895
0.0026079367730927018 -0.0091501358379450955 0.0014710688366134012 -0.0062878987051816389 0.002228399437279459 -0.0061726864205269381 0.010878806663786947 0.0041302825646488631 0.0024350240674559892 -0.011164211680801927 0.0013149577800597909 -0.0083134445103774084 -0.002879089332796886 -0.0012827854114785542 -0.001649593031112279 0.0042627183587297304 -0.0038849675856233506 0.0068427180160115578 -0.011349673524631246 0.010719221319204331 0.0078324271811552083 0.0043853723056660717 -0.0034665443166854285 0.0076385338057342366 -0.0055387529485950212 0.0043923161963170254
0.0062567177577779239 -0.0014152699988553429 0.0033768343468960952 0.00014245663977901807 -0.00026232607899639494 -0.00082268413748324794 -0.0014519307442955568 0.0023334137295363596 -0.00094769807374985591 -0.0038673532400614373 0.00080935997067442794 -0.0037223497575875619 -0.0010322842135569393 0.0013469813449868905 0.0014730285604101123 0.0023593750771638013 0.0053288238268616355 0.00030189154401099146 -0.0011277709617198389 2.48647324131362e-05 -0.0049631874342761697 -0.0022290168341712138 -0.0045373198960601555 0.0038431009233999402 -0.0029222470599670983 0.0017045899768683564
-0.0080487731361730212 0.0036795130196061714 -0.0023565448238053142 -0.0019066686495355463 -0.0022251444076222546 0.0015035370981344156 0.0014001710198902797 -0.00041929718977984766 0.00067037848774910099 0.0057240732061277534 -0.00052054308037754256 0.003116151740601503 -0.0050360657676242118 0.0019691558935482321 0.011306915813502702 0.0013666602687519337 -0.00328778625574612 -0.0029439350299656289 0.0075257595020240342 -0.0055369677332708558 0.0044409170885543227 -0.00085386908563016165 -0.0037894560357031909 -0.003698635137621779 -7.9828404669287333e-05 -0.0019997184009664104
-0.004843144874505041 0.0064426182567815888 -0.0026212096128388407 0.0038691218630949459 0.0036442923600243883 0.004860221592145446 -0.010817599480108563 0.0022961070365041221 0.001046660665282776 0.0073600614100306242 0.0020788586140924104 0.0038723682175800106 -0.0020821584624671347 0.0032668291916983826 0.0010899320877628435 -0.0042804920215608749 -0.0030907256366381293 -0.0040144285292555764 0.0090777900949487785 -0.0068613045904452313 -0.0048524079340007981 -0.00097907093832688675 0.0071003235653982226 -0.0086341451697127813 0.0042693886130488442 -0.0071978863185334363
0.0063419276285957699 -0.0059234870144072244 0.0027143093687836688 -0.0051269301202228014 0.00090404469781282001 -0.0053695442699813753 0.012709788653699275 0.0010032455464858872 0.0013649625940353586 -0.004012878668914358 0.0014427244312392581 -0.00076840104064922806 -0.000682706625337976 -0.0014369923720698192 -0.0038159559211732434 -0.0018915870011837065 -0.0042375679295138195 0.0011189090806287068 -0.0030356339306071298 0.0029399226214679147 0.0052592704882897358 0.008815901666041381 -0.0028342087810970321 0.0059980303102795344 -0.016130954674726812 0.0046538112625251621
0.0058702438258453589 -0.0024316868243707459 -0.002267775511892378 -0.0039878258086256226 -0.0011256999377019499 -0.0061579506752242955 -0.0048824030001056399 0.0035149606613217362 0.0044565129149686496 -0.0048187866339036581 0.0071097412554714298 -0.00061900203906931268 0.005353696995673062 0.0026389763141425192 -0.0087021648297641949 -0.00061497905134830168 -0.001634066742487788 0.0059141781881719441 -0.0071765072613386108 0.0046062163650232744 0.0036460448710631866 -0.0017260130774104251 0.0057882163616645643 0.003123496353887264 -0.0064358389413962692 0.00055841622740551711
0.00091337835062086769 0.0028931234025649944 0.0012770814536615562 -0.0024008304840193086 -0.0019549991039623819 -0.0031813281720086692 -0.0037511914688060713 -0.0017090883726295627 0.00014932108691804785 0.0057296186007044425 0.0019829339440263745 0.0062100131922853035 0.0020508684779632276 0.0017198996573545258 -0.0014615924059972272 -0.0045980787589252128 0.00053551541432871855 -0.0015153128597405834 0.0010188725903671901 -0.0012177150992770686 0.0063724752667762858 0.0036674975117906121 0.0068588705775141159 -0.0025448372162617736 -0.013991534183410939 -0.0030529614018376255
0.00052435158858783141 -0.00062160106964384576 -0.0035706383783490328 -0.003808868744237854 0.00099159641720086757 0.0019296479133885155 -0.0156620524618763 -0.00099345792824499812 0.00015682298336010302 0.0073171151730069394 0.0051266277660369603 0.0022094377937314203 0.0035318397816064429 0.00060938271170276562 -0.0023956014938821065 -0.0032397167355043563 0.001924497499420131 -0.00043562027283834996 0.00049769382108879332 -0.0018852085840016164 0.0018490199500972126 0.00014149133433069257 0.0060658737825535569 -0.00042907894211811372 0.0009599687441552492 -0.0007935226495715958
-0.008148709978158742 -0.00057524316872451832 -0.0081541430298330865 -0.0020604059374216286 -0.0061773921542280629 -0.0021786750994488794 0.002265857776736956 -0.00067478919588513024 -0.0071470728132463383 0.0024565301030036006 -0.0042055264088346591 0.0027214695319859494 0.01042938704825426 0.00080410364457428199 0.017390944281946073 0.0042036544843924084 -0.001485788125877115 0.00046308959832223922 -0.002292847049515523 0.0011543877962725808 -0.0043437483981644013 -0.0055705540477239083 0.0036966808200797072 -0.0014064327546637208 0.008172358030841707 0.00066286504531605506
0.0061104209269362284 0.0019063493957736811 0.0050835586272508808 0.00065654500982006113 0.0053989597066397962 0.0035798014463268866 -0.0080751579419617841 -0.0030730929858524087 0.0016573372785556137 0.0017714803438330547 0.00021898420426930501 -0.00053972258440734464 -0.00082647934958961916 -0.0010385203638837055 -0.006479060074345195 -0.0026087507670852703 0.0028357670170152307 -0.00096963607829271927 0.0015030609780033943 -0.002606202342285229 -0.0014993533509699885 -0.0012356795000565298 -0.0064206805562415856 0.0017222574520442523 0.00049264253443859641 0.0024351709740654814
0.0091144221524616688 0.001530459355524851 0.006820068262934657 0.0034068030431583856 0.003005530622055161 0.0032340288361826157 -0.011311439050120534 -0.0048213832903750888 0.0007759337657442997 -0.0016312584790909906 0.00040366702443001283 -3.3739066049659946e-05 -0.0012674084318790083 -0.00053554587081419886 -0.0059983114306497954 -0.00063174752849305899 0.003711781987451623 -0.0023143971900735491 0.0068945956325588212 0.0022206260318233502 -0.0075255809353282962 0.00015530155147662391 -0.004505746080412678 0.00089487766680806284 -0.0001175135192453703 -0.0014740250600772248
0.00019891211809615512 0.0082352076541078109 0.0056943276250895798 0.0033546480157581452 0.0016615334969461567 0.0014288344425751542 0.0072523558929409549 -2.0696209480455612e-05 0.00069194845676381726 0.0024710314626398928 -0.0038021328191735616 -7.3355488694554325e-05 -0.0015067548475485744 -0.0023269058634407349 0.0077853471888348338 0.0041695573215622022 -0.0041505128807627469 -0.0016752771221418903 0.00097767450684978349 -0.003038275025391269 -0.0058467961847704858 -0.0014036371417432546 -0.0047098126819646669 -0.0047065700862734495 -0.0042460898713004309 -0.0064145619594771774
0.0068703358065324823 0.00058982230028924729 -0.0032091667390248442 -0.0021006819626457644 0.00094198399013761401 0.0033579570128322599 -0.0017011175624835294 -0.0010899976221212162 5.1548036277390165e-05 -0.0042125452293297078 0.0045601731701674884 0.00048308114388510615 0.0040317708728691021 0.0030823389264511276 -0.018577623276475018 -0.0015439626438740531 0.0087737894223389856 0.0021670595517422325 0.0034212712725267187 0.0017282668068037644 -0.0079326323094134968 -0.0046055239317675054 -0.0053267332150164484 0.0011127670319251509 0.0080964005315635485 0.00103141861580891
-0.014411973600225232 -0.0018316430646258867 -0.0046360975971393038 0.0071425376228663288 -0.005572484097646783 0.0029728213542549505 -0.0045140162710928843 -0.00071610147399109216 -0.0037342586685926672 0.00084482507394489546 -0.0043734007160492879 0.0013116627835858701 -0.0036131022343115033 0.0013193784163587523 0.0066669786922684913 0.0011197871064110494 0.0027161958338797637 -0.0013642781304022522 0.014367931867084096 -0.0057373291875069945 0.0028604611697345714 0.00011157375285016259 0.0056534053404396836 -0.0022918700811918663 0.008590360281651447 -0.002881364172553455
-0.00060400406852519593 0.001820248289641716 0.0030444618430510145 0.0044245036326674043 -0.00045366941926208151 0.00075014658227171309 0.0053648321578321379 -0.0032432900737550752 0.0010926967259491701 0.00066675517358594433 -0.0032976027033402187 0.0023583152564729906 -0.00024742877542755209 -0.0006051909152003849 -0.01002130903314897 -0.0056302587579581589 0.0023858812573551332 8.9946474574764993e-05 0.0024931490879351935 -0.00093575444566430669 -0.0050653340827670115 0.00020152656122476289 -0.0012148258166657798 -0.0019911360652477687 0.0065231528270139946 0.0020941882873865003
-0.0018716667832083455 0.0076584345828390995 0.0047118911394244045 0.0070807764068722473 -0.0014112962032534297 0.0044507111905946681 0.0040814562593081243 -0.00018470939833915628 -0.00061694641978756555 -0.00051921751911871545 -0.0018176648197357906 -0.0010434377917312759 0.005682847585330662 -0.0025484504028072097 -0.0059387657257860202 -0.0025935071480371126 0.0039591483065354359 -0.00019310882158132315 -0.0049918484995895279 -0.00028767389391564648 -0.00074477557983769829 -0.0047750917372420204 -0.0045382356793179464 -0.0038870130853256701 0.0034958564199170233 -0.0031577123822079944
-0.0087825833272519339 0.0028516957709932896 0.005966796069358165 0.0031046295266591367 0.0058942886770762806 0.0031785426712742887 0.0033602535063404363 -0.0036668241132708688 -0.00032238231573160966 -0.00050957757125582714 -0.0049895801451172979 -0.00073904334742228408 -0.0091199678972831311 -0.00049099415491088319 0.0036525187362218378 0.00055396022988916742 -0.0033293963526180755 -0.0018117138866442901 -0.0045644608505304319 1.4457281605644566e-05 0.0059685405119120748 -0.0003324093811556308 0.0015193198524912823 -0.0034939751470748331 0.0047466535351327142 0.0013412521213136269
-0.0063243288774199498 -0.0080858629934489855 -0.0065120364131972166 -0.00076314559243715165 0.0025804410606191722 0.00062438157795081635 0.0039674566820633471 -0.0011860112063195251 0.00072042186999706219 -0.00061055435740359567 -0.0036674720385032255 -0.0024130030721357561 -0.0060251376260119765 -0.0040902561863772093 0.0035778248301899856 0.0022103915635804557 0.0026990159057020341 -0.00020800352137890739 -0.0022205982531766154 0.0024639658867882872 0.0030042999858304583 0.0034858261258940604 0.0038663252437116111 0.0025003397564757452 0.0043337876301947197 0.0060719320188122178