consensus aligned to its principal axes - from coord_Jul28_Format.txt
-0.3675031576325451 -0.081337552025998988
-0.09113753960568996 -0.11940910997726216
0.27486751745155208 -0.075937738358172704
0.29844623253858182 -0.050611021357376933
0.31239877237710412 -0.021321961406157247
0.30718176648505852 0.011898020905354878
0.26833346023551341 0.046770010400307489
0.19257742436522837 0.085257473150657945
0.084095832878761462 0.11864934254236624
-0.075906826958204623 0.15224450124387426
-0.36194688400934538 0.035878350550917294
-0.21108976818813482 0.022605486773663155
-0.21207971894786332 -0.0039613267366526064
-0.14695362797307282 0.0015901844793512979
-0.14859943596108965 -0.029299228419032874
-0.15075884621919391 -0.057435702439625355
-0.010172735619205569 -0.068915852368571492
0.038247534782546187 0.033336123042358341