consensus aligned to its principal axes - from coord_Jul24_Format.txt
-0.69216195218121279 -0.057022631168467841
0.22379895858675383 -0.075609369040393323
0.24157328885469539 -0.053418703814658353
-0.021340208772426879 -0.087061895019191288
0.25101499698237284 -0.029066907120528833
0.24696751233311653 -0.0010712742118204424
0.20876203433151802 0.024885342455405725
0.011045652129849934 -0.0033386036555193475
0.14248922558564006 0.050370675047828085
0.051414884811885567 0.070644535962683247
-0.32109911916455453 -0.019162684086784825
-0.087685658989785309 0.089571440405738278
-0.25477961450785236 0.090280074245708872