C:/Users/vmc04/Desktop/Wing saga/Lab reared wings for landmarking/13/TLC/TLCMB/coord_Jul24_Format - {Procrustes residues OP} - 1 20 26 0	from C:/Users/vmc04/Desktop/Lab reared wings for landmarking/13/TLC/TLCMB/coord_Jul24.txt - TPS like internal (simplified) format - can be converted to other format by using TET - Orthogonal projection of the preshape data to the Kendall tangent space
-0.0030240806927856693 0.0018316828630193767 -0.0024428392950894273 -0.00096362868345020985 -0.00017374010499169473 -0.0014226586461774781 0.012697618769674937 0.0035181530783912748 -0.00029216201331690997 -0.0015789595664826449 -0.00017350780522296322 -0.00082896751306856138 0.0040895448141490898 -0.00092495415484512204 0.0052001538145037491 0.00024091066748028133 -0.0082104267510566473 0.003310694868050509 -0.001424345260844975 -0.00060063851623135217 0.0031375320038551178 0.0025701387448463908 -0.0049862467350854306 -0.0017898058221346661 -0.004397500743789997 -0.0033619673193977517
-0.014179877299657091 0.001977846326911655 -0.0024204338301836532 -0.00023805960994044244 -0.0001783021633223825 0.0034973545665391999 -0.0028053862553291346 -0.0061011480917231714 0.00031119820891590492 0.003886677027228233 0.0064260657616364847 0.001704434174183062 -0.018361018123554992 0.006733592943774261 0.0057228954242088828 -0.0020707946340708483 -0.0094085804121508739 -0.0022963858635422388 0.0086197913417319985 -0.0039821403800683513 0.0059584370347454726 -0.00077352587008204087 0.010729257173446622 -0.00026104605015408002 0.0095859531395133257 -0.0020768045390553991
-0.0069474692832425904 -0.0012945257303079724 -0.00078271667942774207 0.0028889220741122705 -0.00076625426031392131 -0.00089164795775287676 0.0040461045183513254 0.0043617999015001588 -0.0011599493893616596 -0.0045242874821564139 -0.0011065545400194034 -0.002857125224543016 0.00018016069508485551 -0.00090859515883915342 -0.0064269411218649958 0.0015051869915503153 -0.0011520466409397231 0.0030132217316366913 0.0013512444023799919 0.0025559316625388237 0.0030224744401027986 -0.0025240001406910103 0.0035912550432787402 0.00079544553795344892 0.0061506928159723064 -0.0021203262050016325
0.0033744608459690866 0.0034169942614523949 0.0048435309869276745 0.0041649954065382626 -0.0026358225654387292 -0.00076772022203814032 0.0039088023707279452 0.001939576387929865 0.00072020688591539024 -3.0700833229676432e-05 -4.5783058974038955e-05 -0.00027510027775565731 -0.0011633899738806479 -0.00068323059401536636 0.0079222384543106081 0.0030579540909283138 -0.0019649383128949776 -0.0054316209110923785 0.0034454611948285807 -0.0034879363124638669 -0.0030794694750095213 -0.00078890405719220951 -0.0051155781463541449 0.0014886225125353442 -0.010209719206127505 -0.0026029294515968054
-0.0099121335958476109 -0.005308651848990484 0.00058251624321370194 -0.0014344769471447156 -0.0063405134328302967 -0.0047169175600283737 0.0046081599633213087 -0.0064809175501437007 -0.0032177662246706388 -0.0033195790666450619 -0.0034787792106288728 0.0016216620928683483 -0.00030541670202526342 0.0029514976622340519 -0.0041655371439814157 -0.00017437806731246917 0.0019342188486949894 0.0059427190942570535 -0.001149605218646794 0.0014657430526710282 0.006794049105431633 0.0021560806464509708 0.0024429321877789296 0.0051797058053990319 0.01220787518019013 0.0021175126863839516
0.0037374324340772808 0.011746518331176589 -0.0036906240356531289 -0.0007114197285949986 0.0028766284997737398 0.0015758661161909336 -0.0027822913213787254 0.0078550933903016821 0.0068451477928039 0.0054965641999497154 0.0021118467718327242 0.0056156523013735256 0.0022626712662426112 -0.002064643686274108 0.0080548168973127617 0.0010702280359764775 0.0040873840178461667 -0.0037127274577163248 -0.0038488964709401329 -0.0042209484094926312 0.00098148118925929159 -0.0018950686556669575 -0.0050282367000006739 -0.0082734219879280722 -0.015607360341176612 -0.012481692449296158
-0.0073031729286539768 0.014454303660521512 0.0018907913061974736 0.011326468150117607 0.0035824637567986942 0.0091660762694172494 -0.0024555756465928199 0.00065504236595434625 0.0019602190434059542 0.0070028668798082731 -0.00016160807314070133 0.0044830916482600219 -0.0029246856950715557 2.4168199437381679e-05 -0.0033869527772496643 -0.0070927631488898425 0.0014802426006576665 -0.0054212095619724622 0.00053813176949798374 -0.00957010929216634 -0.0010189242689032166 -0.0052487198792959076 0.0057811834931704043 -0.011805985538593078 0.0020178874198832431 -0.0079732297525983709
-0.0067725578276721056 -0.002673784667773947 -0.0035998895422941586 0.0026661622432485607 -0.0031961961633193963 -0.0016682870588879358 0.022721078242699679 0.0052528828193520467 -0.0029694181507329536 -0.0023709792396850631 -0.0065270363182296821 -0.0016697798515997524 -0.0076832355021351322 -0.0009563518867417005 0.0099669744651739358 0.0037680868382703931 0.0027307612397327883 -0.0023974666541926623 -0.00042522446164831325 -0.0025785298600062628 -0.011444500009560477 -0.00034594887879865153 0.00081948026051281285 0.00030167704259477361 0.0063797637674717061 0.0026723191542203789
0.0038891911953096835 0.010193451809983434 0.0057562615775644853 -0.0010396506289298397 0.0073339981940551049 0.0014922412998940485 -0.0013798846869827303 0.00062321489961461043 0.0041516138813428947 0.00084732538130587827 0.005003568785162324 0.0014385990844037432 0.0078568358781623045 0.00092160118414848214 -0.01010739900860967 -0.0025269443931860481 -0.0063823074706313553 0.0026534449959308057 -0.0090506179399008138 -0.00093072348576275364 0.011420615406826685 0.00069966688274295018 -0.0077585837921448049 -0.0073476502821851735 -0.0107332920201537 -0.0070245767479601429
0.0018269351281761615 -0.0059642619449218242 -0.0062836933332985354 -0.0031510254624130952 0.00076407151486989613 0.00055943257019990314 0.0045753603439729739 0.0009089091380899549 0.0016540678975093628 0.0018026366448511419 -0.00090021311461103634 0.00025266572610422238 0.0029187139679683676 0.00015105538258397663 -0.0016668039692549986 -0.0049180186795737442 0.0058425823742299533 -0.0013016486261821615 -0.00011820557393691939 -0.0042991316447306919 0.0066384783459740851 0.010064132939239743 -0.0028737841290880847 -0.00086315669715076866 -0.012377509452512049 0.0067584106539031463
0.011339267415592994 0.0017955041980886974 0.0033353486190087836 -0.0033894816243302687 0.0019049840354268318 -0.0024198818184495994 -0.002618725077856785 -0.0027284739393538312 0.0043203596431560312 0.0052258941402700447 0.0049950040610166023 0.0010591771404938378 0.0025041470200315163 -0.001224510392529381 -0.0045775650633792832 -0.0013197092944544108 -0.00057620538540368899 0.00015112722647921703 -0.0030281168032353996 0.0010873681901635557 -0.0027392424680568288 0.0040930148132388173 -0.00037902029488517442 -0.0029245890411785198 -0.014480235701414587 0.0005945604015627215
0.006477649041955043 -0.0023714847261128752 -0.00080556096385223769 0.0034925191176101451 -0.0012198328991620782 0.0044458351557268971 -0.009146515205164938 -0.0021782791237550869 -0.0022031936820359156 0.0014605188651980296 -0.0014935999083330433 -0.0040537934340001526 0.0051063231543283377 -0.0050829232445774291 -0.0065904676325290387 -0.00022222222844509794 0.010175493278903141 -0.0023039092567949766 0.010227667347526498 0.0043498417748314101 -0.0064916605191049949 -0.0021886397321005079 4.2024507026494889e-06 0.0030108063265824607 -0.0040405044632341996 0.0016417305058368109
-0.0024793877523531099 0.0054203559312340482 0.0037690531198416614 0.0014536857223666037 0.0054341874945935398 0.0048620486213789092 -0.0099514349226314507 -0.0057731415882975442 0.0016220898184506208 0.0025464514396244466 0.00080660775901407467 0.0039773247829541858 0.0042510367415442398 -0.0014822273830204587 -0.0078529576526648291 -0.0047972968563298008 -0.0078649640466836243 -0.00042458759347422211 0.00015303527179264339 0.0012245864069695999 0.0062808883239206491 -0.0018884768621198838 0.0027845508412661967 -0.0030351535707769202 0.0030472950039090512 -0.0020835690505087434
0.012441489010298616 -0.00065758552324007608 -0.00060575507018755469 -0.0043711117074588116 -0.0049880926234944058 -0.0033942867808672067 -0.015562788723682041 -0.0026605857248524311 -0.003604637527880599 0.00019219779547509917 0.0048348638435954192 0.0011151035020924244 0.019252521404773636 0.0061679425295871147 0.0026288671435174115 0.0012565496259029465 -0.002214219913684166 0.0017101077723589049 0.008262338671024945 -0.00082096041080255704 -0.0053807661872036956 -0.00020486487712271191 -0.0047195924363295626 0.0033885396845397845 -0.010344227590747428 -0.0017210458856121436
-0.0012612966713325315 -0.0035675106500293748 0.001886015547909519 0.0032421713331559541 0.0012127759897261701 0.0021990184174976858 -0.0086099618283957628 0.00086098049596356819 -0.0018336918922687486 -0.00047106918946112437 -0.0023654704373216782 -0.00092589756007831431 -0.0027786427341723106 -0.0021093242977498119 -0.0046100006166165273 0.001194514757228135 0.010964631686883664 -0.0024482147525204299 0.0026440339281270072 8.1735361580966438e-05 -0.0038024401142600591 0.00047170740190546055 0.00084907734601744609 0.00081915083325001916 0.0077049697957041821 0.00065273784925776179
0.013084584783893101 0.00012209204306627507 0.0022498768504073934 -0.0089266027427639567 0.0058591238673564652 -0.0022540329356233136 -0.0032232863992242575 -0.0061834278614182952 0.0035544231892683962 -0.0020238400782391867 0.0024469688140381952 -0.0018697601876239579 -0.0012907997137005744 0.00065904226860927229 0.0036104318849532243 0.00041196299011720826 2.655002304396796e-05 0.0037272931813499485 -0.0052983710239301934 0.0083407432524581632 -0.0019015828304815583 0.00038425095435041254 -0.009318913299142877 0.0076099511124328046 -0.009799006146482275 2.3280032852013299e-06
-0.0048795847805373008 -0.0061726582481082849 -0.00071984970612653425 0.0010726545090879254 -0.0038021734216611763 -0.0026323546493680077 0.0035948563992364291 0.00093033755583464789 -0.0025402819174641191 -0.0037852523073337811 -0.00147232399993587 -0.001961730754338969 -0.0024998128135151078 0.000555507359942342 -0.0021986990385225616 -0.0006873896110522013 0.0025118372765684368 0.0021032671100376502 0.0022345294893961346 0.0026213589382870304 -0.002329432239771544 -0.0030364753271881692 0.00058750357618292176 0.0031467745762125744 0.011513431176150323 0.0078459608479867632
-0.0018002417101399566 -0.006072834303023111 -0.00090042852344359228 -0.00022328756502612817 -0.0027505385655518552 -0.0024548510276132876 0.011163998811822931 0.0019970380892253155 -0.0029593082536421306 -0.00083697202095441286 -0.0026083252256775026 0.00069490485607406644 -0.0017500424633267052 -0.0017703575227206742 -0.0065524395938679394 0.0018614165887885826 0.0037133648803472957 -0.0018308641326450178 0.0012795573715586764 -0.00054630236236225883 -0.012992772709133755 -0.0035321938735844516 0.0021818410997155382 0.0039488642092665527 0.013975334881339356 0.0087654390645746511
-0.0059313215752335811 -0.0079995702067075462 0.0033864749926507242 -0.0026434829914124924 0.005027900318754568 -0.0040919010996288132 -0.0010754503484824503 0.0048011573748439748 0.0017590656682663209 -0.0053658331694740576 0.00086449225595755215 -0.005383166103278319 -0.0040018645525665714 -0.0009486010178578558 0.0051105650531936657 0.0040017459243892077 -0.0078212991759976352 0.0014736134256778481 -0.013641217182259137 0.0042723349314291743 0.012784229662023092 0.0053830078414494791 0.00067967452076187829 0.0023041027691561326 0.002858750362931681 0.0041965923214124234
-0.0014846675411830735 -0.009683123252513014 -0.0022776938554384496 -0.0042862017607353765 -0.0045226429640341948 -0.0018398713765595018 -0.00800662785337522 -0.0028316166387499868 -0.0025626341398480978 -0.0045651962917307148 -0.0036583485885316913 -0.0021521040368979697 -0.0027063112098541144 0.00034428970547567398 0.010075568352706975 0.0053933161239077022 0.0041460554710109863 0.0041962363857723584 -4.2838900956900026e-05 0.0060382682268721967 -0.010385781239309225 -0.0036663155115341348 0.008487103645638568 0.005575597068576469 0.012938818823173354 0.0074767213581156816