consensus aligned to its principal axes - from coord_Jul27_Format.txt
-0.37193646820578258 -0.10121051924702899
-0.083293291462565838 -0.1229805377554142
0.27527993827376479 -0.062666306309764275
0.29995760019264611 -0.035174113590201408
0.31182832327772303 -0.0062388566291248235
0.3069093796603482 0.026367934654151978
0.26322792273631895 0.061296722214583314
0.18559412565964625 0.096828212630360955
0.076666704643944525 0.1221758201264619
-0.087816535446209182 0.14814875084512799
-0.36748394187602446 0.01681834993761051
-0.21052747193726085 0.011772803090267044
-0.21008237164587437 -0.015287037363070083
-0.14184695178274587 -0.0042305971015850338
-0.14127367271264199 -0.03703418990070035
-0.14119602479601703 -0.06555120404872429
-0.0043092346948323309 -0.069157919393750641
0.040301970115562802 0.036122687840800777