C:/Users/vmc04/Desktop/Wing saga/Lab reared wings for landmarking/13/13 landmakrs lab reared txt files/RMOMA 13_Format - {Aligned specimens} - 1 22 26 0	from C:/Users/vmc04/Dropbox/Homework/RMOMA 13.txt - TPS like internal (simplified) format - can be converted to other format by using TET	
-0.69583384103892354 -0.046686375176362684 0.22542805721935111 -0.083316288657435733 0.2405236572226615 -0.05725813031204003 -0.014856889162828867 -0.085097778575407595 0.25031108978195277 -0.036126205831431363 0.2448549969347768 -0.0081762346524686287 0.20531186313587305 0.020670866565565958 0.0097124375308664107 -0.0027755993554465053 0.14183319946117226 0.051161109918543751 0.042757615580408359 0.072231191768912781 -0.32490549439563177 -0.017159597210404196 -0.080170607943277725 0.093816470079121597 -0.24496608432639985 0.098716571438852929 
-0.68880659299035152 -0.050877483176392603 0.21644663631829017 -0.083478643152812032 0.2394094148431036 -0.063474125053231051 -0.034002434847283505 -0.085511146517658454 0.25209574481964142 -0.039764862319941155 0.25056016920198071 -0.005754804066542372 0.21579753999714696 0.020918805834938364 0.012514108400021874 0.0014228168377379195 0.15151260183884968 0.050532415932776756 0.04161585995863977 0.077044441080501305 -0.3141414864630358 -0.01395119956774799 -0.085689586867299383 0.096725789672569812 -0.25731197420970447 0.096167994495801309 
-0.69604837769176686 -0.047484467805809422 0.22766998727902574 -0.079840926714324606 0.24407769730210296 -0.056783735935945885 -0.045270192278008124 -0.089058760821065008 0.25272815884052074 -0.031021088779851685 0.24177094449168912 -0.0067861415694005821 0.20590471312170619 0.022789729693767104 0.015164289734470869 -0.0040531537869379569 0.1405021934073708 0.04827701060646266 0.05634562794072883 0.068927054087814146 -0.31524618929545378 -0.013975463488277542 -0.078128069622129759 0.093070783946567759 -0.24947078323025829 0.095939160567000609 
-0.69282171182665842 -0.049231390762341801 0.21727050844070511 -0.07977101358647147 0.23831365018611084 -0.062586853757761185 -0.034157937962635221 -0.0839202735081611 0.25262145981822598 -0.033364873659697439 0.24488595705597738 -0.0087323980624421805 0.21849080137922361 0.022326898090115264 0.00010066786207284555 -0.0033301637316738579 0.15318734731952566 0.050499181763935391 0.055835088740454078 0.076227788549428369 -0.31306322331339992 -0.011469443967055133 -0.08684162649472156 0.091766553402203771 -0.25382098120488045 0.091585989229921602 
-0.69374540985456679 -0.049396646650461146 0.21847259033245167 -0.079768133812997258 0.2356362740681853 -0.066726848616914386 -0.024480826007074612 -0.080161857159290972 0.25038805530321934 -0.036237914761937481 0.24817456837949939 -0.011650413139438993 0.21310817236935009 0.019064253177136399 0.0059395701940262403 -9.0783713043421035e-05 0.14486728027267828 0.058232437342308048 0.059425082363339536 0.076056306770532822 -0.31662985597622617 -0.016231964871594305 -0.087627852063825479 0.093661150237149285 -0.25352764938105715 0.093250415198551137 
-0.70029285353018056 -0.048378958150052838 0.20843504018925754 -0.084927768739722242 0.23705406749565797 -0.059476735836547473 -0.015319740261384645 -0.079282022032154786 0.24915799913769779 -0.030971317724319585 0.24051793757656523 -0.0030964748026065135 0.20724867516724868 0.019479577063741291 0.029297416713034329 0.0014135834103539767 0.14556962307794252 0.047572647992832257 0.054345092814039521 0.068648478397555238 -0.32492547456154353 -0.014270286370929707 -0.074090712101277628 0.088854662531168055 -0.25699707171705666 0.094434614260682045 
-0.69820757828809243 -0.047738810214730899 0.21730986997202517 -0.081077318816607333 0.23596140648281166 -0.056277617283455941 -0.023198628453040934 -0.096271746145380713 0.24964265061478341 -0.035505279231395438 0.24332007732249028 -0.0064831018028554486 0.19464289900954218 0.024302285512127052 0.011522530650581271 -0.0049325545606594854 0.14518684799661383 0.052761406799353594 0.076638852240590791 0.075195010973220566 -0.31602144384355058 -0.01582168941656743 -0.079887548482222334 0.0929362517600473 -0.25690993522253136 0.098913162426904025 
-0.70034502248158581 -0.041353027264432497 0.21685064930052234 -0.078711113055263557 0.23331523935188456 -0.05988917637164716 -0.0074027092259771835 -0.083609340576403221 0.24762887785777501 -0.031738829380935314 0.24429099719270478 -0.0037288310492350303 0.21189653773534775 0.021973355471039138 0.018966290795205287 -0.0044820157453846106 0.15146731253587653 0.047452635297589106 0.044346500980100088 0.068407105339470711 -0.31738485168239411 -0.0154634933269977 -0.089762495857203833 0.088108599833984072 -0.25386732650225469 0.093034130828216002 
-0.69787513704727244 -0.055162235298171033 0.21395336924437477 -0.085868751103218371 0.23614606103288616 -0.065091803229355968 -0.014620040172159123 -0.083534417771142719 0.2466669184353375 -0.039311098744093796 0.24341176997123851 -0.01368277854448415 0.20978391506636074 0.022415604295692705 0.029821534727557237 0.0017845312893748821 0.14242121917202688 0.055439318618770203 0.049531792601851699 0.076023880566715246 -0.31391288347089469 -0.013364046005346476 -0.094151724949775584 0.097127183255121555 -0.25117679461153253 0.10322461267013786 
-0.69704278247255902 -0.052176265198166677 0.21862971149140784 -0.080555697319555614 0.23621361068235619 -0.061655955783094366 -0.034457304185312752 -0.087813502900343982 0.24563976794475251 -0.037813896838993652 0.24486874779645884 -0.0077939411353434313 0.21088910175480308 0.021714028353022132 0.02186127813652361 -0.00037681110141821406 0.14829776865007993 0.054616193301706181 0.053587454046433163 0.074079001987586629 -0.31729307833120762 -0.013481725894144756 -0.081685372248899255 0.094697127031774117 -0.24950890326483696 0.096561445496971904 
-0.6902377777579225 -0.048767479239516319 0.21665946515057619 -0.086179727496832351 0.23725445366292547 -0.062332105772843906 -0.028819716158280891 -0.093785714901131481 0.25319124317393604 -0.032184402888543191 0.24639053128215849 -0.0042320757671198148 0.21571419967347655 0.022557268160665427 0.0060204499470601844 -0.005062216159163779 0.14570435780221641 0.05286982588906676 0.048880307123648083 0.075349279156450885 -0.32048284938053923 -0.024229707088062019 -0.084948154316829866 0.098201905644294929 -0.24532651020242519 0.10779515046273455 
-0.69094701017009352 -0.049012088637240145 0.2157434482849985 -0.086105054028795577 0.23619129229625027 -0.062036244986557083 -0.014269539682416678 -0.086415664319556468 0.24814790708472392 -0.034876812694872937 0.24590043046686413 -0.0044706290486317005 0.21115514737010399 0.019567338420459102 0.013951947771901821 -0.0031891167151272683 0.14313169158879555 0.048912564183707673 0.055534654320878993 0.078133052054813079 -0.32423093368673533 -0.019014252079501089 -0.082697776393392014 0.09708321840061572 -0.2576112592518805 0.10142368945068672 
-0.69836698192043034 -0.041714713703635789 0.2120559175519223 -0.083679178825313255 0.23799183039665781 -0.057152086866792413 -0.0035614458360194263 -0.085468988051439473 0.2457245003984013 -0.035752225613280793 0.24425260367492535 -0.005596292381780772 0.20945464801798425 0.020492525653292976 0.022447894073391803 -0.0043056748553879686 0.14290244992428353 0.051539397318267274 0.052139060672890425 0.073355209549468017 -0.31337120020187392 -0.014488590498922049 -0.083481075861799259 0.092253721042271308 -0.26818820089033379 0.090516897233253527 
-0.69563873035614576 -0.050296210116899255 0.211413243486755 -0.088432246413159887 0.23505177001221286 -0.067035845851215733 -0.0070029460901912038 -0.092606946618643424 0.24630515712247644 -0.04251469212788464 0.24707316922508391 -0.0069373135153006135 0.21073772596815499 0.028982426653258953 0.013043161299463993 -0.0023086041182191915 0.13900142953821712 0.059140221389984579 0.054132618371913722 0.077411126925630389 -0.30857539718865101 -0.013885941597755221 -0.080224787569120118 0.099149147178639027 -0.26531641382016985 0.099334878211565517 
-0.69748506826737688 -0.053119982656755139 0.20470478875465592 -0.090467169604049991 0.2387570900456831 -0.060194429430829845 -0.0061756255204110794 -0.091677022773073796 0.25004835616716636 -0.039732348124589319 0.2484909975836018 -0.0093181890368355495 0.20231183320875712 0.025334288619396576 0.018547191317789972 -0.0019944873983506247 0.14266403410515074 0.05748947582723949 0.04506795394663244 0.07559826890459824 -0.31602839230601026 -0.015668375845838311 -0.074329395858096545 0.097384871502247658 -0.25657376317754249 0.10636510001684001 
-0.69335418548845629 -0.044369877322900542 0.2159977731972452 -0.080961643843605824 0.23430692406046755 -0.058726956341756599 -0.018165233839468293 -0.085828485697116569 0.24441096868255879 -0.032312526132730786 0.24091257260662291 -0.009023903714843743 0.21131778232856469 0.022251615832599339 0.022573619486029789 -0.003936441289255261 0.14753059616304004 0.050555706762125577 0.061831397332799146 0.073403272126632391 -0.33030866513610568 -0.025554725783080837 -0.083520519573223914 0.097032011017708086 -0.25353302982007531 0.097471954386224566 
-0.68547216768004116 -0.043692811059325758 0.20656613125604875 -0.090440047477197735 0.23697190085185174 -0.062578332182777141 -0.025066060077291757 -0.086911706574604494 0.2526232273461132 -0.034632847815913269 0.25133207499533461 -0.0021646960852768496 0.2075904853254571 0.025011375565556243 0.043311181078083405 0.0019673364564838322 0.14723967603228921 0.050437382035195454 0.053670427492541667 0.072363258142446735 -0.31308820044297292 -0.010026361390472171 -0.093039946934489734 0.090164369980031939 -0.28263872924292432 0.090503080405852879 
-0.69299720305858881 -0.051717307089620024 0.22047100235805689 -0.085611899014357964 0.23280533329693995 -0.061826674566078418 -0.0071114584974963438 -0.086382293287375858 0.23682713272085965 -0.038898063747445207 0.23397303127917338 -0.0079411819665955608 0.21334724466805829 0.021016296016511296 0.031618173478365895 0.0024569727027390896 0.15574720502583703 0.051708077101642699 0.055149793145144226 0.074104570543136364 -0.31950563796213616 -0.010876449476525746 -0.094176185685826738 0.091647558745201071 -0.26614843076838718 0.10232039403876841 
-0.69591560157967003 -0.052000593555679403 0.21880814209230393 -0.083462078451545643 0.24672380271940264 -0.05942123015258139 -0.028318152859094881 -0.085329034169817214 0.25142276501876593 -0.034851035509392246 0.24366744295710288 -0.0074101577221291921 0.20263703851091602 0.019599507677157551 0.010146963364293026 0.002052921675257426 0.14774428988386057 0.046718300085222278 0.050560478804277532 0.072783695451972913 -0.31854337153458467 -0.014768050069920935 -0.082687252547319554 0.096360352205372576 -0.24624654483025363 0.099727402536082949 
-0.70360882810961656 -0.051947493407464601 0.21634387282847015 -0.07930750639176741 0.23896209603146037 -0.051878978127689782 -0.028287183923179051 -0.080803734125237212 0.24344425649841261 -0.033834740070116914 0.23731531243993673 -0.006449560377200775 0.20965978624776749 0.017182928740341965 0.017813905624007139 -0.0012565739938255815 0.15561889675351398 0.044495860814655869 0.059872381036704073 0.067800205338063829 -0.31202993747376823 -0.012238238599843416 -0.081303552430594991 0.089457766269947864 -0.25380100552311391 0.09878006393013522 
-0.70719436820515502 -0.050871945813057408 0.18878144921859194 -0.087323232110536053 0.23553820926673402 -0.055963095877345992 -0.016725511748686559 -0.079214712343419189 0.25491674009590065 -0.032978441898683451 0.2446258700098182 -0.0039853351106105672 0.2134162809811489 0.024293840749155794 0.029654880288154276 -0.0016606156392895612 0.1471669114072828 0.050657044630783868 0.054102696338226917 0.066203631503673616 -0.31240566385699781 -0.010154265616456482 -0.078695968925379847 0.089035401691482746 -0.25318152486963957 0.091961725834302885 
-0.68930405490505031 -0.053026717732833066 0.22266038805680283 -0.085802695298859907 0.24407214945906824 -0.06230725887656012 -0.043159055362936814 -0.085950161483803078 0.25448441338271854 -0.037147849755239104 0.25148716774832514 -0.0085147775231981786 0.21458658447223644 0.023905206766192445 0.0090261684467177351 -0.0064154001584100949 0.13699850586270992 0.054841837703278502 0.045842111869697472 0.075237937821056325 -0.31375925860323894 -0.014667208857703723 -0.087206783496467391 0.095055529792379051 -0.24572833693058282 0.10479155760370061 
