C:/Users/vmc04/Desktop/Wing saga/Lab reared wings for landmarking/13/13 landmakrs lab reared txt files/RMOMC 13_Format - {translated and scaled (first one is consensus)} - 1 20 26 0	from C:/Users/vmc04/Dropbox/Homework/RMOMC 13.txt - TPS like internal (simplified) format - can be converted to other format by using TET	
-0.6866651974294159 -0.092222415033971827 0.22440787658266473 -0.068051703642715164 0.24411815744286658 -0.043278231368883591 -0.023507674420424184 -0.091318273710109366 0.25309929459323349 -0.017299237329901785 0.24701140967922627 0.010066106739002106 0.20861554145920014 0.03489985510109133 0.0065700936200672475 -0.0034960131189349184 0.14297488134678485 0.058588357786287917 0.047979766252968216 0.077695877763914845 -0.32084961779466148 -0.038275316043511004 -0.089027782356324442 0.089811371503672036 -0.2547267489761863 0.082879621354059865
-0.69921090675377351 -0.087748241616697753 0.22506419223824758 -0.066600628315399757 0.24372385103351044 -0.042965060508066789 -0.021243303859222212 -0.091480173375750401 0.25118771455161576 -0.01808551544771636 0.24247987378049293 0.0067940296126342082 0.20142862443091475 0.035405506432037215 0.0023922639481107622 -0.0031577884115059915 0.14171771628607352 0.056553119733335204 0.055883285827864157 0.073968801275580559 -0.31730989007739324 -0.036745174242979198 -0.085930121016133509 0.088896528311790846 -0.24018330039030678 0.085164596552738378
-0.6971276542040874 0.013098431916151993 0.21457778395973945 -0.10042131135716503 0.23468023849772252 -0.079136359493418074 -0.031381659799113878 -0.08150135414494554 0.24768770908112353 -0.063763894258489745 0.24887020640688709 -0.029471471811341916 0.20866529733092085 0.0024559559842784622 0.0017282653222700647 -0.002274033318776411 0.14481044173968 0.040295870408717474 0.060853131610455989 0.071040800878574117 -0.31636351530817031 0.01546342656767943 -0.081046547481190306 0.09942073669690342 -0.23595369715623735 0.11479320193183175
-0.65249401275628016 -0.22494715931608389 0.2336955856121655 -0.022260847109831877 0.24833404149372815 0.0036379594498557981 -0.0050238487640864955 -0.092075021314207625 0.25171214669716591 0.032914871212981082 0.2427038661546656 0.058813677772668875 0.20441867384904031 0.076830238857669042 0.00060632657497599305 -0.0019922158892066904 0.12221811389872715 0.085838519400169122 0.032135308473726192 0.085838519400169122 -0.31017935214127695 -0.10108330185670758 -0.10298889966377496 0.071200063518606541 -0.26513794942877661 0.027284695873918647
-0.63193733145419806 -0.27810603664209138 0.24172727797634433 -0.0043080108946278494 0.24919449686036635 0.023071791680118348 0.00028720072630865535 -0.10387092934825107 0.25168356982170681 0.054185203696875635 0.23426005909232275 0.077831396829611182 0.18945674578819222 0.092765834597654612 -0.0096690911190537247 -0.0080416203366387856 0.11478455694797511 0.095254907558995197 0.027667003301054933 0.092765834597654681 -0.2909343357505389 -0.12253897655830526 -0.10798747309200647 0.065386032022908228 -0.26853267909847361 0.015604572796096706
-0.6819667958455029 -0.095602021957759256 0.23819196697264475 -0.057772036545646922 0.25043107990009317 -0.036631750580054599 -0.032181164060982544 -0.093376728698223346 0.25821960630846902 -0.01437881798469438 0.24820578664055701 0.012324701129738023 0.21037580122844451 0.034577633725098242 0.0011982348320578808 -0.0065902915763182811 0.13026524388514735 0.060168506209762565 0.034577633725098304 0.07908349891581884 -0.32591987431973829 -0.043307630358662683 -0.083362909030311322 0.087984671953962978 -0.24803461023597742 0.073520265766978801
-0.64961562265476092 -0.20552549959541877 0.22619802402710898 -0.035161749144972963 0.24899317373526711 0.00083059249948754053 -0.018549899155221854 -0.098748219383519603 0.25619164206415906 0.032023955258019897 0.25019291845674924 0.052419615523214266 0.20940159792636068 0.074015020509890367 -0.0053527072189197078 -0.0063678758294045401 0.14101614880188598 0.086012467724710565 0.021041676653684553 0.087212212446192552 -0.31608659008276113 -0.097548474662037601 -0.10253202965896274 0.069216041623962346 -0.26089833289458847 0.041621913029875918
-0.68379952076767037 -0.11490458339374431 0.23074716338662127 -0.058812386765614358 0.24416051475421754 -0.031985684030421867 -0.018009534703346 -0.095394254131786094 0.2514768882274519 -0.0063783768741017023 0.24294111917534517 0.022887117018835633 0.20270106507255634 0.043616841859666314 0.022230519399442816 -0.0039395857163568564 0.14538947286555406 0.060688379963879754 0.04539903539801813 0.07532112691034841 -0.30822568247497462 -0.045399035398018039 -0.10336722522441326 0.085076291541327467 -0.27164381510880281 0.069224149015986447
-0.6750528850046783 -0.13794925169789213 0.2252671973112795 -0.04791724346629625 0.24473357746946267 -0.019934321988908387 -0.010762662106687589 -0.086850003782662069 0.25081682126889482 0.00439865320882021 0.24595022622934923 0.032381574686208121 0.21431735847230193 0.050631306084504432 0.016003610610813731 -0.0016845905906119048 0.13036859404013812 0.067664388722914456 0.052503073407406696 0.076180930042119469 -0.33682452975625088 -0.061300379825047074 -0.10201131909817006 0.076180930042119427 -0.25530906284386018 0.048198008564731679
-0.6705203229510186 -0.16513220632957898 0.22925945477219881 -0.047050870670364058 0.24815246847767317 -0.022253790181928926 -0.022253790181928874 -0.097825845003826503 0.25287572190404173 0.006085730376282579 0.24342921505130447 0.035606064291086308 0.20210074757057939 0.054499077996560653 0.0049049170196904801 -0.0057224031896388758 0.13715601295801108 0.072211278345443025 0.045052571143823474 0.088742665337733104 -0.31745712932996611 -0.071847951158799175 -0.093102591577457844 0.087561851981140915 -0.25959727485695083 0.065126398205890099
-0.69318916702971478 -0.01556383276577945 0.19265231455589801 -0.10505587116901116 0.23545285466179144 -0.076522177765082217 -0.029132302356458917 -0.099867926913751348 0.24842271529994112 -0.047988484361153196 0.24842271529994098 -0.019454790957224233 0.21081011944930719 0.01037588851051964 0.0071833074303597581 -0.0077819163828896972 0.161524649024339 0.044097526169708405 0.049983847536253151 0.073928205637452393 -0.31317225033193369 0.0025939721276299235 -0.075823800653797402 0.11154080148808594 -0.24313500288592627 0.12969860638149527
-0.69665584492680988 0.059360024656485585 0.20840132113195178 -0.118078814478719 0.23102775028342096 -0.094261520635067389 -0.046443722995120514 -0.084734603097606664 0.24412726189742934 -0.071635091483598284 0.24412726189742923 -0.041863474179033758 0.20482872705540403 -0.0097101274901040535 0.0035725940765477518 -0.0073283981057390276 0.14766722183064007 0.027206677967555899 0.060734099301311677 0.067696077501763582 -0.3060522258909234 0.029588407351920993 -0.061924963993494189 0.10461288295942363 -0.23340947966778589 0.13914795903271845
-0.64695090221066165 -0.23073137285709669 0.2347048289845769 -0.013545873161864827 0.2452706100508317 0.011107615992729096 -0.013004038235390196 -0.096898146017872736 0.24879253707291629 0.036935080821351329 0.24057470735471828 0.05924061862788859 0.19713760741567191 0.078024229412341148 0.0093014995711471326 -0.00063214074755364139 0.13022099399606005 0.088590010478595604 0.04334679411796722 0.086242059130539075 -0.31354181078663007 -0.10746392708412723 -0.10457414080959603 0.066284472672058212 -0.27127868652161191 0.022847372733011909
-0.66960770907743172 -0.14804100857972693 0.23313124594356993 -0.047479818967912334 0.25046938208353819 -0.024362304114621616 -0.014226162986640289 -0.09487072441715845 0.25740463653952528 0.001066962223998086 0.24815763059820889 0.032275607275940456 0.20423435237695678 0.054237246386566615 0.0077354761239857919 -0.0024006650039955189 0.13025830484642642 0.071575382526534642 0.030852990977276489 0.080822388467850989 -0.31937735905007775 -0.068285582335874007 -0.091669837745164254 0.084290015695844628 -0.26736295063017368 0.061172500842553962
-0.68067056316164509 0.15924767790658614 0.1805319891243746 -0.1474515536172093 0.20609025841802409 -0.13189434622107474 -0.056159809116815361 -0.076332891234880004 0.22942606951222591 -0.1107809933263207 0.23053729861194991 -0.080777807633775553 0.20386780021857642 -0.041884789143439183 0.0016241040688273339 -0.0041029997528267423 0.16052986532934452 0.0036756039452405945 0.070520308251708783 0.055903371632263728 -0.31396496025275933 0.079239182726465601 -0.046158747219300272 0.12368834671542142 -0.18617361378451111 0.17147119800354899
-0.70238515991997341 -0.044707225315565605 0.21829633835558762 -0.079864514032532141 0.2369736479864763 -0.058989873856833262 -0.013522034121910173 -0.086456505666963362 0.24686163543812312 -0.037016568408729175 0.24686163543812312 -0.005155275508978127 0.21390167726596707 0.021212691028746643 0.0084512713261938807 -0.0040566102365729847 0.14688309564924948 0.049777988111281951 0.041411229498350008 0.073948624104196545 -0.31235898821612584 -0.013944597688219854 -0.086033942100653654 0.090428603190274612 -0.24534040659940839 0.094823264279895528
-0.67431368766662358 0.1542503433446942 0.18759393260153592 -0.1472916812389185 0.21146600954773859 -0.13472743021460129 -0.049870411758059008 -0.075675450400310457 0.23408166139150968 -0.10331680265380827 0.23031238608421467 -0.079444725707605607 0.20769673424044344 -0.048034098146812622 -0.0071519582753806201 -0.0040592195617024547 0.15241402973344792 0.0022229059504561425 0.068233547870522548 0.061274885764746885 -0.30869398285899324 0.080121262301222643 -0.044844711348332025 0.11907044047660593 -0.20692354956202386 0.17560957008603334
-0.64716708640004816 -0.21735662245254142 0.23923755228172383 -0.021426968629406712 0.25458144083413792 0.0045396119977557277 -0.0039040663180699071 -0.088704018436145685 0.2569420390729707 0.032866790863751043 0.24395874875938969 0.058833371490913465 0.19556648486331418 0.071816661804494544 -0.0062646645569027874 -0.0072633791964091272 0.12828943505657511 0.081259054759826463 0.032685206383840787 0.078898456520993379 -0.31314243560518606 -0.096966112272061214 -0.10777038882671969 0.069456063565661627 -0.27301226554502611 0.034047089983167335
-0.69945049308309315 -0.022722130250602424 0.20487166619395616 -0.092937237664349151 0.23029437749893358 -0.071146342260082984 -0.040881209754157509 -0.085673605862927146 0.24240043050130358 -0.042091815054394577 0.24240043050130358 -0.016669103749417349 0.20123985029324512 0.013596028756508029 0.045071766562670326 0.0027005810543749057 0.15402624358400155 0.041439950661959345 0.071705083167884764 0.069283872567410656 -0.32537345530985584 -0.0057736560472842246 -0.080831184661979041 0.097127794472861906 -0.24547350549421285 0.11286566337594305
-0.68755681521630563 -0.12083129680356799 0.22398206837891951 -0.062528686782717252 0.23967892492299475 -0.036740993888879268 -0.011470779782208743 -0.082710359482242535 0.24640614915616985 -0.010953300995041541 0.23855772088413221 0.011470779782208767 0.20267919164053172 0.040622084792634169 0.022165341383666704 0.0058647595878963173 0.15110380585285602 0.061924961531021963 0.053559054471817261 0.076500614036234635 -0.3153170743139504 -0.042347014083191907 -0.092197470580309762 0.085470246347134946 -0.2715901167983123 0.074258205958509738
-0.67193403299689469 -0.088161898448726947 0.22545218305590467 -0.065664750971080182 0.2504490135866233 -0.034418712807681814 -0.025765963777817699 -0.085662215395655078 0.25419853816623111 -0.014421248383106893 0.24794933053355131 0.0093257406210758165 0.22045281694976093 0.030573046572186627 0.002980391332508808 -0.00067299159121167549 0.14421248383106908 0.055569877102905278 0.04797468628780243 0.074317500000944253 -0.33322697930565698 -0.044417445019969366 -0.098256772316901803 0.085566073739767573 -0.26448569534618072 0.07806702458055205
