consensus aligned to its principal axes - from coord_Jul28_Format.txt
-0.36659503551836548 -0.090707726520022972
-0.088459619433405259 -0.12839174634695466
0.28344695446555984 -0.060119912022763247
0.30216617189072681 -0.031107841805427
0.30975789128515319 0.00076850624864719871
0.30203827751713958 0.030265827229517726
0.26680873006287298 0.058463757140438999
0.19405241373775556 0.091930134355983392
0.088930892385080534 0.12199307836621716
-0.077928324823091658 0.14664951111162078
-0.36277591618977034 0.015666082691635292
-0.20759062271547232 0.010884641950806056
-0.20784757347480715 -0.016347442282644831
-0.1468077131096111 -0.0068246877988343054
-0.14767076739546711 -0.035300403413063168
-0.14752258962139903 -0.065292763538599682
-0.016583633306272761 -0.074002674003153662
0.022580464243374305 0.031473658636597228