consensus aligned to its principal axes - from coord_Jul21_Format.txt
-0.69537014774714645 -0.030907518732658224
0.21643273870976176 -0.093280150870923548
0.24134471216997203 -0.066928289529589777
-0.026726852671799372 -0.090599936127503763
0.25164449774065445 -0.037917198755720034
0.24436090377504716 -0.0091987073121869607
0.20858414973427153 0.018622057355143933
0.0076933910743753357 -0.0052896398953464485
0.14158274948333449 0.047013251018607163
0.05426455499663272 0.072125381990248372
-0.3195456874621504 -0.0058419503421606395
-0.080332171662179042 0.097262946713670584
-0.24393283814077416 0.1049397544884193