C:/Users/vmc04/Documents/GitHub/wingproj/Metric disparity/Field 18/FieldTPN18 landmark_Format - {Relative warps} - 1 17 36 0	from C:/Users/vmc04/Documents/GitHub/wingproj/2017_08_Field collected 13-18CLIC txt files/18 landmarks/TPN Field 18 landmark.txt - TPS like internal (simplified) format - can be converted to other format by using TET	
-0.02065 0.04160 0.02127 0.01090 -0.00271 0.00222 -0.00114 -0.00531 -0.00151 -0.00213 0.00333 0.00296 0.00067 0.00082 0.00178 0.00134
0.00574 -0.02472 0.01398 0.00929 -0.00794 0.00171 -0.00031 0.00116 -0.00334 -0.00577 -0.00388 -0.00315 0.00416 0.00508 -0.00110 0.00135
-0.03463 -0.00050 -0.00788 -0.00253 0.00492 0.00124 0.01120 0.00454 -0.00761 -0.00560 -0.00441 -0.00080 -0.00009 -0.00361 0.00257 -0.00021
-0.00922 -0.00142 -0.00338 -0.01035 -0.00148 0.00945 0.00144 -0.01045 0.01068 -0.00624 -0.00083 -0.00062 0.00131 0.00021 -0.00026 -0.00222
0.00289 -0.00520 0.03050 0.00570 0.01904 0.00742 -0.00183 0.00712 0.00338 0.00495 -0.00173 -0.00138 -0.00007 -0.00241 -0.00085 -0.00116
0.04473 -0.01928 0.00049 0.01439 -0.01649 0.00361 -0.00401 -0.00160 -0.00265 -0.00091 0.00182 0.00244 -0.00297 -0.00325 0.00286 -0.00098
0.02379 -0.00700 0.00754 0.00019 0.00663 -0.00691 0.01232 -0.00906 -0.00131 0.00074 0.00265 -0.00144 -0.00494 -0.00065 -0.00290 0.00106
0.04255 0.02371 -0.00613 -0.00022 0.00097 -0.01146 0.00012 -0.00068 0.00089 0.00256 -0.00222 -0.00634 0.00498 -0.00040 0.00166 -0.00099
0.00941 -0.00645 -0.00939 0.00063 0.01522 -0.00853 -0.00731 -0.00197 0.00430 -0.00308 -0.00508 0.00707 0.00120 -0.00180 -0.00033 0.00181
-0.00424 0.00955 -0.01786 0.01906 0.00505 -0.00213 0.00223 0.00521 -0.00240 -0.00090 0.00220 0.00393 -0.00019 0.00330 -0.00274 -0.00263
0.02700 0.01826 -0.01259 -0.01485 -0.00181 0.01442 -0.00461 0.00008 -0.00814 0.00181 -0.00214 -0.00015 -0.00042 -0.00059 -0.00285 0.00091
-0.04642 0.00100 -0.00323 0.00606 -0.01254 -0.00518 -0.00657 -0.00393 0.00055 0.00608 -0.00621 -0.00311 -0.00510 0.00006 -0.00079 -0.00031
-0.00613 -0.00683 0.00471 -0.01151 -0.01664 -0.00117 0.00865 0.00236 0.00253 0.00877 -0.00044 0.00622 0.00453 0.00031 -0.00007 0.00010
-0.03035 -0.02203 -0.00814 -0.00293 0.01134 -0.00045 -0.00604 -0.00651 -0.00638 0.00402 0.00733 -0.00178 0.00422 -0.00046 0.00083 -0.00006
-0.00885 0.00106 -0.01779 0.00937 -0.00540 0.00418 0.00146 0.00803 0.00986 -0.00038 0.00484 -0.00395 -0.00001 -0.00186 -0.00057 0.00239
0.01093 -0.00298 -0.00542 -0.01163 0.01036 0.00217 0.00055 0.00321 0.00206 0.00243 0.00038 0.00025 -0.00524 0.00599 0.00411 0.00040
-0.00657 0.00124 0.01332 -0.02157 -0.00853 -0.01058 -0.00614 0.00780 -0.00090 -0.00635 0.00439 -0.00017 -0.00203 -0.00074 -0.00135 -0.00079