C:/Users/vmc04/Documents/GitHub/wingproj/Metric disparity/Field 18/FieldSJU18 coord_Aug20_Format - {Relative warps} - 1 11 36 0	from C:/Users/vmc04/Documents/GitHub/wingproj/2017_08_Field collected 13-18CLIC txt files/18 landmarks/FieldSJU18 coord_Aug20.txt - TPS like internal (simplified) format - can be converted to other format by using TET	
-0.00231 -0.00044 -0.01957 0.00482 0.00625 -0.00260 -0.00208 0.00505 -0.00549 0.00225
-0.01330 -0.00945 -0.00501 -0.00554 -0.00469 0.00156 -0.00612 0.00238 -0.00023 -0.00516
0.00545 0.02861 0.00966 0.00383 0.00340 -0.00854 0.00142 0.00104 -0.00105 -0.00268
0.00895 -0.01669 -0.00162 0.01396 0.00364 -0.00563 -0.00233 -0.00690 0.00189 -0.00077
0.00653 -0.00984 0.00311 -0.00408 -0.01528 -0.00980 0.00462 0.00127 -0.00151 0.00144
0.00794 -0.00831 0.00635 -0.01282 0.01088 -0.00437 -0.00159 0.00329 0.00493 0.00140
-0.03038 -0.00709 0.01139 0.00596 0.00373 0.00356 0.00729 0.00138 0.00037 0.00045
0.02589 -0.00426 0.00942 0.00468 -0.00127 0.01337 0.00108 0.00351 -0.00156 -0.00052
-0.00977 0.00944 0.01234 -0.00210 -0.00398 0.00332 -0.00913 -0.00394 -0.00168 0.00322
-0.00179 0.01451 -0.01639 0.00354 -0.00636 0.00454 0.00113 0.00057 0.00725 0.00104
0.00279 0.00351 -0.00966 -0.01225 0.00366 0.00460 0.00571 -0.00764 -0.00292 -0.00068