C:/Users/vmc04/Desktop/Wing saga/Lab reared wings for landmarking/13/TPN/TPNFA/coord_Jul24_Format - {Procrustes residues OP} - 1 20 26 0	from C:/Users/vmc04/Desktop/Lab reared wings for landmarking/13/TPN/TPNFA/coord_Jul24.txt - TPS like internal (simplified) format - can be converted to other format by using TET - Orthogonal projection of the preshape data to the Kendall tangent space
-0.012226995753369611 -0.0027064005093649472 0.001034988777533814 -0.0040922957159912161 0.0022341444471493813 -0.0059818269031165754 0.0054629244876744877 -0.001356113979383057 -0.0010760587657784194 -0.0065527291363907539 -0.0027150419726650137 -0.00071423182479254466 -0.0052315626294839584 0.0040835996419196722 0.0012202036122952241 -0.00041910798791089794 -0.0051422317917485978 0.0045238353009625434 -0.0052282602280929475 0.0038027582840493 0.024365514672325138 -0.0016625363314585618 0.00060165055481501285 0.0064933798827463019 -0.0032992754106542497 0.0045816692787311042
-0.017091773107805776 -0.0037452072005692283 0.0021411980797620455 -0.0028002219429925528 -0.0047089945132443587 -0.0055728140723196396 0.0076671120230014664 -0.0035829496308294943 -0.0004926351082414895 0.0019329384456989816 -0.0044182813617193277 -0.0014099974715188238 -0.0063016329014250437 0.0053954378422116107 -0.0036865683016784781 0.0007620628018082064 -0.011783143599784681 0.0065899972131118097 -0.0034112033022567988 0.0059514195029186272 -0.0076311400559786226 -0.0034234511706830997 0.013485608764862702 0.00022510888370124251 0.03623145338450983 -0.00032232320053690589
-0.0034492724835098682 -0.0095637697843222232 -0.0012401326708190285 -0.0040491963986461002 -0.0028324941450560835 -0.004184883558716301 0.0080418743718474947 -0.0038652250186132428 -0.0015092586206512586 -0.0042683310302290443 -0.0025263519622861497 -0.0010380604652189312 -0.0012690015783967689 1.6718524480516836e-05 0.0094160624912412571 0.00092223210952671001 -0.0055392540326947015 0.0032404076195370235 -0.0066034394665223182 0.0024875421851161894 -0.0014835698316183533 0.0022948233336653602 0.0019999167519045673 0.0065894661226947879 0.0069949211765609684 0.011418276360725177
-0.0061308895750782433 0.0057810511592803699 0.0003970245347860832 -0.0017566558074455295 0.0048797349050865736 0.0026213755904777748 0.0019978462600576375 -0.0088780208160662219 0.0049700476068596962 0.0043830443691776537 0.0013582512360390073 0.00058710898374828187 0.0022558256049025334 -0.0006812089399972365 0.009241829095240104 0.00082993757814616874 -0.019012894235873792 -0.0012065808652280737 -0.014234457650244512 -0.0039138711876332329 0.0061964808308722988 -0.00480204155062482 0.0036702611320594356 0.0044056148453915931 0.0044109402552932105 0.002630246640773326
-0.0049363167642848347 0.002147900744462466 -0.0013819279760614641 -0.00065155062331874068 -0.00059391924191725797 0.0011492643113612303 0.0088712093848101591 -7.9242248323830992e-05 -0.0024530247287489261 0.0031429853387814092 -0.00086110330194744036 -0.0024548735329589641 -0.0040327038896727941 -0.0029478841805547847 0.018994006029870461 0.0024304046796964308 -0.0084349710802196758 -0.00049221269158756468 0.0046542122831984088 -0.0037608341331690676 0.0057281328360899667 -0.0010381781358809372 0.0003838217928218814 -0.00011368865284480808 -0.015937415343938846 0.0026679091243368425
-0.0056079903737388925 -0.010643298552620604 0.001714899946675218 -0.00084976482860373665 0.0012692152124259629 -0.0011214984124703333 -0.010546661828967742 0.0033598988586684446 -0.002352691148667299 -0.0020285686444479964 -0.0052202042425410445 0.0015947675943302805 -0.0044594165812887106 -0.001876544199186153 0.0057415558391062087 -0.00095273491488779367 0.0025046876023358238 -0.0021471346845917949 -0.0018759309011085689 0.0021009366131735578 -0.0014665489540674746 0.0018915373483107331 0.0088426070052665152 0.0041776531806348638 0.011456478424570883 0.0064947506416903333
0.0037309621901769098 0.0029347277856134665 0.0051763539528017384 -0.0017846960419777885 0.0073414001172399743 0.0002106900195424945 -0.00078208035199099082 -0.0032451461577189152 0.0049812949752124896 0.0015595256429607345 0.0051415138028245997 -0.0010897583727374988 -0.0032332544280137166 -0.0021353096434287917 0.0012513346264771972 0.0023093122814329577 -0.0080320103539319974 -0.0008143888442484411 -0.012096209092454201 2.7617513661219099e-05 0.0036334285364730476 0.0019838325923521522 -0.00091458686587532684 -0.0013294145021763427 -0.0061981471089397507 0.0013730077267248425
0.00079691072110324532 0.0033152877760545931 -0.0019973972108415839 0.0018136485123936832 7.9972901323952742e-05 0.0019339864820141716 -0.0067622239551418575 -0.00094200128117229187 0.00082300559475234538 0.0030512719093276392 0.0023257261767034576 0.00087912843542516789 0.0020260325025560199 -0.00078702316757231028 0.012539073247048156 0.0033724670237873233 -0.0038158800985874835 -0.00097872404542672818 0.001055603178436003 -0.00359293955214522 -0.004850512273795197 -0.00072148037046627402 0.0020742867945683367 -0.0042416775713345926 -0.0042945975781252567 -0.0031019441508854662
-0.0098978549599374136 0.0017910299523916911 -0.0043838864185883107 0.0063572163083803496 -0.0080337366598430618 -0.00089011015012403836 -0.0063207149784306454 0.0069477643209351157 0.00065456442736475324 0.0018862632775268611 0.00092726729111685833 0.00031335517379709718 -0.0015172938683867794 0.00078834693492527987 0.019074118220996073 0.0054932257609080467 0.0011835227653928808 -0.0037022638970326876 0.006480781076611512 -0.0048055097589363143 0.00032946775177532988 -0.0037014094033218188 -0.00069723525464669104 -0.0041726456804599757 0.0022010006065750335 -0.0063052628389894949
0.0015820724765936815 0.0077547667491378522 -0.00099837852417316523 -0.00039648162570828527 0.0028214365187912882 0.0056106852734187571 -0.0025076272520129289 -0.0023749925989479739 0.0013029138559892328 0.0053731839354470212 -0.0015743015967751486 0.0040487385456536339 -0.0026150640340590172 0.0013015757484816873 0.0017579185516904692 -0.0043371728387572531 0.0050515873297952499 -0.0028455345853165967 0.00087559767995758588 -0.0025503239700370045 -0.0071955404878507913 -0.0029762018149788348 0.0056568790399348498 -0.0054177309220547641 -0.0041574935578821866 -0.0031905118963382745
-0.0075065966815089534 0.0066751156175483429 0.00050269799524881574 0.0042504495294842628 0.0008361301298004044 0.0052510317229248317 -0.0064697977678976285 0.0078841538951503632 0.00035273669566555184 0.0029192821382331624 -0.0036332994894157766 0.004332698877780255 -0.0043313503727465154 0.0011956132274551622 0.013854114340659555 0.0050654259428729023 0.0050246441410440636 -0.0063961864514780744 0.0061114049853223905 -0.0078557087014399542 -0.0062669318150501332 0.0016025566009987223 -0.0021093096231812603 -0.0101545961900469 0.0036355574620597379 -0.014769836209482939
0.0013570732837548984 0.00021040158211310732 -0.00047950170120121191 -0.00055238457338718317 7.9709641828535488e-05 -0.0024884874742241887 -0.00063002663883729025 0.0014043115437043919 0.0023541061634569016 0.0016155588519346186 -0.00061280527162936495 0.00012275797163879989 -0.0082168264086547212 -0.0023054823384140838 0.014850261181720902 0.0035029008257829305 0.0079105782706073696 -0.0044293383776719568 -0.00030078420773669559 0.0017419792785132318 0.0039011282064844843 0.0012171257139441147 -0.0075801640890111261 -0.00010643751434326755 -0.012632748430782928 6.7094510409204666e-05
0.0016897567622384301 0.0071499665255691843 0.0022611052898715406 0.0037538654034234512 0.00036894868530734605 0.0038856663107817019 0.0030377785579678239 -0.0039403076054293721 -0.0010285735581560969 -0.00029515142856949202 -0.0022220055615995308 0.00055447795877794836 0.0035813140122583275 -0.0026821049437371321 -0.00063866567818489253 -0.003364803159937195 0.0035490806314056409 0.001679930109408354 0.0028097620969861686 0.00083055821689771595 0.0012343906531945732 -0.00051538179612759796 -0.0069072942138275178 -0.0032037285759546983 -0.0077355976774618682 -0.0038529870151020607
0.0089716707476569756 0.002897420011178104 -0.0025631450405454604 -0.001516145641925616 -0.00061941975101352173 0.0025658850780640582 -0.010259439067649281 -0.0050040834053104817 -0.0016926741641365949 0.00013838538849797059 0.001509150267981004 0.00073918339919001571 0.0045029357833599754 -0.00061045378784733983 0.0051431326028389748 -0.0042341858139831462 0.0074173571179211237 0.0016548149762500111 0.010914203165681502 0.0030656367644058772 0.002623694859422254 -0.003481395579768782 -0.012843391848727207 0.00020003452464707077 -0.013104074672789838 0.0035849040866022253
0.0048946687612434472 -0.0051200011295638136 -0.0089840523995960916 -0.0041854652806093589 -0.0042792275153668395 -0.0024820463175100086 0.012398101665231557 0.00254669606282799 -0.0012033272080860277 -0.0014729805799864031 0.0042414264657838763 0.0018643038235470171 0.003324974116084367 0.0022171662514809229 -0.02019389687602428 -0.0043070746225132598 0.0051515569578906781 0.0027258243391964725 0.012283082775014015 0.0012332885232832322 -0.010310240718242753 0.0025244194506767572 0.0023449413965094526 0.0045790677208836011 0.00033199257955844521 -0.00012319824171330707
0.010378083579313673 -0.0063897577802338188 0.0037950651410542358 0.00030712046360791923 4.7017960399275624e-05 -0.0012480506774415461 -0.00049939249302198487 0.0066655900093687418 0.00118348659285464 -0.003809652244514245 0.0027946404038298161 -0.0032464059228994842 0.0062789034187921249 -0.00095890809593880818 -0.015662811915723662 0.001189009346843118 0.0055649522460334781 -0.0022276671996878258 -0.0051194419634920055 0.00063619825706552299 -0.010746052624098234 0.00098251461726977705 -0.00062716000812751405 0.003525766848152906 0.0026127096621868661 0.0045742423784076308
0.011696509741710739 0.0038306740199746617 0.0044577209630699121 -0.0010679254989247734 0.0068923479309788982 -0.0014949158239500715 0.0055713845266832512 0.0025930056849937013 0.0019263369666527121 -0.001697756816774787 0.002012916389674279 0.0012518302242628455 0.006636569978590418 0.0020196915118977895 -0.027793908508232525 -0.0072385848462827758 0.0090318108307553893 -0.00030035021044582375 -0.0056719214561973489 0.0032122159341302576 -0.00049253264300187869 0.0050783162842623856 -0.0033656824045900161 -0.00098506091587097873 -0.010901552316094094 -0.0052011395472723043
0.0013347944875544962 -0.00068416403434195671 -0.001774564383119012 0.0033303930953526187 -0.004447164236391285 0.0026816393434116233 0.0080695800876703968 0.00077346846028878563 -0.004551389306395085 -0.0011407064923783855 -0.00026432537529167766 -0.00088268673612467157 0.0074145712160753816 -0.0025554177825032874 -0.018908346114220063 0.00022366803320041551 0.0098783362177178504 0.00033913020195628404 0.010013149218543871 0.0012718160093882725 -0.0054551271348625106 0.0018679308113134052 -0.0019347451837899007 -0.00089673463411196253 0.00062523050650713447 -0.0043283362754514276
0.00433258608028546 -0.0048131568376400206 0.004989014954100042 0.00080749611345313891 0.0016958398358167966 -0.00062803910452716302 -0.0054153763144282694 0.0019013625978473577 -0.00028164391974990453 -0.0010366381597325528 6.2330011340670788e-05 -0.0031841623554005605 0.0059343688432398397 -0.0022897464147340583 -0.012753979186669224 -0.0011765720103098765 0.002146742426064374 0.0021183412212576504 -0.00035322011547891355 0.0005547365185294208 0.0003468650552892541 0.0044985988051636913 -0.0017468797888138183 0.002376268644239273 0.0010433521190044001 0.00087151098185439535
0.0049444370030402394 -0.0019937825145691823 0.0011744874697903881 0.0016855862764670357 0.0010936450961891091 -0.00078256229875768493 -0.01170782259555618 -0.0024556657782406855 0.0023621291666283536 -0.0041571512972483834 0.0078318951030647028 -0.0022346336120125177 0.0028545871884341693 0.0033113362974128398 -0.013640980534001756 -0.00014147483020661745 -0.00012559617662200235 0.0036471055443162517 0.00062330525459439526 0.0009377192437529738 0.0017431117411892062 -0.0021107604997049885 -0.0018878573126073855 -0.0002704735549310484 0.0047346585958566905 0.0045647570237218882