C:/Users/vmc04/Desktop/Wing saga/Lab reared wings for landmarking/13/TLC/TLCMC/coord_Jul24_Format - {Procrustes residues OP} - 1 20 26 0	from C:/Users/vmc04/Desktop/Lab reared wings for landmarking/13/TLC/TLCMC/coord_Jul24.txt - TPS like internal (simplified) format - can be converted to other format by using TET - Orthogonal projection of the preshape data to the Kendall tangent space
0.02022795681342179 -6.2410394551049974e-05 0.0027974897146702282 -0.0096872886443083485 0.0035321103792222207 -0.0028474448963825777 -0.006154160649087791 -0.010358103163875464 0.0061144175310287562 -0.00053215076222651498 0.010088162084444794 0.0011649785687254813 0.0070011692387949281 0.0019051287324838952 -0.010247870341789474 -0.0024151068591501518 -0.0032024040748841113 0.0037795627092360308 -0.0047483493910526579 0.0078724233924284195 -0.01021059875023566 0.00042354926461407919 -0.015057575553087621 0.007197292115887397 -0.00014034700144643659 0.0035595699371185063
0.00070914515787355581 0.0021288038013691809 -0.00097866600830501639 0.0046010624084926663 -0.0063414050158230456 -0.0017989842890931589 0.0095382092451422977 0.0030428242524742546 -0.0041057123904797337 0.00056406873006257716 -0.001301423413306311 -0.0032366312232005078 -0.0056464077906487808 0.0023118691379270515 0.0024984683009172579 0.0014430146921807678 0.011654341157245158 -0.0024025560231578035 0.0096157057799589919 -0.0024146218290575618 -0.0023126950058830037 -0.0021429469901511479 0.0031616840122054169 0.00034614963589466366 -0.016491244028896825 -0.00244205230374131
0.0085151035467233675 0.0071397573425417468 0.0052033687057041322 -0.0015586126752694771 0.010314921286365773 0.004037980390723412 -0.012480068628087735 0.0011460296305044813 0.0081708494105995864 0.003740744623788538 0.0039789589873626607 -0.0016658843238909599 0.0018142362504349311 -0.0019266217602667882 0.0085758504736858261 0.0016454458811743262 -0.0034464545311114069 -0.0018540527589773832 -0.01622542209570297 -0.0028215694785925739 0.00191757001913208 0.00098209472746899561 -0.0069790671142386154 -0.0047071363895965571 -0.0093598463108671998 -0.0041581752096076369
-0.001050684818705825 0.0028990241170970821 -0.00040903891907362864 0.0029007965873192854 -0.0038754681026014655 -0.0037826648969191187 0.01804797669699245 0.0082604740883998225 -0.00012814457154677948 -0.0020403804332992013 9.2506502965399593e-05 0.0010469029254032349 -0.00016665663939954074 -0.00065628946856994121 0.0041540161454831004 -0.0019282021379591692 0.00095402521055402392 0.00087173418627824184 -0.0054860911575965437 -0.0040478298738903136 0.0019158322946832337 0.0045944303497200542 0.0044673792476413367 -0.0031657972047019235 -0.018515651889395884 -0.0049521982388781444
0.00036273928017102521 0.00080123517460054688 0.0066992463553711412 0.006256285498084397 0.004920361439567025 0.006963163751425366 -0.027142838667218415 0.00010573924810888423 0.0021676177776181497 0.006524919676967984 0.00095985296131361267 0.0048477663438898392 0.0020505539526033765 -0.002973433417618237 -0.015704017784647209 -0.0062076420148066856 0.0048871522473086107 -0.0065932022480692694 0.008930079845508478 -0.0069488819774645057 0.0015483008785750823 0.0034548346929297448 0.0056075407813611202 -0.0026998501837730282 0.004713410932469019 -0.0035309345442749857
-0.0028632830741151805 0.00047627106079005366 0.005309984188182665 0.0026903413377714416 0.0053275901609218827 0.0043517943577939047 -0.0090080236753218475 -0.0025448834796695779 0.0031370919319233426 0.00011910488901704957 0.00081862173051514843 -0.00098699793222733448 0.00058051195181609136 -0.0023115361574661359 -0.010164950063180193 -0.0025089602520772872 -0.001988377998508498 -0.00071000147868838107 -0.0057197397553943414 0.0017688455658296162 0.0077507218220137994 0.0044736082733037048 0.0028152769042876268 -0.0018458773832574634 0.0040045758768590565 -0.0029717088011189524
4.427070719204354e-06 0.0045080795079947868 -0.0029790444664093288 -0.0013532385730788722 -0.0024957140072515848 0.00037490250893602482 -0.0084926827181239315 -0.0033160894649408566 -0.00022794116915853869 0.0047362032130961722 0.00018900451605961062 0.0022103756585991827 0.0086186317451056819 0.0012079980168090859 -0.0033943101250239597 0.00063005875872947277 0.0074812711239523651 0.00053032654648462992 -0.00028449026631763226 0.0017274063851443235 0.00068923305965873415 -0.0043566608863976506 -0.001663363154550694 -0.001778514087912728 0.0025549783913391922 -0.0051208475834638029
0.010444051013025799 -0.0001555449166365989 0.0077620943323606431 0.0052733622829878209 0.0026905477637464374 0.0025642763152119181 -0.0052767120122455121 0.0048064609697221119 0.00027662825494598111 -0.0028253326005919024 -0.00020166724101478104 -0.0020812828440966882 0.0024819573339634037 -0.0019691071158517469 0.0046549776836617386 0.0012284288383064184 0.0027871951912030787 -0.0044220851757030598 -0.00091848708324745987 -0.0041624943791835822 -0.012409323873383924 0.0031730286127494072 -0.005956756799993362 -0.0014844017395602594 -0.0063345045630210615 5.469175264632975e-05
0.0060051929456726941 0.0060736765238946448 0.0052102631469009737 0.0015003184472419345 0.0035771401942522344 0.00072880754683045108 -0.01345818518752161 -0.0069368007984367246 0.0027124223955900082 0.0035396922374574939 0.0028120550080385103 0.0028011379061946718 0.00084406792798292335 0.0021774939204808998 -0.0061003315577506916 -0.0019483861118082676 -0.00074265396496307474 -0.00031098161220812474 0.0013710800242597938 0.00076784923327626053 -0.0069510699527664064 -0.006238656166735957 -0.00082055890164888531 -0.0016510476767819032 0.0055405779219534611 -0.00050310344940543428
0.0095042409572899094 0.0013467677931279865 0.0065570892154195705 0.0040511026474664528 0.0072784972128277659 0.0019903059762520041 -0.0048246432184729741 -8.8170350572073586e-05 0.0057999852943685717 -0.001137946421792599 0.0016192457588481211 -0.00098782464300671514 -0.0010347183654949553 -0.0037554759080616483 -0.0056023691100005176 -0.0030617476120149835 -0.0013825646696258155 -0.00090390229723791185 -0.0051562607622509448 -0.0013255320010819869 -0.0060487397030167134 0.0014204815932707324 -0.0024129057337531389 7.4292693491115011e-05 -0.0042968568761394439 0.0023776485301586769
0.0013266725728554628 0.0027538301741912171 -0.00048647846152881 -0.0023624758676850759 -0.00053973342294914351 -0.0050796318279923243 0.00784101221389274 0.0041923136269148287 0.00084151880133974941 0.00027734274607687988 0.0046663862410751475 0.0024039344197972095 -0.00056893190488902325 0.0016839558744006248 0.0035488174845833987 0.00069818520119643065 -0.0082305566417610592 0.0023783928065825434 0.00215740507889146 -0.0012918984349871998 -0.0046964449126314324 0.00036737525125474284 -0.0031941032250273251 -0.0022475824809444411 -0.0026655638238516043 -0.0037737414888053128
0.0030743983350835355 -0.00072133272301336628 -0.0073938381422459318 -0.0074209982333147094 -0.00043066594593898014 -0.0014041352414867507 -0.0028355453959280409 -0.0063043801874678347 -0.00031466859070060057 -0.0012643384813977986 0.0024919897730541576 0.0021966250966862079 0.00086172245923718722 0.0055796784408537296 0.00096753744077139419 5.1719628329326947e-05 -0.0032663617967072893 0.0050056677563370365 0.0090340140521713037 0.0030954146072715728 -0.0060835600941525261 -0.0053118329372862519 0.0013077650365992642 0.003843273108403383 0.0025872128687560746 0.0026546391660847574
-0.0060445643962786016 -0.0059311945524607263 -0.0080281842228007404 -0.0098455097701043628 0.0010740718234445402 -0.00091550906267736482 0.0010376222541793447 0.0007021029658459203 0.00067669071281710111 -0.0014585163300298125 0.001082593534798359 0.00078326054766558338 0.0022657182526392419 0.0017845703874399927 0.00073221971649694607 0.00199455989804442 0.00059894004592111962 0.0020949111894467366 -0.007413415495683977 0.0035471993307123416 0.0082310544282205474 0.00077934513309733575 -0.0030618174106606848 0.0014076268194074119 0.0088490707569064547 0.0050571534436129467
-0.0043450579028258178 0.0028421189896680283 -0.0012758115710943688 0.0031212384202158596 -0.0033291252309226053 -0.0022897012417658134 0.0065915717141276295 -0.0023835282857806294 -0.00037080601844122337 7.7346144934739775e-05 -0.0044669350943252507 0.0034854521259792466 -0.0010382765708804855 0.0002993836313749564 -0.0014896598435403762 -0.0032593184953943486 0.004185825848258079 0.00026979043494912354 0.00044251647817446704 0.00038750294354270747 -0.00024982508215341597 -0.0080631531071379929 0.0025146785386527207 0.0014797615562488547 0.0028309047349702708 0.0040331068831655215
-0.0073342163750364925 -0.002913743316381878 0.0030235945277232723 -0.0017378976510360397 -0.0015686801197523528 -0.0022706405552706415 0.0069559774962523755 0.0004582499939075513 -0.0011357882574861227 -0.0042099290264492441 -0.0022625524224160662 -0.0044713716297693018 -0.001469916489764135 -0.0011421065164633013 0.0067598974849218717 0.0023781265497481549 -0.0031275525458306806 0.0049658969607623048 -0.011461265617086189 0.0048889123624987294 0.0086525879424949499 0.00014200518148383128 -0.0010948674307072366 0.00077998821460243035 0.0040627818066875515 0.0031325094323677444
-0.023088745292634532 -0.016480633338061993 -0.0093704692089970516 -0.0056934612656856405 -0.0072569824151516599 -0.0029998495717613771 0.014096188588671359 0.0039930554795645241 -0.010091152605864108 -0.0020828524428611627 -0.010063883290388804 -0.0037598521960238154 -0.0051543827584045656 -0.00030557859737390629 0.0094412547051659513 0.0059124465540177579 0.0024180132031057125 0.0021837389000004957 0.0092396652733607518 0.00070539882297731801 0.01448228557649648 0.01090775498066128 0.0056675156117321074 0.0034432956027641384 0.0096806926129072487 0.0041765370717835176
-0.0072400694961152201 -0.006217933912914953 -0.0071727327465692919 -0.00236221174624832 -0.0035814770437409315 -0.0037173880666480385 0.0032500886868557441 0.0014369218123092419 -0.00079263382876892724 -0.00077359757674170062 -0.00019715473246717866 -0.001025774974227636 -0.0025604751469891682 0.00013384550057913918 0.015357580581605025 0.005642493474913593 -0.0063005163621280749 -0.0013889921650632685 0.00082162335872901487 0.0024689483844958283 0.0013899654262227831 0.0018971790644220568 0.0063737517858101413 0.0022114608003935346 0.00065204951755509864 0.0016950494047304476
-0.0065467174176642795 0.0040406599286195877 -0.0025592283980018678 0.003209973888351069 -0.00016727782555112439 0.0043177332190608266 0.013228765142356354 -0.00021883189853275228 -0.001027723715706406 0.0013536346297544268 0.0017371269522064663 -0.0018476486501835534 0.00035006976710893079 -0.0014760762233303373 -0.0098688509311516213 -0.0040245598688197519 -0.0039303475952111051 0.0010501627359799889 0.0039467616822142972 -0.0017416169386191022 0.0033821061913754252 -0.0024166041558827942 -0.0013674424670060774 -0.0017893163506898921 0.0028227586150315754 -0.00045751031570820389
-0.007146014995014242 -0.0036672432617994508 -0.0017467914303077167 0.0010996960765254659 -0.0040286934156966514 -0.001557304759479813 0.0098460497789283289 0.0044062649571108437 -0.0035854137304210804 -0.0046766082422356392 -0.0036282349332980792 0.0001540967226209603 -0.0057061663134825528 0.0011240698605847717 0.0087764924784341225 0.0048644703585750916 0.00099719348327798421 -0.0019552704069632611 0.0054373042612717538 -0.0018162325902792518 0.00047410362608135475 0.0012667214460305473 0.0024727646630217297 -0.00066611707524431363 -0.0021625934727936345 0.0014234569145542553
-0.0043407561878759764 0.00027868813930441449 0.0030402728374584824 0.0062344303714718507 -0.0016393082700301522 0.0025796009428916793 -0.001157953418130878 -0.0016448620745647576 -0.0045217241530162875 -0.00033696233966423733 -0.0048822593290270104 -0.0010400335930337546 -0.00053985615926587546 -0.0013139404786052862 -0.002827938800275505 -0.0011892918179794208 0.0017134688862121385 -0.0018420065698390652 0.0071700540004581608 0.00038399767274583275 -0.0060505476124537334 -0.0056613929253827612 0.0059549998683220817 0.0025364964668639902 0.008081548337624065 0.0010152762057914627