C:/Users/vmc04/Desktop/Wing saga/Lab reared wings for landmarking/13/TLC/TLCMC/coord_Jul24_Format - {Aligned specimens} - 1 20 26 0	from C:/Users/vmc04/Desktop/Lab reared wings for landmarking/13/TLC/TLCMC/coord_Jul24.txt - TPS like internal (simplified) format - can be converted to other format by using TET	
-0.6687173190745419 -0.060438411631019318 0.2273323740603797 -0.085599410893531389 0.24613899222179403 -0.05575310515367872 -0.03401905166282327 -0.097735479346589937 0.25818980458003815 -0.028969819255847143 0.25774860025534918 0.00053379812833633563 0.21613855992071068 0.028379584326384041 -0.0055477344174483462 -0.0062558882492378979 0.14123360027172008 0.056221135452631063 0.048053272611423156 0.081046807185466807 -0.33125277698450256 -0.021219274301269138 -0.10374446101296189 0.09726180999095678 -0.2515538607691381 0.092528253747398342 
-0.68847826515028598 -0.058268416984118103 0.22363513262267146 -0.071337739663279359 0.23635074263627875 -0.054723238594160319 -0.018336475070711022 -0.084365261292885824 0.24805826823747559 -0.027883594372148039 0.24644605667326352 -0.0038680334961724745 0.20356448562451201 0.028795629356126954 0.0072002561194315674 -0.0023991165661875744 0.15614110850258356 0.050057447661350798 0.062435885265266049 0.070785479590057973 -0.32346770565863903 -0.023793377070976743 -0.08555637104609902 0.090442321287510771 -0.26799311875574744 0.086557900144881697 
-0.68056928624464452 -0.053248435197790399 0.22978359181097105 -0.077486063328665367 0.25297079104061504 -0.048878362736705025 -0.040350586204472697 -0.086248990054960353 0.26029713628035211 -0.024702666089434021 0.25168940549924645 -0.0022971922141340894 0.21099385658365066 0.024553179635378525 0.013276935463617284 -0.0021961110510500706 0.14101871476815303 0.050598109144602506 0.036586861769187642 0.070367589906230682 -0.31918943401790112 -0.02066509902248008 -0.095683860496917322 0.085375567583960352 -0.26082412625185714 0.084828473425047568 
-0.69018472524258523 -0.057493519576737123 0.22418736587640706 -0.073032124870532164 0.23879788574734701 -0.056702820808304639 -0.0098245490352099844 -0.079140842674854064 0.25201630876635001 -0.030485840581037503 0.24782080130822409 0.00041554954750064798 0.20902803572361678 0.025825419877549289 0.0088554398629299338 -0.0057700358660801778 0.14542960366599411 0.053327675428141923 0.047329997993463817 0.069146603013148761 -0.31921430848160931 -0.017054323146578967 -0.084243805586017073 0.086923397502496461 -0.26999805059891119 0.084040862155287568 
-0.68856126463319456 -0.05957290188366722 0.23122719792931576 -0.069653492877404841 0.24751975251674926 -0.045940862983005495 -0.055006869320523878 -0.087268939058022826 0.25423522171029339 -0.021911870771061801 0.24861264433248792 0.0042166053919198256 0.21118148727800931 0.023500204747138254 -0.011004026982386879 -0.010048304816369296 0.14931869696682329 0.045846751301694078 0.061730071537419301 0.066223242472651059 -0.31948396481067642 -0.018187320625983446 -0.083076606369331368 0.087361886846135661 -0.24669234015498415 0.085435002255976208 
-0.69216153124209745 -0.059930663045908522 0.22995990610341324 -0.073260673514114152 0.2480587685292544 -0.048580971436299525 -0.036887190908748216 -0.089967026340918091 0.25534162657395248 -0.028333133279493453 0.24860594555197998 -0.0016185017498235594 0.20982505149476574 0.024176483284362546 -0.0054624060844526406 -0.0063517094172725183 0.14252162628329412 0.051758439032215643 0.047108934481212651 0.074980719316329547 -0.31345593825660173 -0.017180303715778639 -0.085917046144411327 0.088264783892943691 -0.24753774638156156 0.086042556973757831 
-0.68933145820382125 -0.05590215294194182 0.22168314379807122 -0.077308400507082806 0.24024871798423975 -0.052560753523384345 -0.0363733722116035 -0.09074300575556507 0.25199036436082806 -0.023717588506322978 0.24798985803665718 0.0015788373595915541 0.21787459647164234 0.02769746375915122 0.0013084906223074506 -0.003212900228498807 0.15199916595015192 0.053001631942497109 0.052547068524902471 0.074943277655006871 -0.32053496556533312 -0.026011755223752462 -0.090400531171166809 0.088337067416316695 -0.24900107859687642 0.08389827855398474 
-0.67880842439290912 -0.060558467708598469 0.23239709839824652 -0.070672609051466398 0.24540560759921107 -0.050364974485336084 -0.033154027933135932 -0.082609876635306084 0.25246441528709496 -0.031275681401864271 0.24756920229488971 -0.0027127447267626397 0.21171260202001529 0.024517153392432222 0.0093572093905575759 -0.0026140651496217695 0.14728760330464608 0.048042871175116603 0.051906679072000653 0.06904451774619963 -0.33359465426480134 -0.018479445451075622 -0.094683187590124118 0.088620275749698926 -0.25786012318569024 0.089063046546584257 
-0.68326218112004233 -0.054330551918215043 0.229850122850771 -0.074447294510897294 0.2462974464803703 -0.052201587355375834 -0.041336103695505014 -0.094355027966897279 0.25490566063781622 -0.02491127153740225 0.25058828027935248 0.0021696623740518027 0.21007923527634217 0.028664326947251545 -0.0013979982089269575 -0.0057909631578503921 0.14376087762281675 0.052155108804230355 0.054197388031305978 0.073976443777883302 -0.32814334298296222 -0.027891598263474877 -0.089548907573764852 0.088455577486199741 -0.24599047759757364 0.088507175320496248 
-0.67980653364536725 -0.059061264072800386 0.23121109363423853 -0.071901292442115322 0.2500140866706379 -0.050943421750988149 -0.032704317092628631 -0.087511901911290824 0.25800910318267223 -0.029590701645298853 0.24941107255378397 -0.0016193399367547211 0.20821362372310548 0.022733024893535594 -0.00089973967318553551 -0.0069045666104739977 0.14313006575424714 0.051565491708752333 0.047673373515874425 0.071887672209427683 -0.32726123698527432 -0.020233823906624544 -0.091146841291480207 0.090186591526896273 -0.25584375034662415 0.09139353193773414 
-0.68802632396439767 -0.057657901828256815 0.22418128655270045 -0.078319523223234572 0.24221072417062758 -0.058016601872736211 -0.020040369357009053 -0.083236772846583595 0.25306608510169831 -0.028177155276779654 0.25247339087841508 0.0017723804442261256 0.20869222714543537 0.02817407916006397 0.0082517349687056697 -0.0031448691791228353 0.13629092552657149 0.054851000688524866 0.054990275298547692 0.071925790259493444 -0.32592861722907007 -0.021288256626675259 -0.091933473948664426 0.087870235946420086 -0.25422786514356088 0.085247594354660755 
-0.68623233977282572 -0.061129010849072372 0.21725885073829571 -0.083372948557697432 0.24230350209069496 -0.054337552997199064 -0.030715056011128065 -0.093727599808657594 0.25189297240094444 -0.029716927090074778 0.25028236553828864 0.0015651135009917664 0.21010883922267959 0.032068024129984565 0.0056701393397330267 -0.0037910768671901201 0.14124542238408461 0.057474754509864175 0.061863338968323585 0.076308190092850225 -0.32729417640688818 -0.02696601163299734 -0.087425650909251654 0.0939550442584553 -0.24895820758295142 0.091670001310742072 
-0.69532641409838569 -0.066336691572890474 0.21661639325105317 -0.085794717740674736 0.24379947559572107 -0.053847015581622699 -0.026840881731409513 -0.08671796011494437 0.25287522538681234 -0.029910077617294917 0.24886402247406267 0.00015177175360065292 0.2115052798496122 0.028271959676959318 0.0054346518212901526 -0.0018480978478106075 0.14510550642202744 0.054562103471541952 0.045414001942122209 0.07675733136430446 -0.31296796411573552 -0.020874051707516602 -0.091792029509599651 0.091516144355061071 -0.24268726728757106 0.094069301561287497 
-0.69371100380162687 -0.057570747835379417 0.22339617378326823 -0.072837235773649089 0.23942589238263967 -0.055227665697164058 -0.021290333603087352 -0.08981425709761115 0.25185849827118656 -0.028377686390115717 0.24334472454924994 0.0028538862867899476 0.20822681340949012 0.02679000452883603 0.0032133459839693017 -0.0071024450667403751 0.14871002282443715 0.052743384004593157 0.053276379152990154 0.073606567018020791 -0.32148803168227696 -0.029719191781887831 -0.086226359136750461 0.091599272829250622 -0.2487361221334897 0.093056114975057433 
-0.69661173333483684 -0.063318860635166202 0.22766675991294433 -0.077686628214074668 0.24115519791000486 -0.055201814353170495 -0.02092235124843362 -0.086961263574943701 0.25106116112703514 -0.032661311470642621 0.24551731899276649 -0.0051028564543720819 0.20776832985264179 0.025345116276531819 0.011462300030795843 -0.0014645070416252279 0.14137810547948412 0.057432759440435147 0.041365819753965881 0.078098584206059043 -0.31254441158329432 -0.021511255548497542 -0.089824521782268948 0.090887939339017607 -0.24747197511080385 0.092144098030449373 
-0.71180342693144083 -0.076836426353123544 0.21508926192080768 -0.081580175257613574 0.23526869740206793 -0.055887801977026037 -0.01375937587352795 -0.083355074954380937 0.24189986325048021 -0.030511002672776996 0.23751366139857336 -0.0043908213764118735 0.20391300834406284 0.026160015832333395 0.014139817464914266 0.0020729506972398735 0.14680567392483967 0.054607759124328144 0.062023614246053085 0.073855290696731427 -0.30645243785311643 -0.010727824598181898 -0.082989685798510807 0.093477668326103783 -0.24164867149520425 0.093115442512779478 
-0.69650227821956123 -0.06662170968814074 0.21746544351513258 -0.078309255555998672 0.23913701030606188 -0.056647386310581506 -0.024627620905115874 -0.085980650247436091 0.251398714487367 -0.029224348141211245 0.24757721371367594 -0.0016572457741180001 0.20667312420135325 0.026620480036077237 0.020059878691329795 0.0017999452249909216 0.13820193232193714 0.051076705072581746 0.053647535487525447 0.075676994306809006 -0.31979990060186203 -0.019755600766030553 -0.082353931959592216 0.092317410707912398 -0.2508771210382526 0.090704661135145567 
-0.69584549397395989 -0.056366320483605112 0.22209086572482342 -0.072741099184527758 0.24256408661074011 -0.048615073151161911 -0.014650423462118324 -0.087641041774079873 0.25117700425617534 -0.027098625349097506 0.24952464071746774 -0.0024791529518652057 0.2095947697085068 0.025011963523148696 -0.0051663033476429879 -0.0078673119797119384 0.14057976746214859 0.053518643467080233 0.056775476415158177 0.071470312933158683 -0.31782480011134689 -0.024070532743983148 -0.09009983353433508 0.088321414000719939 -0.24871975646561623 0.088556823693924536 
-0.6964522637814109 -0.064074878505967423 0.22290573797494168 -0.07485220033147845 0.23870530231005782 -0.054490684939090504 -0.018033441045308473 -0.083016892604534612 0.24862204822536435 -0.03312917665313575 0.2441619649317823 -0.00047741442477928695 0.20354080191069571 0.027612396746305376 0.01347909103913697 0.0010216765909602037 0.14550887507878973 0.050513779100079162 0.058266591675215314 0.071396490923391898 -0.32073628466731846 -0.020387441877923844 -0.086260588293209456 0.089445590106728173 -0.25370783535873526 0.090438755869445345 
-0.69367006431535416 -0.060130967919657372 0.22770031753697584 -0.069720006853024222 0.24110280762873798 -0.050355550015484328 -0.029038376894130559 -0.089070944200454583 0.24769417489136195 -0.028790482573474389 0.24291622985411102 -0.0016715658663573054 0.20871411199740833 0.025175272520313055 0.0018748170763146881 -0.0050322141384579293 0.14622998482663521 0.050628798182728744 0.06000110871095489 0.073599170369441191 -0.32727168134725282 -0.027316280645407549 -0.082781321482080353 0.092651218153049969 -0.24347210848368225 0.090033552986784796 
