consensus aligned to its principal axes - from coord_Jul20_Format.txt
-0.67686658017041901 -0.030961407559806177
0.22217195670794448 -0.098484555067439208
0.24494455398414372 -0.069248943719696684
-0.043888776695792671 -0.097383590760477409
0.25392207007757411 -0.040276381635310686
0.24408784673211703 -0.010566431332665683
0.2099492601525062 0.016401427710512097
-0.0024179312391493109 -0.0037616047254401238
0.15169588762935823 0.046648231004343621
0.057394219253325385 0.077101563363526332
-0.33390420429387824 -0.0073409147318077893
-0.088248299164843239 0.10549854811644181
-0.23884000297288663 0.11237405933781981