C:/Users/vmc04/Documents/GitHub/wingproj/Metric disparity/Field 13/FieldRMO13 coord_Aug10_Format - {centroid size AND partial warps scores - U1, U2 last columns - first column is size} - 1 45 26 0	from C:/Users/vmc04/Desktop/Wing saga/Wing field landmark repeat/13 landmarks field repeat/RMO field collected/coord_Aug10.txt - TPS like internal (simplified) format - can be converted to other format by using TET	
890.65395162120171 0.0010714905502761016 0.00029871583177356231 0.0036641480471519593 0.0033301883173093047 -3.9480514930929325e-05 0.0034983265438453489 -0.00075158376691272983 0.0037022566278321831 -0.0021063380569598189 -0.00017300275332544955 -0.0046173794248399232 0.00039154743325834447 -0.0057036234229954231 -0.0034856489312259714 -0.00010194263253444848 -0.00059086299659303222 0.0044700346677973846 -0.0037610755692027344 0.00074564015928288527 0.0065363318978833695 0.0039184654326348293 0.0069386757420609717
934.80479245669289 0.00097795816107230514 0.00043352830550518487 -0.0019259261003953948 -0.0017400188356806875 0.0027372640179814038 -0.001836369003954598 -0.0049550843719423296 -0.0014122242143537085 0.0021739371173993324 0.0042842097817480202 0.0062934366741992584 0.0045147160558279258 -0.00094758275035713817 -0.00011773980763365099 -0.0028733063765805011 0.0035097878238912485 -0.0058294827828896381 -0.0036293442940673005 0.0021284551100716996 -0.0061504826926857391 0.0050086105957550609 -0.0084683093291606695
972.49607473995252 -0.00021545387922006825 -0.00032810060961707861 -0.0020141863931893156 -0.00065426091033702249 -0.0048574533529344936 -0.00090960929452926179 -0.0036176810369404479 -0.0021925963272027144 0.0041640285135956384 -0.0043362552908194673 -0.00084640702072375429 0.0023278746772333486 -0.0012923568295033396 -0.00051437781283884365 0.0011410288880633406 -0.00013044081354441394 -0.0017744375553318528 0.0022736983803792652 -0.0061650930333309109 -0.0022806484131354019 0.0001838582217857553 0.0020896421018018253
941.89195852733644 -0.001444292009392651 -0.00083099214648190019 -0.00043792433756188162 -0.0011894509750118745 -0.0023551055601927018 -0.0011014296871526858 0.0075164702334887474 -0.0029735163496744316 -0.00056984221677068201 -0.0043446293629565728 -0.0024255919550950121 -0.00027952604320726415 -0.01072318581567511 0.00097378275681068473 0.0068536382681647409 -0.0030952730524269291 -0.0040591582068008917 0.0016520311586693188 0.0058568200865273647 0.00070409527495670049 0.0025554935563384508 0.010700975445997423
1055.5398910218701 0.00086250337571724446 0.00055290708397364894 0.00087051277795394946 0.0017522077476754977 0.0020018258968375192 -0.0018156326699897015 -0.00061524135641948213 -0.0019368931491856166 0.0038220337058939399 0.0032095490918977892 -0.010392045090845018 0.0011382343974803662 0.0066760196628705658 0.0044173922151227816 -0.0051888432864597971 -0.0029657516267129185 0.0076669977815555139 0.0034174705363717453 0.019892962228956521 0.0088992949198987755 -0.0021233563954858948 0.0060139818694829126
1032.3570491467945 0.0017333654817697332 0.0026138579921126627 0.0024129487359130543 0.0031608610657515258 0.0039809711888842483 0.0020634684848021443 0.0017614000952283883 0.0003403300790811415 2.4037942557367375e-05 0.0040493567758024375 -0.0037526170289036128 -0.0018518624193594158 0.0060790547999690003 0.0010889185691926703 -0.00025544992821234307 -0.0018921533156436737 0.0035068676625876604 0.00015667598724865089 0.01782549562077956 -0.0061708957530209278 -0.004237188584930115 -0.0056649649884634307
958.52105630737981 -0.00082006213889174585 -0.0025756203014842822 -0.00074522820954097508 -0.00013807467940509506 -0.00033572440616954627 0.0013654113356207516 -0.0031645839857508502 0.0016472066085056521 -0.0012528774773426757 -0.00048355949737281936 0.0012631390078339791 0.0017393908439658585 0.0062056334590790997 -0.00018161683867630582 0.0012098151146073526 -0.002173627802370843 -0.010026405678674256 0.0015829002171095573 0.0037191763608933411 0.01051780918551712 0.013423942132142442 0.012684869392389648
1046.0436819824424 -0.00081478387376795601 0.0012806162708143656 -0.0010395842602914014 2.3212112324826578e-05 -0.00015397865268619297 -0.0013730519934736262 0.01140861944401839 0.00012836517366179579 -0.016071051838579199 0.00032253631032807726 0.012080247830211683 -0.00081116430552808532 0.00050711496089073105 -0.0037036386656861286 0.010146397966268716 -0.00095562460184342999 0.00014812414839256507 -0.015302534964539994 0.012824775635511668 0.0033208219281226931 0.029611013883039161 0.00056657485526242525
1022.0968642941823 0.001116592187078317 -3.8215113684429206e-06 -0.0036038706554743687 -0.0018009496677094329 0.00015827752628901385 -0.0025584580837709971 0.003647162079749263 -0.0019594034546011516 -0.0043449351157772874 -0.003080998344718951 0.0030579808307195193 0.0034818859065868617 0.0072582341897315505 0.0011089050661517862 6.6360808288420687e-05 0.0035046605186357157 -0.003674419103839581 0.0029703557812965375 0.0028172459834998466 -0.0019542432291469358 -0.0056188766048321532 0.0025038078189399252
943.36460036974552 -0.0024697759447045442 -0.0026131858852416739 -0.0043033184951312958 -0.0022891179461103791 0.0016578246909220674 -0.0016180576932379015 -0.0017303175931628256 0.0018124638623703904 -0.0067912353319079018 0.00080938309636132907 -0.0006448797150274511 -0.0018505142329215156 -0.0018807092549594554 0.0028722284443585509 0.0016736821227064343 0.004245621175850374 -0.0080497203841556585 -0.0040761604433587791 0.0016149822297356732 -0.0051503253471114931 -0.0070654101470067482 0.013973100377004229
1078.128578031967 0.0002514997210660887 -0.0019356748616433112 2.2638620972639346e-05 0.00079426199593528334 -0.0010078716618167742 0.00078197982775532113 -0.0078510286615581775 -0.0019531136015511744 0.010776093124236262 0.0011566764132114515 -0.011664558751759136 -0.00071481071869322675 0.0050943324661736596 0.003511895120769964 0.0002157800416026116 -0.0015679623970297212 0.003239117111487493 0.00371899813568858 -0.0090692431384816197 0.0036149946445214907 -0.01346444511707909 -0.0039245383482936517
959.40646716121819 -0.0027308121367378641 0.0013291235763464163 0.0030258404404170784 -0.0027657551381827464 -0.0020552234972508027 0.0017360843278473588 -0.0069464047445687467 -0.00037140247916802097 -0.003226398606199441 0.00153051310122278 0.001266568666998502 0.0039823840579317369 0.0037118037297031101 -0.0031793258209414864 0.0017489894776403568 0.0012375266372967476 0.0087668017297881599 -0.0016392266593331655 0.013007649399703497 0.0090200284354396473 0.012766410113970573 0.0013824669469002029
1040.436446881788 -0.0013096075563004126 -0.0011741262212633758 -0.00011543880910155427 -0.00045529371472775019 0.00095615299643751273 -0.00026242358198142943 0.0034995642708126507 -0.00060651984253592495 -0.0018977904373429636 0.00016128137975641015 0.0067103813510952957 0.001491292129386593 0.0042305016058782167 -0.0020200804775762022 0.0010466554461435341 0.00053843275308321215 0.005953906693643902 0.00036558585973485533 0.0036694918459186611 0.0047209451312264514 0.0011524128360725955 -0.0051427100253538449
934.2936451590665 -0.0013081626721379038 -0.00064160929369649975 0.0019597336002304374 0.00097861466239926461 -0.0027110047915287158 0.00077956635460083175 0.00038196391278253492 0.0022125149745483947 0.0041658973112479883 -0.00050284441012989501 0.0053876760391393516 0.001386277366473328 -0.01032713280843235 -0.00013918538758925193 -0.0084103302361337919 0.0036589390605866992 -0.011990437711112375 -0.0054986425025073732 -0.021473297674049454 -0.002588149428507274 0.0070327620386454988 -0.0016370783819079763
998.14027070347197 -0.00052690217972168815 -0.0013641928059762512 0.00050298673824521038 -0.0016286128319531984 -0.0034991194407877056 -0.0011907489604239688 -0.0045505743334911695 -0.0018586086012090757 0.0092682959652886521 0.00051083267636314628 -0.0027186725976616915 -0.002281757061100355 -0.00096095509376218377 0.00031231436691140767 0.0031689143264903045 -0.00093391388849645434 0.0023970161501701186 0.0036965950987725678 0.0051703840169657726 -0.0036033892025328961 0.0014549793551001512 -0.0050877306397954219
843.21755564850889 -0.0032970833631605781 0.00015288083986778395 0.0018439357822646189 -0.0038545016697588085 -0.0027928982462352087 -0.0042713830452899421 -0.0082827421808402343 0.0016592641391116778 -0.0092925535510543569 -0.0035253369746045902 -0.0048851134768597825 -0.0017985541279131744 -0.009810560735391995 -0.00068396568216904903 -0.008162956381213669 -0.00012814136044461238 0.0040226397522374968 -0.0036324374855572932 0.0010542990657452862 -0.0024973086100422018 -0.016810842707571202 -0.0037197041188853017
961.04838587867175 0.00080166148804156198 -0.0015115440475259815 -0.001265418062185457 -0.00061528801952012344 -0.00024726589331812128 0.00079355946393406369 0.00058378676878617457 -0.00031948621204860904 0.0050165453256152681 0.0017654286207798701 0.0048042989620285578 -0.0035307400623290444 -0.0057940896859575309 0.0029681355284796461 0.0016551803154766097 0.0031791537921482872 -0.0074452076785252426 0.0018616144730720413 -0.0011062594101844837 0.00024988365132632941 0.0077640947749833778 0.001513823281718313
1027.1687749867071 -0.0020936580528162622 -0.0026921296056506613 -0.0027582282093806861 -0.0035295704301899948 -0.0037659069093951654 -0.00099191699246548959 0.00061414864454202101 -0.0021459213348537049 0.0042142266918769548 0.00092126154629272659 0.0017940257554955477 0.0011760975005376054 0.0051507790622613734 0.0015525493048185409 -0.0040827936175665668 0.0043010483463881751 0.0019050460658847587 0.0047418956966375839 0.0066257736139194697 -0.0028036367779205726 -0.013075201895570937 0.00053148745471352104
938.39666862809554 -0.00038829913800241553 -0.0011456628171799001 -0.00058964875471880841 0.00092801549299309082 0.0036697208276609623 -0.00010679382514724565 -0.0053366552568942455 0.00085733032592515709 0.0040399596687770113 -0.0019094796209578868 -0.001735710328774921 -3.459551490542982e-05 -0.0046432643484705192 -0.0022683156231312254 0.0033477725875773476 -0.0068515840286387675 0.0010141806016398065 0.0036236120627077366 -0.007501379172253307 0.0038864496497385387 -0.0072846680410058161 0.0064581564770423679
1012.3599998176388 0.0030323985758560859 0.0018869076179833413 -0.0013897685883890525 -0.00036927048565462821 -0.0014406948297336175 -0.00058809056729735817 0.0025025627199281716 0.0011770614364774664 -0.0084453989724381957 -0.001175976895621369 0.0032305969699130349 0.0029567890084085183 0.0017038453597692973 -0.0021898743642455899 -0.0012308293315972582 0.0028089937031264608 -0.006295195392660647 -0.007673541755142785 -0.0064140893786902775 -0.0034638550798362783 0.0024625383834703234 -0.0054103867254987909
1017.387831655166 0.0013808434501548078 0.0010957928636980132 -0.0012094720186401407 0.00099805175281407195 -0.0026958445937988115 -0.00080298207539511099 0.0060049586745733958 -0.0030620679378759014 -0.0089718320057681992 -0.0014656462512798883 9.3081370201856216e-05 -0.0020436699199370529 -0.0083972517220299477 -0.0030147775488373997 -0.00093064285602214073 -0.00069973083106498416 0.0067808924757531957 -0.0019032684658834014 -0.012325691632578278 -0.0028849402462323838 0.0076875749762640392 -0.0055020262867673982
825.77590552997276 0.0017114922251817374 0.0017864223226342921 0.0028030672287223429 -0.00028280464675133326 0.0053141657606291942 0.00093320062734860267 -0.0012065980216646208 0.00097595300306354529 -0.0079500993794667085 0.0012127287416138319 -0.0058801394177510893 -0.0037212911806495776 -0.0037497506459552819 -0.0022796690720458118 -0.0047974969631232045 -0.0018800614234211976 0.00045124214163235485 -0.0042503838012807856 -0.0059773466228658532 0.0024028404772249287 0.016703424896834691 0.012288730851274191
986.07809021395474 -0.0012310021117920612 0.0025880072274159648 0.0020895362434122807 -0.00036955207850489127 -0.0017951416085629462 0.0010754350150596363 -0.0038980881495521329 -0.0030060019828857271 0.0060753303427143772 0.0051977745824173614 -0.0026124459115442521 0.0021327951783855518 0.0084517107253310395 0.0031234122380231245 0.0026411432867297848 0.00060021434412966331 0.0089951865778360278 0.0011013048056637033 0.011678981627424595 0.0034109849809343339 -0.00046614633580813994 0.0031946789342575739
1015.6253852070278 0.00010312725131149583 -0.0011531430981091581 -0.0031621289263385451 -0.00027214395328160505 0.0045267014423198172 -0.0020611860259473623 -0.0066251885278428404 -0.00052628824965099332 0.016576672532492544 0.0014481533023586635 0.003932984905124972 0.0015998300900072436 -0.0072169905969527333 -0.00067821243143699017 0.00069686350693273064 -0.002245240812157461 0.0057431667088625668 0.0012711944253175184 -0.0043839360438071026 0.0043100317913152527 -0.0034611592567968634 0.0019911080049773108
1022.3928945220771 0.0019828228950490201 9.1860048885099342e-05 0.0010912514056151874 -0.0020373223147098747 0.00018653676855107394 -0.00039347932981882749 0.006450743851934118 -0.00030519282213673339 0.0039841221865402846 0.0022564538080274438 0.0045436705490997185 -0.00060394285905619911 0.0065862527845640794 0.0039763755817482085 0.0075559042022657836 0.0020935775255445316 0.0074470904182731695 0.0044185524051490732 0.025145917229328494 0.00052608921343539152 0.0017130433254488244 -0.008085019632025639
961.16163693090289 0.00043589327081399544 -4.8899883893588341e-05 -0.0019767018598519821 -0.0015935183018814269 0.00087073844780047609 0.00079775915800046882 0.0041575533249238062 0.00086496507629225158 -0.0077839412654943539 -0.0022545352456395857 -0.0001693993656367188 0.0012821247099026765 -0.011521235588258925 -0.0019690791759049177 0.0052025344743142753 0.0013996000183413471 -0.0035313106830941665 -0.0033271536079231526 -0.0054053381619916336 -0.006187636798691303 0.016447617813891618 -0.0050706405491754902
1049.0848026146043 0.00024102834603477384 -0.0010488914357753912 -0.0008904414995839113 0.0014955860389024812 0.0017451035519849625 0.0011208438415325193 -0.0039579663525157521 -0.00069680857180004561 0.013449692446708024 0.0021450970173058086 0.0018875208288132047 0.0019589235666530647 -0.0033469048040424632 0.001746520087245526 -0.0025319143068363451 -0.00060310511428110676 -0.0064833898188429839 -0.00021537172671911569 -0.006058914005724724 0.0020972903112974318 0.0076162853516848778 -0.00083450937078128793
1027.0181632728352 0.0006394130006346626 0.0011350604334130693 -0.0029498437123585985 -0.0011075323421883905 -0.0062681235214119627 -0.00080513531462028643 0.0012939489037622665 -0.0029167677374810097 0.0018911630519827746 -0.0019197446340675729 -0.014443799620263547 0.00012882966302462902 -0.0090011681425832546 0.0019798455504101012 0.00087905377254189968 0.0043062043435973373 -0.0065792907817423954 -0.00031166094830377725 -0.0058515369154467705 0.0016784848546125433 -0.011420489259514088 -0.00075563898335164641
999.63747274853472 0.00088500959699023066 0.001064721425914764 0.0012781168191817213 0.0005265063164475608 1.6610042220589978e-05 -0.00044754647637774612 -0.0045157619045079816 0.0029808193065318398 -0.0026537999372080621 -0.0010724072205623471 0.0065564356323018717 -0.00043659064286013757 0.0032320848853576323 -0.0021182328109063051 -0.0072612241929880736 0.00265523787744462 0.0013391331292406314 -0.0015652955694876068 -0.0067040965204921673 -0.00072581222019834084 0.0075980629788864763 0.0054828924973285877
1041.1149349098341 -0.0010713611170336144 0.0013622248053903928 -0.00071273838210281085 0.0028954975916480603 -0.001531674501178536 0.00047084945829430948 0.0044698426146003029 0.0024334140037675584 -0.0026236986452726498 -9.7815066903623928e-05 0.0027231313525464228 -0.00084890791600916032 -0.0043951619876868627 -0.0058322208780265342 0.0056677782655962586 0.0031060430436528168 -0.0032704656043389419 0.003104899090100849 -0.004724934775160723 -6.1730608041609975e-05 0.0093003399688963324 -0.011257802898430093
937.19253419660049 0.0011963457906243665 0.0038544002973505925 0.0078361629725010023 0.00082840530197246358 0.00042753223172980949 0.0020980622439293974 0.0076885316617435985 0.0021740422094289448 0.0012559942285315093 0.0012357542382985141 0.0052705321828585474 -0.0011970478770805843 0.00093529450057085043 0.0018929682614191874 -0.00094827409718935361 0.0080703415684425569 0.0085844583704002744 -0.00032036574628658242 0.0023799974257666511 0.0019397088735957765 0.0053787222516251103 0.00038432212515380175
1050.9196705011066 -0.00095744123690324849 0.00060552098975761692 -0.0011316463075872665 -0.0010333719972413548 -0.0012557468901108139 -0.0021180271190415143 -0.0013958331439266223 0.0011827526300893093 0.0011896487853293295 0.00085164769458119342 0.0063187915316798137 -0.00057349261104342971 0.007413719903744901 -0.0016735958114052036 -7.9538911926058413e-05 0.0004647415032954438 -0.00048915861042373408 -0.0013833079204858476 0.0074942204986296361 0.0034813969280081455 -0.0022675334207022399 -0.0055726100379285323
906.22488294106063 -0.0021354092175552807 -0.003888510047544696 -0.0015283881468237186 -0.00016724964721996895 0.00016403107813270319 0.0019852005579228658 0.0035128454644135446 6.6831020691466577e-05 -0.0085090052473081462 -8.6170335310130244e-05 -0.0040454516902551155 -0.003186264517802506 -0.005936683767210349 -0.0018516756199434621 -0.010456774281994251 -0.0047363122595081341 0.0040178281607180961 0.00081965956663592886 -0.01884714059459662 -0.0033465494188222342 -0.0044868586229193097 0.0013660232247065278
1026.7239161527309 0.00048591911363724032 -0.0020302287935486255 0.0010094770763916761 0.0010296232738133484 0.0043699138631091766 -0.00017016030609636002 0.0018667825361773612 0.0026062638294045786 0.0034657063030385719 -3.867733130829976e-05 0.0096474479356922684 -0.0032331584078971382 0.010493295287831068 0.0022745502103086019 -0.0017565362524933387 -0.0011845953621794742 0.007521391266667116 0.0077455000315838933 0.0012254810556735331 -0.001155470205461721 4.9992501519767581e-05 0.0051448319064348203
980.17855516227269 -0.00051164761022977996 0.0013074907749622122 0.0018605070943597643 0.0011098862560897553 0.0028104009572880628 -0.00063429433956409373 0.0034044746034783396 0.00016880414734613013 -0.0064481752180156043 -0.00025610443631394949 0.0023159988051170829 -0.0013714781050224475 0.0053504691387956521 -0.00099508707630834329 0.00051658359579117891 -0.0014735504755605726 -0.010553655584845724 0.00083689246772064845 0.0060518477607626273 -0.0047240738966489162 -0.0078727583113442981 -0.0020029320876973496
988.23899320574674 -0.00099505175856868231 0.0015914242280992634 -0.0016976694881250135 -0.0017196232623675894 0.0011494232420586445 -0.0020541727331011318 0.00062893867731711505 0.00042312223043870285 0.0014730742961199111 0.0035012406312273587 -0.0066842861645887031 -0.0031556333799503881 0.0063008916848167843 0.0015110453696284666 0.0029286295431223026 -0.0023172981920338222 0.0048912103446932514 -0.0024815144150430561 -0.0051616900949545868 -0.0053641167042697705 -0.0098566796099601155 -0.00082595453436243847
1023.4238914244976 0.0017788826734886083 0.00065406077862817423 -0.0009143031833893947 0.00030263875067379112 0.0020353909453732651 0.00059828337253315365 0.00019238758940680713 0.0036114624352158622 -0.011811793295532154 -0.0067665204139902638 -0.0048383110642006453 0.00039296300264720052 0.001042359838855998 0.0024057625682122369 0.0017170799413110754 -0.0010305078782253919 0.0030618678040143735 0.0041484932272249061 -0.0029421379023933545 -0.00091629298168285857 0.0014956672074328957 0.0023658736362714068
922.79325128404821 0.0016833279256993007 0.0018595496256062602 -0.00080048864419429613 0.0018981661272983869 -0.001176448474097378 -0.0014322797129824702 -0.0021729714602591378 -0.0018673966620583794 -0.0060990647017034882 -0.0064646813374193372 -0.0054658572696172809 0.0020425832036495744 -0.0013130829564571853 -0.0020761854345730428 -0.0047433050670595452 -3.9684351645203741e-05 -0.0073476368475871509 -0.00052364760148123539 0.0029927587969139622 0.0016393582221521505 -0.0092573097323914114 0.0056760109487801825
927.5216771259104 -0.00022081294884680221 0.00080634544173052377 -0.00018338133417037555 9.7028112967462079e-05 0.0019296283192872961 -0.00033678928621075821 -0.0054796855401040498 -0.00063675622291248625 0.008461404191825948 0.0033490343074907324 -0.0031552733945886431 -0.0013753695301276056 -0.00060182031879403054 -0.00048034511330858373 0.00089393251323035541 -0.00282485707268981 0.0020355532004656817 -0.00057964052915037594 -0.00055073270615924128 0.0009378203853470517 -0.024404030693968525 0.0050370904757052418
948.1231662930395 0.0010379132993725223 -0.00048253938968876182 0.0013072485693452196 0.00045192800273141973 0.00049549419065768731 -0.00083165123020230772 0.0025720209653602036 -0.0035598631432416654 0.0017255322465304888 -0.00046964412098011521 -0.00012663352427152563 0.0011199112896912817 0.0028203217660152263 0.00052024774693645946 -0.0074191813719488419 0.0019309066334325014 0.0063972852868820051 0.00040726538040098672 0.0059592097334770933 0.0080264070436742614 -0.0090542022231318558 0.010330412433167169
931.32131115710263 0.0021349377171873463 -0.0011611739773427568 -0.00014640388402963303 0.00033746947945099813 -0.0015072029353300283 0.00039084404081212489 0.0023297887201155962 -0.0032650379779925582 0.0065334767794918026 0.0011871885652773191 -0.0019215082137525727 -0.00011916261738514824 0.0086836762668442251 0.0028370796694136484 0.0044650999265056857 -0.0052294178479932582 -0.00075889689869999171 0.0054635359835693946 -0.011187836412269864 -0.0048483017338902968 -0.014377873245498473 0.0029767435323216321
1053.9970077318494 0.001163567669010344 0.00091536996477498372 -0.0017965258604061244 0.0034409027285881334 0.0036149240346468243 0.00052045612959180146 -0.0059017583209207362 0.00093522781659905602 0.0035408763915532331 -0.00025024608661605409 0.0023686093167532233 0.0016100275392949689 -0.0062037206484421336 -0.0022290962855204249 -0.0019009390755300283 -0.0015052659633862826 -0.01116867258269668 -0.00014933425740623098 -0.020145091692275803 0.0070497254516343677 0.0045372117286853033 -0.011727187298126787
899.92324459025178 0.00088976402333371379 -0.00032970174090832336 0.0053182648016556477 0.00066894261969465579 0.00019530500186927473 0.0054686136826006442 0.0042483288716769355 -0.00026674522652028141 0.0060514405707823684 0.0030177143708133443 -0.00035462323710083558 -0.0044285265844240572 0.0016265099894313662 0.0039193707434443149 -0.0018293866872174788 -0.0029580952315752507 0.0010071113366988268 -0.0050203436792192685 0.0017909104317622654 -0.014903748414667926 -0.0069893773270447443 0.00077025454592519063
1014.1459461044058 -0.002027197594499501 -0.0016516021235926017 -0.0010068198651550203 0.00099948626138647036 -0.0023258112214199727 0.00070533764887393299 -0.0010086809213680004 0.0022877776489198614 -0.0028788248465946003 -0.00049137842475593149 0.0083728986650064546 0.0014612201640208885 0.0017697801073552385 -0.0027667843513214151 0.0025312465866142728 0.0022969393022151071 -0.00072473502008266947 0.00058925115867335749 0.0022959568229880666 -0.00016184622113628571 -0.0030877638982365909 -0.0093107196259316922
1019.477241606622 -0.0010289412491155127 -0.0006554381491053645 0.0013991170337824333 0.0015658038395197486 -0.0011962155197826473 0.003528387233166981 0.0032276050023234571 0.0035903835156360238 -0.0036105335733928236 -0.0029581619975225285 -0.0065387508987679779 0.0011323628508347109 0.0024435457480785306 0.0014554316218467291 0.0069916008766418448 -0.0038949112716351315 -0.00131247266098024 0.0072762700126506492 -0.0019726468525311817 -0.0070273392681782249 0.016305605863420971 -0.0053406793972531862