C:/Users/vmc04/Documents/GitHub/wingproj/Metric disparity/Field 13/FieldAPR13 landmarks_Format - {Procrustes residues OP} - 1 50 26 0	from C:/Users/vmc04/Dropbox/Wing project/Landmark txt files/Field collected/13 landmarks/APR Field 13 landmarks.txt - TPS like internal (simplified) format - can be converted to other format by using TET - Orthogonal projection of the preshape data to the Kendall tangent space
-0.00081311244365159154 -0.004775225659941134 -0.003724335104574887 -0.0032333248803113846 -0.00036386690520156086 -0.0018424058353417767 -0.0059166515296094216 0.00028219631208865003 0.0037325693604908089 0.00033594047620954403 0.0038050360627836627 -0.0015857917622681644 0.0022244895954800213 0.00054771050921076597 -0.015868026573552615 -0.0023556977710557378 6.8378728022977422e-05 0.0033070839359660856 0.002714040480673011 0.0043145860940927783 0.0036787002367412581 -0.00042872058006040742 0.0021551038658334408 0.0049445135398330951 0.0083076742265647055 0.00048913562157719415
0.0046656144929372841 -0.0034976211267086273 0.0015608619516890017 0.0025254736935841262 0.0004487023074552089 -0.00077344065977116242 0.013405955700924318 -0.0038001185283182714 0.00073543807993684766 -0.0010506565350021197 -0.00081471795587431629 -0.0031984550703640824 0.0039493635680683745 -0.0034682635976507645 -0.0022667075280233973 -0.0026809799511014294 0.00062640598908306026 2.7178231561151753e-05 -0.011376024237974175 0.0020596612125361015 -0.0098150244721222912 0.0045878866985170023 -0.0085357386292385738 0.0010388960878429914 0.0074158707331393623 0.0082304395448754564
-0.0069480555518953539 0.0016164738208001902 -0.0022696874932217666 0.0034591394109786556 -0.0012336595749511438 0.005304011116435396 0.00053192274267177932 0.0015546970621486908 0.00087703698568526159 0.0036387892735500701 -0.0030912534234500983 0.0029776014046608559 0.0017495683337628598 0.0032448420529254439 -0.015536503110068376 -0.0043693928949865369 0.0039173531888288511 -0.0026582071394179352 0.0068785507411568345 -0.0051650665848536996 -0.0064863990002110104 0.00060650972252406497 0.011189107570198465 -0.0074988452908733294 0.010422018591493918 -0.0027105519538920819
-0.0038967504909539772 0.0032764962723115867 -0.00017585101859695588 0.0066796587141200927 -0.0016612953348680167 -0.0012426745947409544 0.0025034121888121105 0.0064478100847709411 -0.0022441512730053642 0.0022775688652180151 0.0037962171840310549 -0.0019015144022734615 -0.0014303926870376698 -0.0012258045364649693 0.010179040855458305 0.0034652155533028018 -0.00079741689264399302 -0.0044709519704713239 -0.0027120482571995393 -0.0031075993023608065 -0.0043190422491869301 -0.0016067855156234974 0.002081784669061411 -0.0022700955968644053 -0.0013235066938697463 -0.0063213235709236038
0.0092482253163023755 -0.0045017122423403767 -0.0016914922918813144 -0.0012631627784148334 -0.0012831470512235004 -0.0046748656960570369 -0.014512375681067911 -0.00079039922900965369 0.0024056482263190349 0.00067923667387044116 0.004386140919406787 -0.00010452386869369421 0.0096597767949771016 -0.0032516696130150875 0.0010312465271096656 0.0039660377223338112 0.0028395251435549911 -0.0018782205630510991 -0.0056789009564187825 0.005347287796576122 0.002966254130551323 0.0012757564062584365 0.0016584233548074003 0.0032661039004373794 -0.011029324432436238 0.0019301314911059769
-0.0011641154531120733 -0.0016119821693319036 -0.0017978015391866974 -0.00076184912836316948 -0.0026886584727809221 -0.0050062676471579921 -0.003843240016677242 -0.00034989275679465307 -0.00011584807124459702 0.0012211664707134249 0.003066629982654492 0.0021912631867071538 0.0089446957697812846 -0.0014897835563333745 -0.00017691175071774705 -7.1258773328566698e-05 0.0020100037541860402 -0.00032482461887079232 -0.011861887251215031 0.0023785370611330969 0.0081473758032553183 -0.00084257199775061126 -0.00018975263386483894 0.0028916637280921118 -0.0003304901210778549 0.0017758002012854268
-0.013478443720408411 -0.0015988394475913979 -0.0050662356237921504 0.0002763444215969057 -0.00277364222234902 -0.00020950143954708489 0.009625600040945018 0.0020027860696396702 -0.0050661985330236982 -0.00056535826982230053 -0.0072098120951445289 0.0028486974253595712 1.1295785394003447e-05 -0.0015113683989194764 0.013919576272863183 0.0053167437933152265 -0.0015869380104909293 -0.0019264233189520989 0.002196069084323622 -0.00016282475063466261 -1.3277106489251785e-05 -0.00074174518996055296 -1.5118773250123382e-05 -0.0025758143851346369 0.0094571249014235911 -0.0011526965093493491
-0.0064585078695993635 -0.0036267597230845725 -0.0019810263161696008 -0.0023908113170207626 -0.0026221978162049662 0.0025291592762912178 0.0071775324149868759 -0.001671219632033144 -0.007436435545421745 -0.00029747660472418926 -0.003939686001074633 3.9716694690836605e-05 -0.0011803848978372161 -0.0011460029867123838 0.014494190718941988 -0.00085969659959826 0.00074105257785357821 -0.0047307949167894551 0.0042514555089155168 0.0019911910610963422 0.0048435153967981912 0.0026093431323277092 -0.0056121528367901602 0.0049128769776786143 -0.0022773553343984087 0.002640474637878476
0.010862070723528766 -0.0034435765346790513 0.0043015988489782733 -0.0083888216501119516 0.0089165066372013865 -0.0027189350399192719 -0.0079974599970829684 -0.0023676586781942763 0.0039516879248645501 -0.0004523125958859445 0.0034215014920823562 -0.002224112828468917 0.0024406109878914025 -0.0010155690541112929 -0.0023979735603322618 0.0010460466407047795 -0.0093119697638680866 0.0052497678815798541 -0.007442389697708017 0.0035539770862171222 -0.00031596359645550895 0.0023487604154995836 -0.0032105585355868852 0.0020313230733265174 -0.0032176614635125358 0.0063811112840430478
-0.0071886360829491285 -0.0024088285527045098 -0.0023823263826240827 0.0011340578159609754 0.00093119764541725429 0.0034412620075142254 0.0064021937291907334 0.00098100068376573597 0.0012691449688261619 -0.0033133262032243259 0.0034455025363780401 -0.0033534485313281622 -0.010926415687474886 0.0033217508211989197 -0.0040831914082106232 -0.0039296719517755438 0.0010926658677243581 8.0163124393664706e-05 -0.0011181997283316383 -0.0011325340179841521 0.0046647894300642376 0.00082841091461657358 0.0047142439717474064 0.00010184985895596169 0.0031790311402422329 0.004249314030610768
0.0032702088194963225 0.0013508299208499696 0.0094178140608271749 0.00038576935434813872 0.0041525923412523529 0.0028347143269616187 -0.0088708431528797069 -0.0035012740565901713 -0.0015704282370755064 -0.0029022323157263225 0.0026406681545517027 -0.0027250972860262085 -0.0054511855974111508 0.0031632548862959953 -0.0049167759925905592 -0.00087702678851349543 -0.0034924907298735882 0.00037454003295893314 0.0015400739704698658 0.0011053759613892588 -0.00055476024956411943 -0.0029900413097052199 0.0042832994964193145 0.0025187274597705941 -0.00044817288362163435 0.001262459813986927
0.0012865730325872038 -0.0022991538625480807 0.0043753758856271913 -0.0036393945293317952 -0.00037383245110074936 -0.0027804458917659986 0.010398882236402195 0.0010193026090265912 0.0015854647515421488 -0.003092138674838187 -0.0079896528553828148 -0.00073274717143862909 -0.0019006951667238773 0.00012926231236429903 0.0030999085846653354 0.00017492555319886796 -0.00097937814688562252 -0.0013831156854092175 -0.0036822557172080037 0.0024453232898536729 -0.00011970861497433627 -0.0011194723756867185 0.0002671632729385465 0.006442746619596337 -0.0059678448114878031 0.0048349078069791773
-0.016585094692460597 0.0048431615691920367 -0.013790854416139798 -0.0046010842697908356 -0.0082687399061020239 -0.0035500106496821858 0.027724314785293133 -0.0019398246750282073 -0.0024572959008970366 0.00090704792266732657 0.0010189973577871955 0.0050633649752876569 -0.005206226602000175 0.0063881913099110409 0.013195378022644888 0.0030244845666553763 -0.006216769430842207 0.0013996812398198526 -0.0026482039995302312 -0.0021546277303181442 -0.00027681518568416913 -0.0073654311699529722 0.0081991431370698874 -0.00014693910513711604 0.0053121668308616001 -0.0018680139836233789
-0.0048914291777193385 -0.0010959536894969036 0.0031976152988182219 0.00046973128989156489 0.0003373907966337476 -0.00184045627326221 -0.01950165468763532 -0.0015369857933262821 -0.00026626587741616871 -0.00055763367316864093 -0.002833619212839005 -0.0019106038590134876 -0.0023659120638052709 0.0035707565471448234 0.014707903216733854 0.00017837430289262054 0.0011991853613872877 0.0015631482181693223 0.0082873874502575988 -0.0001721895779542011 0.023503424362024929 0.0071102926101415517 -0.00525355174015848 -0.0003148447491318001 -0.016120473726282267 -0.005463635352886187
-0.0021139799209170217 0.0028945358012860516 0.005230985830877985 0.0071396349823648038 -0.0030730190039919385 0.002061425460309988 -0.00074392589304616966 0.0047953422330844252 -0.00082287738592857649 0.00074976152645809548 0.0027214375254921309 -0.00015254800795929302 0.0057692226700791502 -0.0024030980586011714 0.0013840426034491156 -0.0011863573274018316 -0.0025216364121777336 -0.00070500039902651713 -0.0015289560825426855 -0.0035923435407877969 -0.007934028215794595 0.0023198213131356933 -0.007497882479852217 -0.0071386021076753651 0.011130616764352872 -0.0047825718751874496
-0.0073831554299930609 0.0086758471841824215 0.0028011209122483678 0.0022241892587829383 0.0018898200661882879 0.0047683364590690022 0.004752079740381829 0.0057700733232961075 -0.0045705218985233314 0.0020360430090650451 -0.0023486176472301075 0.002052616059101391 0.0020480783569232978 -0.003340776747628285 0.013481409884268714 -0.00012281442871851051 -0.0060048695963461508 -0.00241579913136491 -0.0019951663624364524 -0.0024698921341329257 0.00069232378843309388 -0.0041826197194293219 -0.0012948007865684992 -0.0067057412250556862 -0.0020677010273457233 -0.0062894619071663938
-0.0033172056399303502 0.0018585702515396246 -0.0068162139713030638 -0.0025148859093521892 -0.0062603836526899589 -0.00073971909117106593 0.0063008340616323918 -0.001577418455095252 -0.0020791273845385842 0.0020287681443563665 7.8198233325866683e-05 -0.0020771329347661466 0.0010257962215317906 0.0015591885414895457 0.016406840571552155 0.003079062327423567 0.00031038982044275464 0.0031947902269887233 -0.0017654756682314908 0.00082870573649875109 -0.0011214801308202741 4.1303795146061266e-05 0.0075515699397983322 -0.00059043189392311022 -0.010313742400769911 -0.0050908007391341353
-0.0015227097046208171 -0.0012667592895172354 -0.011583154277300363 -0.0056024430329201201 -0.0019461067127061237 -0.0021253186018589938 0.0097253277457747672 0.004067120367717998 0.0013163206153984021 0.0011603625960227278 0.0016020371865857279 0.0018952782782523817 0.0038597658950593021 0.00076769516447649589 -0.0092773618911815812 0.0012258032330812274 5.8520894603671363e-05 0.0034348112643276386 0.00691958432197874 0.00099970486494336663 -0.0036812079441999163 -0.0013464323634489856 0.0057710529465891608 -0.0013140509711934067 -0.0012420690759810697 -0.0018957715098830291
-0.0030657739744093561 0.0013795476122809693 0.0058375481644958923 0.0022183651084989597 -0.0054774877346614164 -0.0031600638644219839 0.0011784933898062858 -0.0041865317456405132 -0.0060130375646230347 -0.0028890562850137453 -0.0073196889078849716 0.0047474713296652487 -0.0012887108812085833 0.0011302780770796666 0.007268172344296618 -0.0010929350579837697 0.0069015400933112644 0.00042729396902413332 0.0035432936406075708 -0.0015407705589354317 0.0078894792210275292 -0.0017055604610255394 0.0032664663712476723 0.0032899407604504239 -0.012720294162006424 0.0013820211160217866
-0.0046873496627353808 -0.0046796047580037244 -0.0049376966432655468 -0.011795911847077947 -0.0015374538647994805 -0.0050930852012750624 -0.0094420660660710556 -0.004203468584032556 0.0084679892005596509 -0.000669166365353503 0.0047255280875829232 0.0060810622175791569 -0.013648904506488441 0.013053579581326477 -0.010977804807464938 -0.0068976195088598915 0.0032245989502637253 0.0048827680376973236 0.001242021285431352 0.0015149589462340181 0.0076688132763992525 -0.0018934923810507048 0.0089775330905336112 0.0044271819448462573 0.010924791660055059 0.0052727979179698625
0.0040140037170329551 -0.0026872759117790557 0.0040166636515243156 0.0030673738332013304 -0.0019188206784097428 -0.0042879238243945014 0.0074031238136014746 0.0013027939805957153 -0.0021078798853910799 -0.0062167195261919059 0.0031672949936097481 -0.0032813423895413927 -2.9911771787008521e-05 -0.0024809969219804534 0.0047446019633853535 -0.00027487615450712169 -0.005488301640427443 0.004985635365839027 -0.0010090454413275276 -0.00082251629010366887 -3.9279911000620997e-05 0.0016495479206888174 -0.0033934315043061486 0.0051944429034838386 -0.0093590173065038942 0.0038518570146901104
-0.0090216040286816221 -0.0016398546747194774 -0.0018135349157386198 -0.00070783435660573752 -0.0039502299607036976 -0.0017034352317927318 -0.004476888137694408 -0.0012727302670153076 0.00071751679602800834 -0.00099880465936076895 0.0074475616611176573 0.00084177956641433163 -0.026183466820925646 0.015155211262120235 -0.0038933267112120132 -0.0037639338429759917 0.0071461074672716837 -0.00054197248278547105 0.011807531075976875 0.00020217422761759009 -0.0038883247494460788 -0.00076865350815823327 0.016532203492530258 -0.0023027691401632643 0.0095764548314774822 -0.002499176892575436
-0.0047892033828242989 -0.0013297320996609719 0.0038691983036772859 0.0028191440142220788 0.0013037226137603002 -0.0013432246535193498 -0.0059232195921478763 0.0046742752258016312 0.0010928965633780672 -0.0021007199185199333 0.0002912661026701611 0.0025637787300078771 0.0055313005807464954 -0.0018050694145453471 -0.0065679249651370382 0.0011044553985234246 -0.0061879771921177201 -0.0014519264754738147 -0.0028747420520078707 9.9071567839146418e-05 0.0082881982873846145 0.0026291948164576741 0.0065914080584736816 -0.0042610749701899849 -0.00062492332585569388 -0.0015981722209416765
-0.0043974312469389409 -0.0012878016463139493 -0.00095383048171295828 -0.0055930713971816606 0.0033869609584373677 -0.0010310080090705034 0.016599572814066078 0.0026783288334687443 0.00055497206673173856 0.0017561593795603265 -0.0034053672631749066 -0.0041941848062274573 -0.0020411315450610096 -0.0022226265927644956 -0.0030729337850926393 0.0020933965111105718 -0.0041613530381402796 0.0059046994384669791 -0.0047871712717260598 0.0018824942231967521 -0.0047299441469374082 0.0010436112838665607 -0.0038485939098529373 -0.0023439517311276744 0.01085625084940324 0.0013139545130156222
-0.0023399617810040633 -0.0039712225240218866 0.0002545709135702472 0.0020140597017531976 0.003069226648093538 0.0038180692507477536 0.0014879253440384867 0.00026284226018856134 0.0015965541468599652 0.0010526142258806817 0.00028547273213823257 0.0024879044092804281 0.0022431398178667191 -0.0034278021842157128 -0.011397458228045972 -0.0014318704763930431 0.0012056186060723027 -0.0063302490229308278 -0.0022431558532200052 -0.00573926320678508 -0.00078836646382906975 0.00067071813657720012 -0.0082717970762748554 0.0019870754856561429 0.014898231193734429 0.0086071239442626346
-0.00011315782070069145 0.005026132501147345 0.0078565178425205624 0.0039493713790095617 0.0034194428588269158 0.0025227604890103554 0.0019707612836250129 -0.0013854074727496384 0.0030135693698475829 -0.0013173119815284742 -0.0053819264198587853 -0.0018000079905911065 -0.0059830170115926749 -0.002087491228673675 0.01385596051907725 0.0028017422593930763 -0.0052843516929883972 -0.0021143603107175563 0.0011631783893133298 -0.0031439305150851838 0.00046992228694335472 -0.0025434484671819709 -0.012654897539657234 -0.0021069353316871694 -0.00233200206535575 0.0021988866696541903
-0.0013815656810268282 0.005953878295982826 0.0062980615205658948 0.0033789062650723027 0.0039099293643808687 0.0019675572402696141 0.0046109820588147452 -0.00037587681575961614 0.0012615022565902741 0.0024539615819388198 -0.0055176813167245988 0.0046469241231937523 0.0017225643122504969 -0.0013222846485719982 0.0029448922128680441 -0.0028787790079072384 0.00056324857325659597 -0.0041636087470792891 -0.0066002569777813148 -0.0076086304257090166 0.0026711751303856745 0.004876558952550022 -0.0046678491018560973 -0.0036615019818803849 -0.0058150023517249492 -0.0032671048320996182
-0.00069174158833515669 -0.00099511702153588181 -0.0041033440208483284 -0.0020735785950528342 -0.00042776672219309135 0.00043373560145496535 0.0050965158045035343 0.0016379547985220001 -0.0021919192044173945 -0.0012934652356853473 0.0023145868619391359 0.00052796004711014788 0.0056140720124445596 -0.00042055303342077678 0.0019701705813668629 0.00079171269600252176 -0.0023626142381983975 0.0016594613295887008 -0.0059241610807576764 -0.0011993322949610066 -0.0026804871356252064 0.0017214831107668826 0.0059671131453530191 0.0010852250618802947 -0.0025804244152302217 -0.0018754864646694652
-0.0076839850252434245 0.0039085064969081118 0.0025767560418933533 0.0048059789975428164 -0.0049577662553975917 -0.00040383645599788374 0.023836148521843833 0.00055871997910886522 -0.0014290376461462365 -0.00250427128438093 0.0011405936350770726 -0.0022306511494280955 -0.0031537396118028632 -0.0013324213003049609 0.0091166638708863393 0.0038456544080292462 -0.00074733585049404022 -0.0010048856486299168 -0.012846769202625946 -0.002378875817085012 0.0026205398272495404 0.0052448018119347828 -0.003929605549707259 -0.0048472908613666037 -0.0045424627555327004 -0.0036614291763303469
0.0029267448463575528 -0.0033101497485567011 0.00085498896917617995 0.0037496257459387439 0.00019929240854343368 3.3158771792051421e-05 -0.011655391095900334 0.0065302552826625396 0.00040820745120908036 -0.00087686174182457686 0.0049068246106996182 0.00073685390103473173 0.009333252840996939 -0.0044878546732104972 -0.0080952229164026664 -0.0011091516465191516 0.00077784006601255991 -0.002677618151312784 -0.0030703423571037678 0.0013410311379365809 -0.0013033344510201359 0.0015219773386927317 0.0025227339481304306 0.00036979317888987295 0.0021944056793003178 -0.0018210593955232529
-0.0021704868088269916 0.0012834174807322216 0.00079987236447492688 -0.0013872689313873217 0.0019980294415095716 0.0047167191919201138 -0.011394418398082289 0.0011567515532091158 0.0027773670974885374 0.002621085371502122 -0.0012656782766867539 0.0046624506381486202 -0.0015927601941892432 -0.00081434929760378257 -0.0057626777413101963 -0.0022627036610162075 0.0045267513354845801 -0.0030501118637114326 0.005130143001256169 -0.0021311087449406145 0.0030782956369030988 -9.3928295520764258e-05 0.0017292877189225848 -0.0018260242083943847 0.00214627482305659 -0.0028749292329379866
0.01167176109164385 -0.001349229677058137 0.0043292023642585234 0.0021733194166531702 0.0046856072703870448 -2.3450775174319862e-05 -0.016605659600204981 -0.00038109214539775284 0.0010454515844225934 0.0042302478828950621 -0.00034930816258132383 -0.00083783608833712159 0.0065660925080804726 -0.0038937204976717587 -0.0072473492383237576 -0.0021411964134265926 0.0051309350233306981 -0.002713290430914971 0.0044003175822563186 0.00056421879263891773 -0.0027903172397980972 0.00067828554128849985 -0.0035957676109256388 0.00016290785926292026 -0.0072409655725463717 0.0035308365352424154
-0.00072279937811326692 0.0015056176736307721 0.00056497255135928501 -0.0043823917887158611 0.00028132798269276792 -0.0050120142852040873 0.0078270386594885173 -0.0023723584794568108 -0.00097219455271261614 -0.0034125130137368596 -0.00016921374299710794 0.0030940645375584675 -0.0025470674313171639 0.0028747093412274187 0.0041801851259050012 7.120100576874556e-05 -0.0041671975568569764 0.0037587897048165847 -0.0047068505258802979 0.0023923599074878723 0.0005241616217645708 -0.0032403311494344274 0.0017984278768661854 0.0037587997246132628 -0.0018907906301989514 0.00096406682144493938
5.7887790633908559e-05 -0.0038302728604716258 0.00024160225369789217 -9.7596973948558987e-05 0.00037236555348972101 -0.0031240504721044907 -0.0037828261165221162 0.0027842268597610379 -0.00036825776770962318 -0.0009013133365994697 -0.00096831342447248857 -0.004939775123153003 0.0012930894971004969 -0.0038966806595148716 0.0024453761039258397 0.0050610019908146724 -0.002816193363836924 0.0042176592320132197 0.0046116102014024489 0.0021431929263178223 0.0064490004011034732 0.0019875500680642897 0.0025782144152757007 0.0022222044647278137 -0.010113555544088507 -0.0016261461159068763
0.010786948568438121 0.0037091814175765382 0.0045301981872460286 0.0031313496846262696 0.0065031987096846825 0.0047411120047655842 -0.0076151715611244026 0.00047763632685215128 0.0052657558505008828 0.0022928086636405764 0.0037956954083228352 -0.00035701697544420554 0.0088934038065379833 -0.0050792079333487096 -0.014405772617754704 -0.0046198112343399152 -0.0024442815452882091 0.0014991015029983488 -0.0041517550498351664 -0.0016602663509417044 -0.011135396144982608 -0.00035121601174519982 -0.005970814208190383 -0.0053139570567278293 0.005947990596445258 0.0015302859620881237
0.0038682198175059466 0.00020751381705633621 -0.0057287241520519675 -0.0067484608414954779 0.0016450174596975664 0.00050997196558153651 0.0097653276982104659 -0.002278233102750841 -0.00059315037588891046 0.00038069385144118734 -0.0016542529912414406 -0.0012838078959463771 -0.00096423089457630404 -0.00062860533690342038 0.0030891575315379217 0.0034227485657445517 0.0054937128865935785 0.002294080684312136 -0.0016332954963596269 0.0014670084714132024 -0.004233342916575478 -0.0016444371464827826 -0.0030954304958314542 0.0028044258264944854 -0.005959008071021149 0.0014971011415353952
0.0057298797171456651 0.00080331400757189695 -0.0013678307940805557 -0.0024918407211334931 0.0047465167058921148 -0.00057590322535017483 -0.0070002463318533017 0.0022790754272297362 0.0041360172286326281 -0.002894344909268503 0.0023054182514663504 -0.0015063093648651077 0.0051682004684190713 0.0010767242059078971 -0.0084105324945488152 0.0030224188919390966 -0.0030022634819153317 0.001586596089309754 0.00117385865797238 0.0021364643105722561 0.0030666238193381144 -0.0029816030874277389 0.00027578091225036617 0.00078332889826497154 -0.0068214226587195621 -0.0012379205227507767
0.0041781529228159843 -0.0015413301360092876 0.003729426120098597 0.0063465590068931977 0.0017851261791439906 0.0051380559201621287 -0.018844406106834657 -0.0029927806397445633 -0.00045079938154013541 -0.0025971856820254796 0.0014596256158393157 -0.0049413179219223238 0.0022498991154613528 -0.0033208442445143635 0.0050481780064678961 0.0021643912873286139 0.0018765655795312352 -0.0014594629805298538 0.0019042180513096827 5.6911277145656343e-05 0.0047081130209309478 0.00010213838992986746 0.00099101920897687627 0.0019020454349809471 -0.0086351183322009098 0.0011428202883055349
-0.0023537820818539893 -0.0021156654591521495 -0.0010211279098480139 -0.00089267988203477363 -0.0032283896695056396 -0.00077580971888530558 -0.0023082848735163702 -0.00034766767566443528 -0.0085755760890970489 -0.0026687721787414251 -0.0061801107040789132 0.0014964677838190767 -0.00035517800732238168 -0.00078467924572834223 0.0085034660296085165 0.005000266377346043 0.007682113740416191 0.0017120832166372987 0.018037715048214515 0.0024117728751078351 -0.0024666249642141666 -0.0019835489876918236 -0.010712581664959362 0.0010596381900623761 0.002978361146157218 -0.0021114052950745865
-0.0032561466133367656 0.0010082750300657427 -3.408776595627272e-05 0.0060853495839769444 -0.0044390551126537569 0.00097775024853332792 0.0076625025097168346 0.0035511866253665819 -0.0016576755125246134 -0.00024701257639411984 0.0031780114860634296 0.00081750068402157883 -0.0030922952827140593 0.0026558054173316504 -0.015761503703152772 -0.0031226723151959687 -0.00043129981817245839 -0.00094807916346695731 0.01360873530383727 -0.0034081270780234817 -0.014296616186947409 -0.0053788684119778635 0.004361094009049527 -0.0029669217579407605 0.014158336686790356 0.00097581371370326908
0.0026479779195786477 -0.001224331414976581 0.0070399210968817971 -0.00034644881633260054 -0.0024657955539889231 -0.0026554279301163534 0.0013567365577313445 -0.00021484559592610292 -0.0030922013895055677 -0.0016601401251152515 0.001478840590185636 -0.0015749129926931579 -0.0062768099949513309 0.0022761433441766494 -0.0014820472953194555 0.0041267159826177758 0.0019937535500864738 0.00011025808642655993 0.0099015451350512474 -0.00049943895483461377 0.00040332710028999526 0.0020048057160829149 -0.0035537001737479435 -0.0017387051787389452 -0.0079515475422921346 0.0013963278794296569
0.0037406559620454076 0.00080920545273137205 -0.0050656582480036677 -0.0044679023539196559 0.0013089398939774843 -0.0025933627222796459 -0.002282293879303949 -0.0057540324165718327 0.00057739673027060005 0.0001710065229460109 -0.00082132831706670543 0.0005366806191168357 0.0071260176737642546 0.0011734589567983997 -0.0016614688185093234 0.0025598783497503431 0.00054245592604182358 0.0028724476803543121 -0.0030279781572299632 0.0059130231639999394 -0.0013773092553706731 -0.0042488487583983948 0.0012603981189979725 0.0032891832932406039 -0.00031982762961247496 -0.00026073778776815326
0.0058656469411130395 0.0057803501541293005 0.0073662973298077531 0.00029632576324026228 0.0060314056050985469 0.0012683393056956288 0.0032010705628829411 -0.0030231769270316136 0.0069128930178458002 0.0033405470868605965 -0.0061394645677222987 0.0013551287958961933 0.0065413168230145438 -0.0010731128133980288 -0.015195541667154769 -0.0011380845609779467 -0.0074099950747997904 -0.00018959627733441964 0.0028638261840533922 -0.0041770913474947846 -0.0030467838995316731 0.0028476266230696022 -0.0039470741654844535 -0.0012226950589657433 -0.0030435970891226401 -0.0040645607436892023
0.0039472983650111143 0.0023527437557002442 0.0099642483511549126 0.0060013171795868566 0.0048082534839950378 0.005967656895304629 -0.013260564442918704 -0.0026499424971560019 0.0042368408546951388 -0.001778050514661796 0.0039350990723016135 0.00060934454588086595 6.8468308867796705e-05 -0.0025199704431146438 -0.0064781546993156244 -0.004566530440492724 -0.0098803455801268064 -0.0015582103608081546 -0.0028294003548542859 -0.0019185787272208989 -0.0063185967875290933 -0.0035853407201126837 0.0015269100912282296 -0.0006972848521874641 0.010279943337491295 0.0043428461792814621
-0.00035817472374470062 -0.0041929405677681702 -0.0094959479943203737 -0.0052040986792428008 -0.0039688107740473884 -0.0022151705751144771 0.012399695190778486 -0.0049547771337104755 -0.0018976327799720381 0.0015091928867336276 0.00011035199627101346 -0.00062804759956131581 -0.0022606289814901251 0.0023643025332870191 0.0083366975486703337 0.00055613809784372831 0.0012396919500807224 0.0016585707399558516 0.0069821669563887882 0.0017938664124098162 -0.0066873122810479782 0.0031882670753072841 -0.0061506833340790636 0.0025144471353013512 0.0017505872265126962 0.0036102496745585161
-0.0085450272198489587 -0.00037682852126970563 -0.0029377005029943134 0.0021999471918400398 0.00059950537910344629 0.0029244636320763097 0.0018222438488675885 -0.0046189957167402694 -0.0047903928173544906 -0.00026737517829805046 1.732723375712274e-05 -0.0018758181422609587 -0.0052567006911125088 0.00055232097260089817 0.011911782747193926 0.0030467568592257442 0.0043518134179160962 -0.0023232346377884613 -0.0073075706954128282 -0.00064848863493097533 0.0031128233689188822 -0.0014743289302925917 0.00072021409452389614 0.0013286045431919798 0.0063016818364409529 0.0015329765626460601
-0.0038050435899355927 0.0024666826424218167 -0.0078850309004649868 -0.0004475453859359215 -0.00096178890444385042 0.0025302125908752068 -0.0069690951711062045 0.0018560012953523835 0.002215952353788516 0.0081170267960905575 0.0016843214301468035 0.00056805597699413147 0.0027758820859273598 -0.0030774488277084508 -0.0018144990080660804 -0.00092176417190201621 0.0075001122601998996 -0.0024371267250650917 0.00073506584444751292 -0.0003207021012091993 0.003026980750030093 -0.0033833283791609116 0.0019554110008295328 0.00057372720565894344 0.0015417318486478223 -0.0055237909164112253
0.022484618313940139 -0.001265771391664402 -0.0016038091191337821 -0.0050312267946993781 0.0045350764191321134 -0.00054379571293301126 -0.0082912185533518274 -8.7232068047870528e-05 0.0050447678020457427 0.0026682037562738986 0.001858762911993122 -0.0029051158349745476 0.0076192415624036745 -0.0034065277825089421 -0.01210829855658738 -0.0014546951220739241 0.012562902272650021 -0.0010671898163032993 -0.00075855133423487296 0.0061022081356455005 -0.0089725930110086827 0.00020690471515981757 -0.0040159959892668903 0.0040013496482472488 -0.018354902718581409 0.0027828882678791189
0.010334870632339462 -0.0042618922020477108 0.0033656077265388018 -0.0033301281005324039 0.0098908443795081083 0.0022376844476836516 -0.020598286794779055 -0.00015017444006403284 0.004953072075496944 -0.0014957880544666674 -0.00027606848002002153 -0.0019554812295844454 -0.0031486750408519218 0.0047402082539844161 -0.0032669878215636052 -0.0053333683569704278 0.0041086379190169286 -0.00029253039333341677 6.0736789921122906e-05 0.0027952563422369413 -0.0041651858221711593 0.0065387991943784305 -0.00021053966905830619 -0.0011772532623562796 -0.00104802589437671 0.0016846678010717792
-0.0088123877345944908 0.0074990410092883658 0.0013867320246006764 0.0079826037998070778 -0.0071249512341571225 -0.00069893949866819591 0.0055938507708551003 -0.0011061698973650852 -0.00092308068852631946 0.0023500914315274742 0.0017789928314391893 0.0013601669999762642 -0.0010108553021494918 -0.0020573185357815526 0.0067798597284936249 -0.0017181996738368792 0.00062774410668060571 0.00036094381445490181 -0.0025639672069028051 -1.2853664185512857e-05 2.1981319940026639e-08 -0.0034633176600396276 -0.002414473545351264 -0.0025016043804486736 0.0066825142682923021 -0.0079944437447284356