C:/Users/vmc04/Documents/GitHub/wingproj/Metric disparity/Field 13/FieldAPR13 landmarks_Format_scaled - {translated and scaled (first one is consensus)} - 1 50 26 0	from C:/Users/vmc04/Dropbox/Wing project/Landmark txt files/Field collected/13 landmarks/APR Field 13 landmarks.txt - TPS like internal (simplified) format - can be converted to other format by using TET	
0.35950802161291856 -0.11630390898059978 0.34629456982423368 -0.064599097633571329 0.29631325218877252 -0.019788261132813276 -0.044938502701615049 -0.062301106018147784 0.19577611901399514 0.03364004392578266 0.042959676588333384 0.083621361561243571 -0.56945508892202512 -0.10021796767263519 -0.19086097028100626 0.12211272111958671 -0.43559707732360753 0.12383621483115442
0.36129809470218344 -0.12144644163874312 0.35034966783072236 -0.077652733035778312 0.29925700798011684 -0.032034286900183603 -0.074814252119153976 -0.057580616825486125 0.19707168827890584 0.024532586665432642 0.049267921883539567 0.077449984607228337 -0.57479242375374751 -0.064879568073126684 -0.1861232611591955 0.12306843074282338 -0.42151444364337071 0.12854264445783387
0.36293545011458883 -0.10582473347718176 0.34765594319474941 -0.063381658642107694 0.30521286835967537 -0.024334029731477979 -0.044518069653292365 -0.05998621271766346 0.19995404210350023 0.0282953833966097 0.028484019021460718 0.075831627378190339 -0.58099853766813903 -0.080358888784009888 -0.20070858581549267 0.10808836443993185 -0.41801712965705046 0.1216701481377087
0.36227036598444462 -0.10063065709587768 0.34336930335963539 -0.054953089527884906 0.30084191233327884 -0.014000787254488292 -0.072454073421888338 -0.059678354822480947 0.20318642266759526 0.025376426748090517 0.053553010422079855 0.067903817292305241 -0.59065820516369105 -0.078579417447290495 -0.1764099171351276 0.10098067676518642 -0.42369881904632628 0.11358138534244004
0.35702878141576821 -0.099243091508087175 0.35386144877682496 -0.059651432794141444 0.29526579374445028 -0.018476107518340067 -0.029385808776393591 -0.046982101753599667 0.19549481343627412 0.024282883834549164 0.03871184417281167 0.071792874873005313 -0.58208536711838432 -0.084990094390457377 -0.18933611067879996 0.10821720094800741 -0.43955539497255164 0.105049868309064
0.36214879504050057 -0.092549136719803138 0.35112687519656427 -0.048461456862078256 0.30861375600508717 -0.015395697330269608 -0.042513119298583563 -0.051610577230614345 0.19681999738145739 0.030266541747763196 0.029916639538146071 0.080652461378600285 -0.56054335244556575 -0.10357105656373945 -0.1920963175248461 0.10427086076876081 -0.45347327389275965 0.096398060811380679
0.35685491854066792 -0.11467792790121051 0.35044435128567503 -0.066598672507613241 0.31037830471553046 -0.031340551624001622 -0.048613469413275892 -0.055380179566088185 0.19979601735931499 0.02154662945612806 0.025108055490868097 0.07603645210471785 -0.56626678678247133 -0.073009239762605982 -0.19124859402560701 0.1177051402433226 -0.43645279717070135 0.12571834955735159
0.35521447681130819 -0.11396608567090935 0.33965006435671874 -0.061047083992313143 0.30073903369667937 -0.026805376687503549 -0.026113624991092745 -0.047039112973756243 0.19645747129908547 0.023000742595461643 0.047039112973756257 0.074363303314459353 -0.58798891002800158 -0.078167937406501048 -0.19576571960267514 0.11016145157886766 -0.42923190451577908 0.11950009924219454
0.34981327246710769 -0.11310024990280731 0.34328825820327913 -0.065793895241716222 0.29761315735781263 -0.026643808660077855 -0.023743802376079908 -0.057637627162263609 0.19973794090371616 0.017400038369765069 0.051293863155948742 0.076125168242222943 -0.57347626633730697 -0.073950163321168827 -0.20155044530974328 0.12016901527206543 -0.4429759780647346 0.12343152240397984
0.36846419787049872 -0.10634302109817299 0.35466834677012604 -0.063230985617700186 0.30293390408798426 -0.021843431260838219 -0.045411344114506584 -0.056333060067513846 0.1839446854439741 0.035064455847879199 0.033914801296252808 0.076452009676869492 -0.56792921641824268 -0.087373725571224553 -0.19371674713861683 0.1074926757084519 -0.4368686277974701 0.1161150823822492
0.35741524577478634 -0.13667369563642331 0.351325823832698 -0.089480674420240019 0.28129747010068407 -0.033153520290924617 -0.056665455607209182 -0.05751120852527717 0.20213498298953791 0.01556185664378088 0.046854719738289495 0.070366655054574359 -0.5773110433057479 -0.043810008922578719 -0.17845389677897278 0.12364909821284582 -0.42659784674406559 0.15105149788424269
0.36074246231386586 -0.11054741201527017 0.35472172593993956 -0.063886703965480199 0.29150399263147969 -0.014215627728726928 -0.051677988514976618 -0.056360783267700103 0.19366702448182643 0.02943471167335605 0.04766416395853014 0.076095419723146054 -0.57548206456517847 -0.089474834245783674 -0.18413419150582297 0.11372502275130256 -0.43700512473966208 0.11523020707515601
0.36716815917489842 -0.10815346405561932 0.33869631492653479 -0.058327736484805374 0.29776803878546759 -0.017399460343738297 -0.036776132358402741 -0.056548246525682161 0.19811658364383997 0.027087796260285475 0.03974194950165133 0.076913523831099243 -0.57062321378552872 -0.093917542203792614 -0.18981229553380097 0.11606231001304317 -0.44427940435466035 0.11428281950920978
0.36325553246614317 -0.095510300459801536 0.3543570571845609 -0.042119449315080361 0.29206773075825726 -0.0011864634556200992 -0.02471798665116301 -0.052797619870888324 0.18706572319826822 0.036187132400161921 0.035791644500915015 0.071781033526491109 -0.58176253448421389 -0.11686664102664435 -0.18667023535955138 0.103815544104369 -0.43938693161321574 0.096696764097012389
0.36487918292316468 -0.097669680037149167 0.34645094121514097 -0.05344190072762884 0.2948518648839531 -0.0055284726252265307 -0.023956713957185218 -0.057127548956414122 0.197182184846804 0.036856483416046547 0.051599076143155502 0.075555790664437364 -0.54547594989428916 -0.092141207976019726 -0.21008195374156871 0.10319815266237559 -0.47544863241917507 0.090298383579578784
-0.35375077440869512 -0.11934838989794233 -0.34891958008263441 -0.074257244169242467 -0.30543883262693816 -0.035607690546656752 0.045627945043490055 -0.051711670811942244 -0.1943213660852417 0.020756241614218282 -0.044554346413909887 0.069068183395975216 0.58994249033389656 -0.048490874758885132 0.19861576076787904 0.11093853307161818 0.41279870347215369 0.12865291210285756
0.35997453577847893 -0.088407842846652554 0.34927044685699754 -0.042023458794456556 0.30467007780708028 -0.011695208124482156 -0.021804625014473878 -0.052727547715937698 0.18870911794963838 0.034689175927713596 0.038851877417665055 0.07572151606526388 -0.57484920363626657 -0.10624799068505734 -0.19842208730405458 0.097129692816035493 -0.44640013985506499 0.093561663357573877
0.35760757410537641 -0.09406716797961448 0.3473249279112795 -0.054650358792962317 0.29762547305512421 -0.01009222650926158 -0.019422775503234714 -0.051222810236461483 0.19479901373712497 0.037893454330939935 0.037131776990516271 0.075596489501638858 -0.57468565424664875 -0.099208491076663144 -0.18394510988743965 0.10301687847824054 -0.45643522616209797 0.092734232284143597
0.36187171901509563 -0.098348411314383363 0.34890269801189 -0.051335709433411654 0.30188999563468388 -0.01404977280860973 -0.059621473017537806 -0.054577964684213012 0.19489556987706613 0.036205184323163178 0.052236335864398756 0.075112248325248529 -0.57676119668563186 -0.096727283937099881 -0.18444830290268016 0.10267141870141179 -0.43896534579728413 0.10105029082789396
0.34855243913534889 -0.12483969882510605 0.33596859749289765 -0.065515873860653481 0.29641938121678363 -0.02956204083234229 -0.036153576633791526 -0.056527415466005204 0.21013018106838624 0.020773325737462496 0.051933314863366456 0.069311000958506397 -0.56827030941482459 -0.067313565759695548 -0.18356429309540251 0.12144405887707158 -0.45501573463276423 0.13223020917076234
0.37520445991954793 -0.11413852475844745 0.35652724662133356 -0.056239163877013339 0.27621522989638536 -0.0039429670993871213 -0.067445491703483962 -0.071180934629928444 0.20150637727524548 0.031543737938533184 0.04275006538385847 0.072633606508543461 -0.57359796831175769 -0.0917258689149337 -0.18324421346635242 0.11372347565027163 -0.42791570561477699 0.11932663918236168
0.35930355565415656 -0.10842888347060446 0.35408505361129872 -0.057983360350672246 0.29842102738357029 -0.017974841848925241 -0.033823626816992775 -0.056243859314740303 0.18883247649651427 0.039428684882266106 0.042714408647106551 0.072479200305223201 -0.56611087405875948 -0.092773376277092173 -0.19559720185991258 0.11248771880697032 -0.44782481905698124 0.10900871726757502
0.36268084548581192 -0.11221880592947281 0.36101971162629337 -0.062384796754169428 0.25636829220561214 0.0023994151228770967 -0.055924832705394632 -0.062384796754169428 0.20819541638134642 0.025655286105250846 0.060354522206474054 0.073828161929516453 -0.59247099915950707 -0.083979533877024629 -0.1705430537577444 0.10705083454355871 -0.42967990228289127 0.11203423561363327
0.36789806219872823 -0.10049146688662004 0.35249051177127277 -0.046565040862157042 0.30934937095170212 -0.014209185247479049 -0.05580957125487962 -0.054268816075884983 0.18762972370671904 0.032013465563255905 0.036635730838222677 0.076695361614224855 -0.56579948587599638 -0.0943284469042905 -0.18677374847335693 0.099806686783776036 -0.44562059386241148 0.10134744201517477
0.37102290038599761 -0.089491030941287034 0.35028248974297804 -0.05319531244826823 0.30015983064492557 -0.01171449116222917 -0.045513678661236144 -0.054923679693234195 0.19300104293989612 0.045321637973809122 0.035719596136814892 0.078160621447834769 -0.57957925099953922 -0.10850307381027954 -0.20106675821935163 0.097172664316827098 -0.42402617197048487 0.097172664316827112
0.36500869471394448 -0.10568422296149288 0.35035043784319331 -0.056823366559472614 0.3031182763720614 -0.025878157388531248 -0.063338147390917379 -0.05682336655947267 0.20051047777825362 0.018096613722272774 0.040898346632330065 0.065328774694853708 -0.57800583578939668 -0.081253794511207261 -0.2050346313057618 0.11418963109687388 -0.41350761885370568 0.12884788846617598
0.37004142655667932 -0.102566776401451 0.34339844373329931 -0.057116982681289577 0.2916797125678065 -0.017936125446984474 -0.020199908426680027 -0.049280811234428581 0.19137671871961762 0.029080902754444242 0.047191165632534574 0.071396227991808697 -0.5718663738721117 -0.093163370953060237 -0.21140249019492896 0.10587538226205005 -0.44021869471621633 0.11371155370891095
0.36894126432655416 -0.091822937397290583 0.34419855639369906 -0.042337522036504732 0.30461022390310127 -0.012646272921018055 -0.03683914243976788 -0.058832660658408066 0.2006908514939737 0.028591573128816182 0.034089952725553235 0.064880877996018452 -0.56798260192467598 -0.088523909773894863 -0.2001410135847925 0.10117018286322073 -0.44756809089364569 0.099520668799060921
0.35880037401011583 -0.10039162002005321 0.35227673099051715 -0.051464295875376632 0.30661122885486908 -0.013953347763841516 -0.040772769676804453 -0.054726117884405158 0.19244747351574909 0.034973975881605779 0.032618215541751802 0.072484923993141007 -0.57571150926538339 -0.093867976501225484 -0.18429291960257629 0.10673405059487694 -0.44197682436823854 0.10021040757527849
0.36288069066764977 -0.10853589549255091 0.35419009396259404 -0.061606673923706431 0.29683215613486419 -0.019891809952258106 -0.028196157867573693 -0.047701719089208221 0.199497473889516 0.028775531170416063 0.025685540852496497 0.072228514163647783 -0.57048938790026238 -0.075511628758204524 -0.19679373277515005 0.10351466187621089 -0.44360667696413408 0.10872902000565332
0.36026089616097062 -0.098318212900582957 0.35380203561460905 -0.049876757320054504 0.31020472618525963 -0.019197169477700123 -0.057950333359980802 -0.056335618360688004 0.19555994876884367 0.029244286102828181 0.03570314653935186 0.077685741189085042 -0.5730444735477177 -0.091859351859949423 -0.19035697752602751 0.10675061414198481 -0.43417896883530921 0.10190646848507751
0.36937649960975205 -0.086302920295442731 0.34811872735769944 -0.037246523522272333 0.29579190419972379 -0.0078126855584795332 -0.054143726983170638 -0.060139508716454938 0.202584749980318 0.033067645502950861 0.047239493448521339 0.073947976063835047 -0.57087110729495283 -0.10756069254749576 -0.19640727797574667 0.10011138764282264 -0.44168926234214406 0.091935321430536648
0.35989833212085881 -0.092437045450811176 0.34455529804222101 -0.054931850630486681 0.30534532194751529 -0.020836219402607197 -0.054363590089728298 -0.058341413701090486 0.20305842722019413 0.026897664629528827 0.049628085911974304 0.074631548661664979 -0.56920762523141377 -0.090732263654588793 -0.1958604609117551 0.10531761734078206 -0.44305378900986608 0.11043196220760844
0.36371748586763741 -0.10714920516650793 0.3513314309554999 -0.050527240008631888 0.29647890190413961 -0.011599638624071686 -0.036175144617055718 -0.057604985517958257 0.19208215320422906 0.036175144376330175 0.036371748749253412 0.076872181867405617 -0.57231437913526062 -0.10184089576369681 -0.19011611296551587 0.11049147384915459 -0.44137608396292755 0.10518316498797606
0.36056487867063453 -0.10689824142504266 0.34669699850407049 -0.067028086145156693 0.29989290393684415 -0.025424446706720106 -0.041603639792188361 -0.047959751380430314 0.1924168341051995 0.035247528027070395 0.050271064653086374 0.076851167996134631 -0.56511610772259246 -0.084362936220704704 -0.18894986437309128 0.11152086814723076 -0.4541730679819635 0.10805389770761904
0.36889648095284844 -0.08746862343756813 0.35280095370654974 -0.046498190121242608 0.31036729088487053 -0.015770365133998127 -0.062756298821826359 -0.061130487862187707 0.19184567989985554 0.03836913597001778 0.036743325010378983 0.073486650369125869 -0.57781317473450677 -0.099174461719904683 -0.19883666655849416 0.095435096532642483 -0.42124759033967674 0.10275124540311519
0.3613756595982448 -0.096303276059637871 0.34592899560582019 -0.053395876022305958 0.29615641116323677 -0.013921067399550718 -0.036805014366322816 -0.051679579789651431 0.2051927229159759 0.035851516517666562 0.040428306121167469 0.075326324615055951 -0.57228936908079164 -0.10316845993952288 -0.19642054351390026 0.10621965312527176 -0.44356716844343008 0.10107076495267457
0.36733928473840682 -0.10209979138106169 0.35084201133462867 -0.05425769871210176 0.30464964620804208 -0.011364788165273268 -0.056640638102760911 -0.050958244132344128 0.19081846093394972 0.034827576961313521 0.043992728852301127 0.077720487508142352 -0.56310692745782809 -0.10045006383868821 -0.19191827890276256 0.10576585168857755 -0.44597628760397756 0.10081667007143544
0.35768274386611165 -0.10739537570406769 0.34790306350075001 -0.065016761951680768 0.29900466317074498 -0.022638148199293787 -0.038394299455545927 -0.050347241902572518 0.19794796922192501 0.02789019852564914 0.044732981155356469 0.075158652460717013 -0.56649702421704529 -0.084576122183469632 -0.1916092875221144 0.1126474260304232 -0.45077080972018319 0.11427737292429485
0.34976885091957494 -0.099989755002646633 0.33922305665470182 -0.047260782602241792 0.29703987851917008 -0.012108134514645073 -0.031637383332638831 -0.049018415248730268 0.20740062538468038 0.037105573130801789 0.068547664066724329 0.079288751266333446 -0.57826106537202071 -0.10702028505058114 -0.21443115489459555 0.10389560508905671 -0.43765047194559537 0.095107442932652761
0.35893073429158939 -0.097846381853568226 0.35314671184252261 -0.050128195542196725 0.29241447479943683 -0.0081940321225206607 -0.069086936234544025 -0.058804229658425529 0.19553209678574196 0.032294125906203112 0.063945582749760643 0.07133627854397466 -0.59398698521700111 -0.10073839307810149 -0.18621339370522985 0.10314840245646965 -0.41468228531227713 0.10893242534816509
0.3565542793101894 -0.10961768618097584 0.35121190094538135 -0.063317074957891892 0.28888415517298144 -0.017016463734807703 -0.045904879573114309 -0.049070733378548261 0.2016253110916216 0.027503354518303897 0.060942684997505804 0.072023172771415553 -0.57123873703124572 -0.081125002477179811 -0.19549146942687398 0.10585823484001976 -0.44658324548644579 0.11476219859966399
0.36217744163011212 -0.098662742471915379 0.34620685367395337 -0.052348038083468718 0.3078774432635859 -0.012421568193071554 -0.046669606821031363 -0.053945096585764227 0.19608332854820823 0.03549019518653778 0.036377449964353957 0.08180489957498488 -0.57210194598330655 -0.10664803644999468 -0.19200195595102226 0.10735784050038562 -0.43794900832485323 0.099372546522306246
0.37493574691006831 -0.095463345229012439 0.34113816502385536 -0.05277166278911169 0.31089822325021704 -0.017195261118864075 -0.064432817066193609 -0.056329302901685877 0.18815963691613274 0.030832881762150644 0.051190489587246792 0.068188103760937757 -0.57139654427037567 -0.084790424891289712 -0.19428668362542589 0.10554332575972487 -0.43620621672552473 0.1019856856471506
0.36972909449174512 -0.10213933612896343 0.35595749893285372 -0.05221730091062407 0.29914966593506881 -0.017788311486452581 -0.053747478429142341 -0.060824548398402838 0.18209110104977591 0.030412274023553509 0.039210793701147099 0.073448511462447283 -0.58223246985782062 -0.0952535378225743 -0.1897419874713821 0.10787750088661889 -0.42041621835224446 0.1164847483743976
0.35694060020039164 -0.10307570390288207 0.34710652215922078 -0.060461366895130847 0.29301909493961931 -0.016208017214990652 -0.031505471388245859 -0.057183341048643782 0.19795634288294614 0.029684345639247666 0.053723202627256675 0.073937695821097299 -0.58221382563910673 -0.086685574168737026 -0.20196281941925109 0.10835696796177607 -0.4330636463628319 0.11163499380826315
0.36022525174476328 -0.094340225248220888 0.35344631354646738 -0.050277125921765628 0.29243586820550621 -0.0079087614042671582 -0.02617423437712478 -0.051971860730722554 0.20430966955259561 0.032764868823040118 0.028057272765540264 0.075133233340538522 -0.57526824037071078 -0.10959283697253566 -0.19903716206503227 0.10563845575163611 -0.43799473900200592 0.10055425236229711
0.35721232321474855 -0.10771999742083069 0.34507485852838921 -0.072824787086120016 0.29804218350731898 -0.036412393491458167 -0.05394428682410711 -0.05310140702883788 0.20701119998508086 0.016689013640583422 0.044672612533470088 0.072824786828110832 -0.57737244277360078 -0.06372168845524627 -0.18745639605197836 0.119857461849181 -0.4332400521193211 0.12440901116461775
0.35926161861926514 -0.099529057730677301 0.3420354353882476 -0.063354073261921093 0.30241521437874802 -0.025456470786443853 -0.059334630836115482 -0.056463600180434559 0.21283906221021792 0.024499460372586764 0.044022468022688777 0.079623246079081583 -0.56578441339870278 -0.082302874499659631 -0.18853100401414508 0.11063037600037359 -0.44692375037020449 0.11235299400709439
-0.371732748670702 -0.09116115606651487 -0.34869634393372734 -0.046860378477231721 -0.29199134857605069 0.00098446179652995794 0.046466593312624441 -0.066352720529728029 -0.20161776205524487 0.036425083759471115 -0.040362931066129912 0.078953830548942019 0.57275983361186711 -0.10179334249266939 0.19531720707577277 0.096674141801626035 0.43985750030159043 0.093130079659574469
-0.35959654151508813 -0.10381582586915279 -0.35154186531055381 -0.058709639518252421 -0.29677006731696637 -0.023269064316924225 0.036693524493443222 -0.055487769135061628 -0.1985030184106312 0.02989179823851049 -0.039020431237441679 0.076608919534448983 0.5811896315805537 -0.082873667638740697 0.19778704759790017 0.11043855979073887 0.42976172011878394 0.10721668891443346
