C:/Users/vmc04/Documents/GitHub/wingproj/Metric disparity/Field 13/FieldTPN13 coord_Aug10_Format - {Aligned specimens} - 1 17 26 0	from C:/Users/vmc04/Desktop/Wing saga/Wing field landmark repeat/13 landmarks field repeat/TPN Field fix/coord_Aug10.txt - TPS like internal (simplified) format - can be converted to other format by using TET	
-0.66567419831584707 -0.032263399174058578 0.22509164969345646 -0.094368314579374724 0.24520571646872744 -0.063226309424755725 -0.049895748541803342 -0.095909703013234149 0.25253061564278351 -0.034355132506755523 0.24798895916954572 -0.0087767973043250125 0.21612314511106356 0.016248533815642112 -0.00019928733427395352 -0.00096466644528016461 0.15426473913060121 0.04573152672287098 0.067999113714202988 0.074512413260092655 -0.34204946172491818 -0.013711093774689822 -0.10320562336975216 0.10081107712103175 -0.24817961964378424 0.1062718653028365 
-0.67154151512193783 -0.040161681880927093 0.22373398110093912 -0.090817186945268538 0.24286528507596949 -0.06611856354035979 -0.047337203353117425 -0.094509397469414863 0.25102547974334061 -0.035961640406970752 0.24481882121380658 -0.010375046030317759 0.21425219984102095 0.015050481979026859 -0.0054847294924213847 -0.00058837432930324105 0.1545066549961589 0.047587167316690236 0.063128923612418342 0.075143825658220767 -0.34890643468700822 -0.012907450795704533 -0.082978806781181511 0.10461850129871872 -0.23808265614798621 0.10903936514561022 
-0.67461687842558316 -0.038665164351315083 0.22595829179134708 -0.093906948100390505 0.24325634063301871 -0.06667847251347124 -0.031235273434558949 -0.095306120784701492 0.24875019804265799 -0.03805170433154164 0.24271671017123503 -0.013882598245456349 0.21409697290938409 0.012153241607335653 0.0042124554619325004 0.0032089136460317453 0.15582833399196616 0.044612790293080802 0.045555249154361814 0.080482819336106987 -0.33733876047942385 -0.013916437609062023 -0.092652488487745405 0.10720681906163586 -0.24453115132859218 0.1127428619917471 
-0.66858514515530387 -0.039091322099255796 0.22456790844327132 -0.089707384377775631 0.24237483195895973 -0.067830527171961308 -0.047049792397864193 -0.091826941141784343 0.25154519630876321 -0.040613448581354697 0.24593771074107709 -0.012705917636921846 0.2185179548236407 0.013258706776291493 0.0026878424135917535 0.00063391111174865246 0.15693876019718114 0.047730716643261284 0.054828685325484683 0.081134392960524673 -0.34655719066615925 -0.014643523318851905 -0.098124471305659142 0.10407813735230632 -0.23708229068698314 0.10958319948377362 
-0.67026810513474822 -0.037443120970448898 0.22712547907644545 -0.085132877245804817 0.24365412428138197 -0.062876678301391445 -0.055272634507757747 -0.094542399196384075 0.25104187858589883 -0.037471745299207569 0.24414262231800846 -0.01396242748694298 0.21279641768532395 0.010810186235602533 -0.0064513197241724838 -0.002287453021522526 0.15812408200410963 0.047026387745676169 0.062638985432039662 0.078554436493100163 -0.34910550148605474 -0.024344139064328193 -0.086875950499176638 0.10858377470536421 -0.23155007803129757 0.11308605540628761 
-0.6775116705134101 -0.035023454560398425 0.2228231266644731 -0.084754095876802937 0.23845276167319859 -0.059650761551350545 -0.030099620779629785 -0.095959999813948982 0.24211745069946033 -0.037618405341805383 0.24303711782107196 -0.0096687673832796407 0.21633310319541443 0.013152873463374291 -0.01570162964358832 -0.0029924435889813008 0.1537703411085376 0.048598362445097902 0.077084332314809156 0.076004359439624997 -0.3595349143166941 -0.01545909215489105 -0.085543699836632528 0.099991311081000539 -0.22522669838700984 0.10338011384236137 
-0.67089149851978147 -0.037942854489497135 0.22736755088679039 -0.084414370969502439 0.24163663616213377 -0.066902250741148903 -0.038616164403529829 -0.090876810965073662 0.25065384771904903 -0.04261647391286779 0.24756729022708526 -0.014817698938448363 0.21349953803743618 0.014755198609819253 -0.011233951309912045 -0.0010550313655393786 0.15342862931169804 0.046297815558243319 0.060424429988897514 0.078540708717673102 -0.34564075767343799 -0.017185960990397056 -0.085229615751045054 0.10572345262127972 -0.24296593467538435 0.11049427686545915 
-0.67611604828605609 -0.03652364519470902 0.21879041688676587 -0.089938245744674281 0.23704558718872717 -0.063106997788570415 -0.037652615439033137 -0.094084411652627487 0.24813038062571674 -0.037687038483540103 0.24362565030324215 -0.011015515218037531 0.21636101935633167 0.015496283356863793 -0.0020604197596236053 -0.003212915638338983 0.15992732508487664 0.045651634134528878 0.067100017750054697 0.079071326998001734 -0.33982096478530194 -0.01576705271697941 -0.087272791514861642 0.10201609769160105 -0.24805755741083765 0.10910048025648182 
-0.67046698963217854 -0.038638287953579292 0.22110086870459633 -0.094547415258723608 0.23476595602957828 -0.070165162902409262 -0.028621528436874422 -0.094461463450131636 0.24843205060231721 -0.042856476204593263 0.24454155362156041 -0.0096888773372324731 0.21138469873027363 0.017635925324694546 0.0075033937032008644 -0.00082798724441570065 0.15774381069623236 0.047894213062421621 0.063133513379673212 0.080117558496413624 -0.34562539124194935 -0.017289573950254378 -0.095859010948425666 0.11041210715339057 -0.24803292520800468 0.11241544026441905 
-0.67528247028337185 -0.039372026239274251 0.22269008034500812 -0.091920963684235066 0.24383663147939369 -0.067358472996034369 -0.030385939518935336 -0.090773730856782794 0.24935907318322217 -0.038098907743077032 0.24226150582685477 -0.01189624275579554 0.20987112045478104 0.013058655929897385 0.0026731020784304619 0.0020505187759220821 0.1579532382892766 0.043641596110047941 0.0544131533720296 0.077557684783674571 -0.34559766904480416 -0.014381642725986778 -0.093852206542788211 0.10709518703659623 -0.23793961963909666 0.11039834436504786 
-0.67251327185420506 -0.04089393809888358 0.21702801304908445 -0.092751472157600892 0.2402149297345795 -0.064634112293809109 -0.046414062414211893 -0.094969732120305336 0.24884689689852457 -0.038893824706837318 0.24598549659657304 -0.010815861511935476 0.21501190761077787 0.01343721651069975 0.017776484287683549 0.0011495188485000896 0.15155363694580598 0.046561840119871731 0.065764086818880754 0.075656225623127085 -0.341598201159865 -0.01309617563401917 -0.093181862474101734 0.10927871802657929 -0.2484740540395258 0.109971597394613 
-0.66506578447016729 -0.032612888795263188 0.22922092358950116 -0.089559334413859673 0.24744560978682253 -0.063543142788681839 -0.043070401259072695 -0.093110758420714243 0.25657433786802653 -0.040069828462527449 0.25093442274744782 -0.012879775862112312 0.21839792027026295 0.014636511947199112 -0.011771835245326719 -0.0039447386874848292 0.15115669595241041 0.045853397121889981 0.05403580911321431 0.07754325012738171 -0.33501999226427964 -0.0099735000631890162 -0.10030152546964505 0.101083080678358 -0.25253618061919508 0.1065777276190043 
-0.66662334275735102 -0.035521266070690505 0.22219697096190857 -0.09147539979964793 0.24752682547428989 -0.062584590712795957 -0.050510937367365019 -0.093917701039830437 0.25641578725544134 -0.037309884719006529 0.24900918574352404 -0.010549835199310569 0.22011837665667178 0.014780019313070722 -0.0141963939076525 -0.0020305468664492824 0.15662492822372559 0.044158981976322932 0.051386815178128584 0.077790514003870423 -0.34654613721908084 -0.019111655804674606 -0.091805464061264663 0.10535545860724684 -0.23359661418097508 0.11041590631189481 
-0.67212866581863262 -0.035547982315314183 0.22167463295914872 -0.093825719411701203 0.24286348106617572 -0.063232619450262761 -0.037409103537826935 -0.096503315667299527 0.24860493312739246 -0.039300424125818717 0.24418039775378511 -0.0089608131413953015 0.21855136943855136 0.011482578544502672 -0.0025485508734622714 -0.0021703095548156483 0.15067234088479653 0.04959409070499813 0.059574649433843829 0.078697546473546418 -0.34262783937433328 -0.021579025900582381 -0.087666311796098989 0.10705618014564955 -0.24374133326334071 0.11428981369849253 
-0.67190958750977814 -0.04328053423710683 0.21351334865036106 -0.09721307550287546 0.23853786941447128 -0.068177052301028815 -0.036887861304186892 -0.087303016103977046 0.25023540388350612 -0.036310594021964786 0.24869542685750481 -0.0067188165945494009 0.22071621676144715 0.016281552758022233 0.0044919358576277126 -0.00078548017869668806 0.15897166169484184 0.042775481173427297 0.057299832623034057 0.074697645263164844 -0.34670425012834266 -0.0089833927929482416 -0.097429412188965309 0.10364722506094708 -0.23953058461152094 0.11137005747758615 
-0.67582833349930382 -0.041783406278243715 0.2215581286201152 -0.091751917286972143 0.24211967733334364 -0.063139335790079146 -0.036406234179538782 -0.093378625047899802 0.24701408622240251 -0.038947861395872696 0.24140823243521037 -0.01385924570151225 0.21167145275578073 0.011929728661603621 0.0042324752311682524 -0.0026010602916853556 0.15772806155665228 0.043661624468854465 0.062801857956610904 0.081094247712365078 -0.33540990698595946 -0.012748051726535438 -0.090674540347266172 0.10614555382247806 -0.25021495709921593 0.11537834885349939 
-0.67139037209617447 -0.043255056658085239 0.22105087221961175 -0.094744966841519326 0.24321099115406444 -0.06856362885880081 -0.053233885720510105 -0.091442169382055502 0.2514782422313131 -0.040926069796621466 0.24692358723502286 -0.011861924985426977 0.21767754055353714 0.015741908858690146 -0.0035629288208940996 -0.00064341052644764445 0.15850383459031225 0.04631745552262051 0.055568872149035498 0.083462859653155724 -0.33407113545964062 -0.015076887989778836 -0.088418262036875528 0.10888286493664678 -0.2437373559988022 0.11210902606762281 
