C:/Users/vmc04/Documents/GitHub/wingproj/Metric disparity/Field 13/FieldRPV13 coord_Aug10_Format - {Aligned specimens} - 1 47 26 0	from C:/Users/vmc04/Desktop/Wing saga/Wing field landmark repeat/13 landmarks field repeat/RPV field collected/coord_Aug10.txt - TPS like internal (simplified) format - can be converted to other format by using TET	
-0.67376881598273031 -0.064546330988570239 0.22332183220472626 -0.082531258660042781 0.23973283393895511 -0.05895354983109654 -0.040787135926500004 -0.09860509786589125 0.24923772317142262 -0.033839447825416209 0.24712826965056445 -0.008100414317399756 0.21959224837285804 0.021336337046421489 0.0038885609041962171 -0.0043308201212340601 0.15153101375897998 0.055283217219084309 0.05405896336038693 0.083823820495592297 -0.33266678434928282 -0.024660123939926084 -0.096052588329571739 0.10820800988061798 -0.24521612077400493 0.10691565890786059 
-0.67195553131287844 -0.066607010876204353 0.2291914863519551 -0.083015427976893916 0.24277044664268174 -0.064188868518617645 -0.032259742076270026 -0.10141220229238279 0.25133187329281975 -0.035577313004122535 0.24610427982326685 -0.0051387953153616403 0.21338867175531603 0.020102137450841103 -0.0086424926760805144 -0.00576253114568349 0.14910100223350867 0.054857989350308153 0.053391313992819565 0.084376244931223879 -0.31932878970434775 -0.018758441730361838 -0.090449907629810991 0.1075033547304959 -0.26264261069298034 0.11362086439675885 
-0.67396175113806167 -0.065028504601801387 0.22683793073955902 -0.080833972502413781 0.2403050072000438 -0.05951411481207404 -0.042705265999026396 -0.095968077319803752 0.24688142276002312 -0.030854780610892339 0.24304673369793978 -0.0025603886036014486 0.21480303854401331 0.019192628424276739 -0.00049311790342877163 -0.0025685888064567366 0.15783365606274313 0.04941498912523648 0.060946900390920516 0.082976254459550078 -0.34082205950486266 -0.02586972019422799 -0.091416292423527751 0.1041689979500226 -0.24125620242633469 0.10744527749218569 
-0.66680554522128943 -0.061567071404808507 0.23124937621240974 -0.080243469398007888 0.24466860401921847 -0.057195393416038659 -0.042779745216797928 -0.094953356053553081 0.25179389531040319 -0.030777664861374936 0.2430507347235997 -0.00072306255615776905 0.21914666239525787 0.020172701774474815 -0.019068362568826776 -0.0083127075916912836 0.15821620235160871 0.049554504856398555 0.062149494737303294 0.078852283883542332 -0.34200420460813841 -0.020592962075694513 -0.093670122583624407 0.10342976222023212 -0.24594698955112473 0.10235643462267771 
-0.6719617819160455 -0.061591508558261503 0.22842432538924068 -0.088105850497419508 0.24311070309049113 -0.065735785509196218 -0.037661559861267319 -0.095285465518106835 0.25454897284717215 -0.033845901150792251 0.24369949591892323 0.0010675866886544912 0.21492301682697254 0.022070576708221653 0.0019694773821966956 -0.0016988994359812685 0.14894790888531501 0.05553467127571942 0.053323156702808343 0.083487967334740884 -0.33189771396470624 -0.019959979330561404 -0.09632207339856437 0.10363784039290876 -0.25110392790253649 0.10042474760007403 
-0.67490613082876405 -0.059938876994701164 0.22395825738755129 -0.079411832685761546 0.24268801090492059 -0.056221613989452655 -0.04128059388855005 -0.092628382173705129 0.24777848938595332 -0.03206911966732344 0.24339776716470818 -0.0027331134135181127 0.21599960265549267 0.018067386777932012 0.010587751660584305 -0.0031596943008777882 0.15182510638542768 0.05017060547265647 0.059349977198597519 0.079997074852589486 -0.34059501694932709 -0.024261800809659922 -0.087629090161783871 0.10528333609588844 -0.25117413091481033 0.096906030835933479 
-0.67077077813687425 -0.055287905149688212 0.23874140341848624 -0.075661940185345153 0.24865511862753192 -0.057027783741783411 -0.048456856016480983 -0.09614170544806358 0.25283691469737685 -0.028319496957514814 0.24587570275214246 -0.0052674241005543528 0.21341283704575667 0.021739329190573146 -0.0065975393275368496 -0.0056476197701238826 0.15193886370753193 0.04865236785405605 0.050840711205636963 0.077297621683192749 -0.33655090573739871 -0.023099176557138414 -0.095907355738823086 0.098433717668095042 -0.24401811649735014 0.10033001551429475 
-0.65830494368941128 -0.062568256922057322 0.22105402706920196 -0.088938312090801566 0.24620128832309637 -0.064695876268893115 -0.049303033596760526 -0.097757532974705144 0.25633065868428534 -0.030904769037936413 0.25182699686121179 -0.0053298869968829727 0.22061184702163711 0.022628523081330881 -0.0069219908383874951 -0.0030362097091321538 0.15371723670865445 0.056725786642250871 0.059295247994092921 0.085289687601439443 -0.33332074700744979 -0.022943536835856253 -0.10015778971983381 0.1075077464632947 -0.26102879781033728 0.1040226370479488 
-0.68485270544275434 -0.063070828608880303 0.22480222042959574 -0.087276631340058572 0.24335108248177861 -0.063074653806680051 -0.029847258941216342 -0.098206375175233424 0.24824353286937084 -0.030658084230572275 0.23958521952203946 -0.00046684055085591486 0.20803304025940969 0.022184035126208281 0.0098647656895166479 0.0013848721721152794 0.14717513721647477 0.051847039157588967 0.051876069767408134 0.080117413227156042 -0.32917901230070595 -0.027104488595956495 -0.088304080026910967 0.10688950940524236 -0.24074801152400691 0.10743503321992623 
-0.67429361119587583 -0.065213128087665329 0.22293258890114964 -0.086447639681994495 0.23930386224272393 -0.062723707739169729 -0.030235226522570748 -0.092718126870325296 0.24709595369248616 -0.03497254833112199 0.24416406777748337 -0.002187354591546029 0.21710487905892134 0.020460887080477323 -0.0028317247080613928 -0.00088546675437042486 0.15694566042396355 0.052888597586805967 0.059711657103523622 0.084398035910743019 -0.33401891887955881 -0.023927357573950411 -0.097691390491583346 0.10593776589524646 -0.24818779740260138 0.10539004315687073 
-0.68038575699661574 -0.058711035892951874 0.22559248066146614 -0.077154474863945152 0.23956130015242305 -0.057460344924878573 -0.031804179216460185 -0.10113012283675611 0.24418082021994433 -0.032363629059007568 0.24364563046572632 -0.0019351490106363823 0.21053154955406098 0.024847609954396985 0.0065096744813006122 -0.0063228996608371149 0.15747546259826425 0.050918124804451702 0.055168358694692887 0.07991808995092943 -0.3389025452879349 -0.02461670140156275 -0.089261695586597828 0.099139798536209967 -0.24231109974026938 0.10487073440458761 
-0.67703718129357671 -0.061361955347763106 0.22728548758774167 -0.083376877042160194 0.23950638330655938 -0.061545065872800252 -0.034314991013680227 -0.097065879385928241 0.24751664906943419 -0.031474658857781411 0.24207983076158926 -0.0015229834858103593 0.21289768357595185 0.02304667279818421 0.013470268356048216 -0.0025070303352583779 0.14746618249105131 0.052468622378096318 0.06134685975889026 0.081707907891781117 -0.33912922588338607 -0.020102927817515485 -0.093994466661791592 0.10102574904233731 -0.24709348005483145 0.10070842603461866 
-0.68121979026930601 -0.066670573256682353 0.21928850454706653 -0.089052158963421363 0.24239257311350135 -0.057782048992898995 -0.030483541438635839 -0.099621486476340032 0.2483778054675766 -0.028560464415793744 0.24328755860035559 -0.0013753794451421336 0.21101423106031023 0.019712232493111083 0.0076006445445182058 -0.0038588374670615712 0.1485000669910192 0.052826429478676072 0.061824500744435622 0.07984916632532435 -0.33281173481800619 -0.019644682610314792 -0.099381793129614579 0.10470913280240529 -0.23838902541322016 0.1094686705281384 
-0.67522299357160775 -0.059077752817473461 0.22646749326886514 -0.081539373141777879 0.24569112097441123 -0.054167445281375029 -0.035915984354911147 -0.094954245782539817 0.24971902758064915 -0.027822784575196876 0.24158960231199236 -0.0014894488007388402 0.22029445290041685 0.019766063349816378 0.00047201802618142226 -0.0047533929152451587 0.15340459023643677 0.046044661954293728 0.056119510396600347 0.07432117020861978 -0.33384045236876747 -0.020261493381166989 -0.10093723033951398 0.10051577556950615 -0.24784115506075263 0.10341826561327822 
-0.66159676509722365 -0.063917851970802922 0.2285197836840081 -0.088787320551331581 0.24481944252858137 -0.061870795598402181 -0.045120702470256076 -0.10452715909974092 0.2525937661175654 -0.031522793682174949 0.24717804568244395 -0.0050890619434914774 0.21278166436249352 0.021907355469514028 0.0032954808492177494 -0.0020622049612580499 0.15173697654197246 0.053139332127262157 0.056859166151454525 0.086033117038371784 -0.33659026572317002 -0.024102884837572947 -0.099384621126783507 0.11032052808255323 -0.25509197150030388 0.11047973992707366 
-0.66943181196327828 -0.05831931506868647 0.2257193527010278 -0.083491142187127748 0.24447282316900706 -0.054430961834252972 -0.041095205563996713 -0.095688782199081862 0.2512547267520529 -0.029573343826104062 0.2450416541335636 -0.0034865691311946811 0.21169419193060382 0.019651005478709283 -0.00212915499815907 -0.0039789035607739835 0.16323231817402609 0.048377635344338428 0.055190974081820138 0.081021688213367554 -0.33730349466914106 -0.021917607518499877 -0.088704556732786266 0.10647767029322582 -0.25794181701473895 0.095358625996080193 
-0.66648124053636371 -0.056155899202894863 0.22514234195579372 -0.086446234701133134 0.24820628601042338 -0.055299122531661381 -0.041927783867199579 -0.093724736655442398 0.25822231133645612 -0.029184475487831808 0.25217263172130366 -0.0020808283344445348 0.21500029239930496 0.021981520623060732 -0.0048617187096898565 -0.0043296866011067661 0.14971085335173556 0.050033727274740016 0.048274753785663899 0.079056124449341875 -0.34320607012151355 -0.025731631492092767 -0.095324769137451054 0.10101068703994878 -0.24492788818846237 0.10087055561951656 
-0.66637634833008719 -0.05923885895437702 0.2208808701548787 -0.083738251946031114 0.24585476494996905 -0.050376698993504908 -0.039864339706092308 -0.10465398330287695 0.25332728265404603 -0.026987642046828818 0.24549583064019134 -0.0023660183835305538 0.21619091214730926 0.020509104955379269 -0.0069106567771446154 -0.011140028051987461 0.1522777831400072 0.052032949333901277 0.064806507042768718 0.078774862965937567 -0.34929582626077826 -0.026843675636911236 -0.097254936331205799 0.10348179619016608 -0.23913184332386178 0.11054644387066428 
-0.6677936214337743 -0.060934355010989337 0.23183911123301529 -0.083921698662305699 0.24362865106403331 -0.060687103953687101 -0.042105659574915785 -0.10621278428854354 0.25052860267012877 -0.035098221534958889 0.24764937782637805 -0.0048007636960117903 0.21811273439166706 0.022671773140596062 -0.003531431565164275 -0.0073343823373842069 0.1435193620408885 0.060394680343759638 0.05700974089579923 0.083376417750273227 -0.33095395107925041 -0.02435519222434113 -0.098678727241504977 0.10653972858597083 -0.24922418922730097 0.11036190188762168 
-0.68184433691164636 -0.062810630879229348 0.22275676770668565 -0.087406559883925428 0.24442013840504584 -0.056603889928967033 -0.040215230197094103 -0.1007175242822282 0.25195495106868021 -0.028106100870570264 0.2453612056975884 -0.0019131927087349288 0.21245421567018916 0.023758257310387259 -0.0066387142801263713 -0.0069071572293337062 0.15319386882165806 0.050932344929589257 0.054343318494193438 0.083396532563100159 -0.32527334511071032 -0.021321206160298874 -0.092844856671356016 0.10275345378407577 -0.23766798269310796 0.10494567335613575 
-0.666665351147956 -0.065196698260950842 0.22630805369534629 -0.086739676692119613 0.24290171857876761 -0.061849779693776655 -0.036989779751629183 -0.095206087558404082 0.25031627505689935 -0.036202047776299665 0.246374496400487 -0.0047704825913042776 0.21611344093672308 0.021846415645799314 0.0010034296177946563 0.00049801180781478634 0.15619536021400932 0.0537294069748665 0.053575669201015128 0.084404337894305612 -0.33823088257358819 -0.021309404865974182 -0.09959163872668686 0.10347405159031135 -0.2513107915011818 0.10732195352573176 
-0.68254643562434891 -0.064987958654357803 0.21995958006161859 -0.082065800545450332 0.24069598059688163 -0.055073418334221975 -0.036533940585025515 -0.096890296237766557 0.24500621481195664 -0.03216796546524512 0.24304051113452846 -0.0037999693289076666 0.21793675956451561 0.018050203740534433 0.0079612198774329356 -0.0014141504432154451 0.15066379776812272 0.052704803835128752 0.055361754262535243 0.080502666435684947 -0.33532157116315303 -0.026184149991961298 -0.087736854874972098 0.10302275412359789 -0.23848701583009185 0.1083032808661803 
-0.67090123632972709 -0.064885384221292461 0.2231940936457226 -0.087898082473831282 0.24443900531828766 -0.060707297140577932 -0.047995819462379179 -0.093422929391463572 0.25305827362364169 -0.03594847784069883 0.25132983249675861 -0.0040611196561986139 0.21753815195875231 0.02128236869709638 -0.00017625085015971338 0.0012675374100514633 0.15128296619395137 0.055526535318341598 0.053962803004216277 0.084154741603921376 -0.32596731410783653 -0.02058606884583037 -0.095821281381417767 0.10216235050578913 -0.25394322410980924 0.10311582603469326 
-0.67469846241621378 -0.05901668630523161 0.22379212481492619 -0.081059822161687167 0.24412597373583036 -0.054023817302294316 -0.0381154002988685 -0.094204715016676072 0.24868589035491107 -0.03021073874593851 0.24233615149849269 -0.0045961200835366355 0.21427923439900728 0.017699458526172596 0.0029324514519944141 -0.0025394620450689452 0.15736875337580725 0.050408104904827139 0.061908192692796953 0.081503137587179628 -0.3360111571483172 -0.022867079586824931 -0.09269259990334261 0.099770540890487786 -0.25391115255702401 0.099137199338591594 
-0.6775257656892778 -0.063291011018429891 0.22639881545896873 -0.083022692930968811 0.24405477113134147 -0.057735437382293406 -0.034327232615453639 -0.10164953318938881 0.25141201943857511 -0.029953991834463883 0.24518878824611071 -0.0037059366607014085 0.2129681452603413 0.022548240415771487 -0.0054830739409197074 -0.0050589082201454947 0.14864605907632064 0.052173859322999873 0.05101720859121496 0.081059791894276728 -0.33888490812571592 -0.020761575706561293 -0.088474853702333586 0.1033108762083704 -0.23498997312917239 0.10608631910153435 
-0.67628372215781385 -0.058641431508030299 0.22446188903602723 -0.08647362540924787 0.23984294687302049 -0.064835327453788463 -0.027713333186085341 -0.093932615612951853 0.25483281036841199 -0.030944124383779761 0.24526473554494388 0.0011479585842936362 0.21382402003048712 0.024167417250022225 0.0095657283815926836 -0.0030781553806553804 0.14909180814666673 0.053990759971522549 0.048409099978887239 0.078521465903528015 -0.3359139742915791 -0.02104446069710263 -0.099356021989146767 0.099349675452140879 -0.24602598673541212 0.10177246328404924 
-0.67466463561174972 -0.058175718153302622 0.23154457460853775 -0.076127205094119105 0.24531155266565877 -0.054414924145159381 -0.046117773748471584 -0.097773494695950119 0.25289835844864361 -0.029787581322309242 0.24620478166918622 -0.0044685900292466109 0.21402885761770016 0.0212853474813679 -0.0054936000613952487 -0.0031041994328893274 0.15026042372532056 0.047334211798992158 0.057861215002785092 0.077821454341473972 -0.33719906081531748 -0.022932245876743418 -0.093439542573147558 0.099826652918372227 -0.24119515092775026 0.10051629220951358 
-0.67497329534822226 -0.060973582827011444 0.22745616891922707 -0.080117088996993741 0.24492789373380652 -0.057396099685701939 -0.043415251133941339 -0.096369793557239958 0.25418449255766934 -0.029879361408946894 0.24731529313379216 -0.0028497491061028031 0.21442434379755501 0.017341109146233855 0.0010924161220676929 -0.00019979630340611688 0.14891645348540494 0.048652064136553506 0.05418055384922689 0.079080103299159737 -0.33416041542858166 -0.022432454321230602 -0.097851275177676819 0.10273344422728994 -0.24209737851032806 0.10241120539739651 
-0.6666415881780331 -0.069689118846709086 0.22212772090880575 -0.085064727922649047 0.24307661434525085 -0.063344058748910137 -0.043833124688964949 -0.098861237149494255 0.2515925527379802 -0.037355265434894654 0.24992130254016132 -0.0070577282049557677 0.21793220522458001 0.02269144205374795 -0.002849282768133188 -0.0048901536057455973 0.1420084928574662 0.059508709273420946 0.059530270121261143 0.086098168126898605 -0.34059341531597265 -0.024478028559631302 -0.085809103415812674 0.1104273900356753 -0.24646264436858917 0.11201460898324675 
-0.67243654163423539 -0.065140296338370166 0.22611332325778188 -0.081631268604545018 0.24224276612899787 -0.060465005823368799 -0.040847790797032289 -0.093901054530069181 0.25062168334685603 -0.036133111271578304 0.24016444522717767 -0.0033281482462594234 0.21443211881439203 0.022618304206077883 0.00043723397889187417 -0.00083825593637220546 0.15568769661381304 0.050198144810096192 0.061657561935203366 0.083770304434930665 -0.34109646112957287 -0.02428082952466765 -0.092618571337727898 0.10421617397603446 -0.24435746440454484 0.10491504284809144 
-0.67634091584862899 -0.054764010479339452 0.22515347839123007 -0.08525271764531453 0.24245042595957222 -0.057409109182463405 -0.027609932185021693 -0.096677380056396214 0.25210728891646578 -0.029316371342432621 0.24317407076310268 -0.0017100456737438703 0.21659985251415803 0.021008515277463863 0.0016097860628390874 -0.004759081924855706 0.15094731001534811 0.051556956978265331 0.051388927272359435 0.08102580460330569 -0.33118469171448589 -0.024500087418847155 -0.094365862249574967 0.1010750219036408 -0.25392973789736234 0.099722504960717565 
-0.63498982194553333 -0.03561888125828315 0.2428378465676321 -0.085838101121641086 0.26009172845200074 -0.060606066464561972 -0.029133387144114176 -0.10165664358525171 0.26673222704188804 -0.030612939805200395 0.25799825033501128 -0.0064721044380376949 0.22129601111854158 0.020982941790118868 -0.011058914598535191 -0.0040344861902063501 0.14691340759432855 0.052152340962063011 0.036875303912140542 0.083709805348901531 -0.32709632668728278 -0.01371366947746642 -0.1465755078307093 0.091268044690564681 -0.28389081681536765 0.090439759549000701 
-0.6727225322251067 -0.059354314167582432 0.22767400667892435 -0.080416810420851317 0.24294965579953468 -0.058733145226921732 -0.041921795805313813 -0.098711240161681618 0.24995585145075785 -0.031580376682367892 0.24651035804393548 -0.0020561712434652231 0.21553369348117879 0.019766184643120785 0.002587836222441544 -0.0031395219995058775 0.14695257131582268 0.050966173075278759 0.062558771773619598 0.080470443561981186 -0.33120113539475748 -0.023987496134619295 -0.092439759877741723 0.10338104357255189 -0.25643752146329474 0.10339523118406281 
-0.67909058717534354 -0.060117140482699172 0.22121207240878332 -0.086556081762630216 0.23888409672427743 -0.057586448271496365 -0.028821490768863964 -0.094389812753855204 0.24457998364255379 -0.030084957156262533 0.23604761705733371 -0.0019363260397548571 0.21345803912999795 0.021400196973711268 0.016346384237920137 -0.001169273581207692 0.15343769820283212 0.053400279877558 0.059706852758015183 0.079972502897393674 -0.34669220459307121 -0.030030275462955676 -0.084249075246503949 0.10497113803252903 -0.2448193863779303 0.1021261977296698 
-0.67739927002398226 -0.066139337110529162 0.21848358974732474 -0.08612475430393246 0.23779654121934005 -0.057422419593529971 -0.050086830647011228 -0.096796710423444454 0.25212066663241245 -0.02865880687484635 0.24743823061487524 -0.0036533985718487792 0.21781166430262158 0.021658399772554883 -0.0010053071205001476 -0.00060175375944450295 0.15630563361975586 0.051353438217113002 0.055911270880444994 0.083521975549841726 -0.33662208633117596 -0.026416827956606794 -0.083518491135185682 0.10619082922927746 -0.23723561175892 0.10308936582539545 
-0.66926796829116242 -0.060017050175777908 0.22542436584301576 -0.085092381968958783 0.24517185692869051 -0.060075633407250299 -0.043326028096070932 -0.097024066634282424 0.25368704908882239 -0.031455234166830791 0.24561914044770186 -0.003136943150949709 0.21561732912961828 0.020973480737143405 -0.0019109155482126829 -0.0035799380561091824 0.15483651086486472 0.051623358638785387 0.058913752851022662 0.08382762779760107 -0.32796573886293479 -0.023333030908089532 -0.099664236414165178 0.10430472986651067 -0.25713511794119026 0.10298508142820817 
-0.67146800449341659 -0.065688956099089479 0.22616762923723491 -0.080107021762708744 0.24031673731049663 -0.057934765925385906 -0.033858759172560995 -0.091458081818610981 0.24917077161265314 -0.0335599342301304 0.24529039034190092 -0.0058156424423368514 0.21583913922767062 0.021213650771920823 0.0014553393384042074 -0.0014126737962010633 0.15550736754204753 0.048665675733630585 0.060035693137254077 0.076598740270027346 -0.34065161715697534 -0.01803038139950118 -0.097255330237558987 0.10111788615355002 -0.25054935668715028 0.10641150454483574 
-0.68222698626693679 -0.059886146210934965 0.22332802854063238 -0.082645620370249612 0.24236806186980114 -0.05606219557942483 -0.023970067135518958 -0.091099422446760864 0.2458335936503786 -0.033366241061692892 0.24319502288597825 -0.0043677133551008095 0.21054057399082302 0.023042672451901058 0.012637632165492912 -0.00067946722295095349 0.15095537667804862 0.047781409053855549 0.051131179331918963 0.078334623470860509 -0.33731324428064413 -0.026105900088188222 -0.091231346421068185 0.10026093912075248 -0.24524782500890685 0.10479306223793318 
-0.67912021596209071 -0.057050235508740062 0.22790842324630972 -0.08446544009429198 0.24279452769380772 -0.059269103087079111 -0.027477933673211934 -0.099373336878634991 0.25309951230301719 -0.031782650902290391 0.24164484479270962 -0.0020074177646306119 0.2130120007944282 0.023185539206663351 0.0045812772083817432 -0.0043163010363874849 0.14315032352794338 0.052956235980326838 0.053819909854340348 0.07928971417641234 -0.32868091482274941 -0.021520717276889447 -0.092772189141711189 0.10447350947140002 -0.25195956582117551 0.099880203714141094 
-0.66207312460525347 -0.063337096802036016 0.21952172711728096 -0.087953382384373793 0.23996763148773168 -0.059541149459612336 -0.070933082726030536 -0.094852074961962685 0.25458064769783578 -0.03124401924460013 0.25279251543311959 0.00023055627932171743 0.22778793323676638 0.025411832803899331 -0.01096913212429667 0.00086080195899594202 0.16181501066628795 0.056786856152647204 0.064459594739687001 0.081707436708401832 -0.3384321386065281 -0.023106634809959552 -0.089920001906611535 0.09850054491619642 -0.24859758040998928 0.096536328843082303 
-0.67289736960578583 -0.055068504114467336 0.22900677428554009 -0.080944394360862204 0.24550318830700449 -0.052691308998863311 -0.033333919478999059 -0.09605494056457875 0.24938402810578086 -0.031189946587462422 0.2452572951289009 -0.0032108615793164483 0.21620152123624617 0.019498930950491683 0.0010183924471380171 -0.0024950794377212831 0.15336868168030435 0.048601262929193222 0.055465163194816605 0.076929013552987896 -0.33355996097340762 -0.020108530646708454 -0.09935026760242005 0.09909960001993709 -0.25606352672511895 0.097634758837370481 
-0.67357285016540125 -0.058546803008634379 0.23058059985549284 -0.084024278646115114 0.24550023432301182 -0.059424113132912113 -0.042647146458507278 -0.10294248721467426 0.24918402808574125 -0.030908154677056009 0.24472235471973783 -0.0014848947911012477 0.21082377445719613 0.024493169243618704 -0.00024872633949733108 -0.0047738243417861639 0.15656834987811463 0.052231248096200826 0.051461755539435036 0.081319931449132452 -0.329382735965771 -0.02444261849245195 -0.093191932801134178 0.10276103878591725 -0.24979770512841912 0.10574178672986206 
-0.66781938238533822 -0.058006211691188594 0.23115811852744961 -0.07618169685108124 0.24356293935473841 -0.05657627116277409 -0.036145548141127574 -0.091126049223419256 0.24906478789579875 -0.029273919895641577 0.24779462248353806 -0.0049725042618625455 0.21929353762209419 0.018995562888151744 -0.012867988564625512 -0.0062180597886678903 0.15766680977168468 0.047421513923806086 0.055157986838525776 0.078265040746225964 -0.34724070510971472 -0.024901476579838204 -0.096854768381712392 0.10072113441630796 -0.24277040991131055 0.10185293747998152 
-0.66729349919065861 -0.065092030859473238 0.22956784791886398 -0.080025283508635595 0.24458377077881077 -0.059672585379772672 -0.046323963556256849 -0.094802475476803066 0.24942334457432574 -0.031811925820936282 0.24652955444255925 -0.0052572847671654857 0.21705294794485841 0.019512357474759528 -0.0030893691004261498 -0.0060527734043589699 0.14854324275262298 0.052166194350326489 0.06354254432239427 0.078853444943836601 -0.33999287848335147 -0.021270816221600496 -0.091424708511495575 0.10820081615072656 -0.25111883389224665 0.10525236251909711 
-0.67765055399864116 -0.065185352441692823 0.22668176967504164 -0.082483617810076765 0.2434928313860488 -0.058804899700174031 -0.047360150795124907 -0.092067203806017878 0.25242750437206307 -0.029838289233079126 0.24799968853619564 0.00032936342393874831 0.21759017408042758 0.018688330869338288 -0.0037014160670217284 -0.00048589901837369545 0.15332847015563744 0.048576365544424127 0.049276611374747294 0.076383218952693108 -0.33139739744028313 -0.01952563778101115 -0.090676759834670606 0.10041232955498033 -0.2400107714444209 0.1040012914450513 
-0.66871563218973351 -0.068058442712779679 0.22127329573100832 -0.08516341256900567 0.24121957026966934 -0.059821137613654339 -0.045352214966948849 -0.091681694541320691 0.25323623878191287 -0.033743232869908192 0.25232404703024341 -0.0051124349931029192 0.22691886229891481 0.016808377330165526 -0.0088182187457321679 0.0023797768547645128 0.15263422363689086 0.052984202418850594 0.052932232878881477 0.080444049281403002 -0.33315786099379707 -0.022777914678039732 -0.10205681584813124 0.10614242241659376 -0.24243772788317816 0.10759944167603423 
-0.67977940184629371 -0.060134921631128907 0.22887117734693588 -0.077967984357211972 0.2419871444705757 -0.056475730435842336 -0.045485849470758795 -0.094020689523240497 0.24897958924065194 -0.030641450315208135 0.24256457564891334 -0.00025540410166842388 0.21813041191855681 0.019193825269175738 -0.0023271158743398486 -0.0057008836864373136 0.15231345944806762 0.048166066613113012 0.057420688628470315 0.080058392105400292 -0.33412480836479386 -0.027389568553537944 -0.090870350084108903 0.1020326373812484 -0.23767952106187629 0.10313571123533795 
