C:/Users/vmc04/Documents/GitHub/wingproj/Metric disparity/Field 13/FieldRMO13 coord_Aug10_Format - {Aligned specimens} - 1 45 26 0	from C:/Users/vmc04/Desktop/Wing saga/Wing field landmark repeat/13 landmarks field repeat/RMO field collected/coord_Aug10.txt - TPS like internal (simplified) format - can be converted to other format by using TET	
-0.67509850051204534 -0.049089375993664565 0.2188346150731649 -0.093934849427003891 0.24170684514312241 -0.064186462461918628 -0.046170780828593758 -0.095791521333412483 0.24779613242031001 -0.037086349401793894 0.24161916241474843 -0.013649391459494615 0.21518433712270521 0.011548410874085388 -0.00011062636538014954 -0.0025944028004776212 0.15483403280033908 0.046041494944115725 0.064096945548250767 0.083175845601067097 -0.33909005121186242 -0.010715727440822305 -0.080302531755189588 0.11003980227951378 -0.2432995798495704 0.11624252661980639 
-0.68115045230372973 -0.037514280709682893 0.22376125921780665 -0.08334434996920552 0.24086902433942828 -0.062788525658062769 -0.050134724616902895 -0.098392695364604751 0.24863197829529279 -0.036403859338722429 0.24469694080195151 -0.0083556245738374783 0.2126595598433009 0.014689199956830662 0.0019057851210937805 -0.0014148132818611104 0.15947115886883817 0.043089689459490113 0.059328465996278577 0.074939334521701498 -0.33625488926741809 -0.016421754874418985 -0.090446351260373564 0.099662625135558916 -0.23333775503556628 0.11225505469681479 
-0.67230205292503065 -0.040973611174902669 0.22496939796176782 -0.088112444352127145 0.23912489348677629 -0.067380571527981103 -0.051559780554840444 -0.096474422708423796 0.2490956986937321 -0.040527320974226538 0.24774419745571938 -0.012777568751987926 0.21861899664970338 0.015677106372617246 0.00084159020849431635 -0.0043409174716621543 0.15239434560668311 0.050898213764786086 0.058467837032953572 0.080654971638183415 -0.34042902771141564 -0.016541873430114949 -0.087873539774684178 0.10774464805420242 -0.23909255612985875 0.11215379056163709 
-0.67819827612265304 -0.045554084022377032 0.22498603707281589 -0.09244962889223643 0.24106500173759329 -0.071331821902667653 -0.045792428221165971 -0.097917910833159358 0.25083557256083155 -0.041674498098992672 0.24255783879851475 -0.011886282769422737 0.20880014562129776 0.01808672059670462 -0.0026405735607643115 -0.0037377080638319481 0.14429266565869175 0.053591334385109851 0.06699130947797291 0.081756687362447789 -0.33610346942551644 -0.015121709268609762 -0.079310570616578674 0.11148417291441634 -0.23748325298104034 0.11475472859261911 
-0.68260976725108813 -0.046807690947055176 0.21197517373653699 -0.094769905778296679 0.23525346169220118 -0.069753661524560806 -0.027291228310383171 -0.091950775221456546 0.24702283760066751 -0.042531158270743566 0.24444554221553152 -0.013260271078425912 0.21427869905357311 0.017322249765015379 0.010065283353516152 0.0040634058335973691 0.15279125414011321 0.048059984428671015 0.057040198187693923 0.080686897348563325 -0.33524804997953572 -0.01419880690992768 -0.083904505625086723 0.10700413028795754 -0.24381889881373986 0.11613560206666201 
-0.68347881433669755 -0.036349383492674255 0.21636723130309518 -0.093243818808035561 0.24111529072236448 -0.061762356761688036 -0.028574088500689692 -0.097611574376132618 0.24867437210908774 -0.036260671942746667 0.24284859171161505 -0.0083736347048393115 0.21136712966526733 0.016374424714430156 0.0049060605847955387 -0.0017910320176850916 0.15311594405052828 0.045893188971631922 0.057953996621794894 0.076381813568414419 -0.33829684860637999 -0.014304410542246269 -0.086389532485611598 0.10231596826717372 -0.23960933283916971 0.10873148712439733 
-0.68159884004654592 -0.052761281235674459 0.21842966698033234 -0.093929464816230115 0.23591778284717349 -0.070977178838042401 -0.048064847997515467 -0.093603152144034113 0.24765826879851302 -0.038950901685622839 0.24413546444821344 -0.014073729452061111 0.21641710852412047 0.013589913282539797 -0.0033494839355053827 0.00093247440779072965 0.15685243903350482 0.049869398473793743 0.057588976219594086 0.085952440573477937 -0.33688474148327452 -0.014097450094963786 -0.082856496961079981 0.11130358554203909 -0.2242452964275313 0.11674534598698708 
-0.68894642144744045 -0.052273932019085569 0.22056033366679056 -0.085360817729445287 0.2349665729280635 -0.061083582396757652 -0.042186297521091119 -0.099297409948344503 0.2427264964186735 -0.035572789780519649 0.23623863301439255 -0.0075551108928967724 0.20754356625243983 0.015646385071870265 -0.01150454889720624 -0.0058506376654670622 0.15890955217849692 0.042548552887288781 0.0798696536076451 0.074544036654044493 -0.34736065356238427 -0.0062180997653108602 -0.073831449358324225 0.10582109194068115 -0.21698543728005448 0.11465231364394297 
-0.67572376337387308 -0.039470786138465462 0.2243255986572337 -0.087118593827368335 0.23966823475191634 -0.068271475584029573 -0.036784536212244992 -0.09635616813516501 0.24901117069491993 -0.041696064704483185 0.24754457165606752 -0.012364980558525066 0.21283390679126793 0.015434390732733415 -0.0060488904787074291 -0.0028856642546776592 0.15454768112276085 0.048712551648891801 0.058126162528319751 0.080377607440541288 -0.339451515704218 -0.019197316675634225 -0.09302826422408661 0.10819633355033607 -0.23502035620935638 0.11464016650584591 
-0.67405314409806905 -0.042276374421109632 0.22905663415715793 -0.093871907014017777 0.23967458092381017 -0.071619546142855831 -0.042319918941711762 -0.10319773589812377 0.25136261701877616 -0.036647600654054348 0.24396499236027616 -0.0080207852110572974 0.21006397404338958 0.017446870706651546 -0.0072616755620199423 -0.0057021458674429339 0.15390472995013474 0.04611222695528884 0.054289069509247175 0.081172146022182409 -0.33376257285706762 -0.018164512499613459 -0.086670477461474466 0.11308463537420001 -0.23824880904244894 0.1216847286499522 
-0.66635959196778327 -0.040028246870331435 0.22017108694661441 -0.09192631216123659 0.24157552825401946 -0.068840906781126338 -0.045369510669522883 -0.089892722949902429 0.25435796262873117 -0.038655707716729104 0.25248554853184468 -0.013665189039849639 0.22170500802503107 0.014874066036690515 0.006880869544461171 0.0011881755160097656 0.15085885935156326 0.04746868830070522 0.046715365832154979 0.076948843898211161 -0.34247976114403683 -0.01386814008367474 -0.090795512702889866 0.10516827644118838 -0.24974585263018792 0.11122917541004518 
-0.68314691060479449 -0.049254813127756099 0.21876957594893795 -0.086895160500625651 0.23401541096226533 -0.065456661996536228 -0.039004237244022057 -0.09371664218952068 0.24313596068870991 -0.039662210631496046 0.23564998698043868 -0.011281138831437118 0.2174941701991599 0.0090795786390245204 0.0066344554378854068 0.0018853969952697626 0.16022006034093597 0.046262348728083762 0.063230408476049091 0.080472268740800684 -0.34417719086806575 -0.01255681480965515 -0.078841141086199565 0.10665732452843231 -0.23398054923130041 0.11446652445541589 
-0.6768614753043769 -0.04318835796214586 0.22191934872921087 -0.086583293146430526 0.23882105700024156 -0.065885111099393476 -0.0387899937057073 -0.092072940717150525 0.24917807716085141 -0.038280586581932625 0.24216341778323236 -0.013093441583219772 0.21305063673708305 0.012687849864069897 0.00022569450803596933 0.00014185218726199005 0.15719078925496108 0.044957177423156559 0.065781789523464487 0.078182305790823456 -0.34529130754933507 -0.012682418392611682 -0.091167446949277642 0.10547773786088115 -0.23622058718838412 0.11033922635669147 
-0.67044831275578454 -0.042443673095007108 0.22378765635453374 -0.087864770120834421 0.24387041988370792 -0.063040042712409886 -0.069411745626170543 -0.096222816541781456 0.25428782395692723 -0.035103262072476708 0.2476138111532904 -0.010552867798576279 0.220604648336717 0.013789033293085716 -0.0082577838660501408 -0.0056835951914402435 0.1560701587019224 0.044168494316288519 0.065816243811486347 0.077495408690285469 -0.33248407306743405 -0.015430139101747856 -0.09396139624273453 0.10582797270126972 -0.23748745064041143 0.11506025763334471 
-0.67834532127095137 -0.037985697312990681 0.22166391486529261 -0.088412335746155493 0.23897919130894141 -0.067751222019250296 -0.045773031881233585 -0.09484748023627991 0.24893227723355774 -0.037325176140744591 0.24493871609890552 -0.0093965304777169165 0.21695076339745822 0.016682438821228808 0.01008309605201721 -0.0016489631476994662 0.14970236887322724 0.047390133662856014 0.058424231237710289 0.07724939143670477 -0.34128119386155514 -0.016059833856566182 -0.084918349805592319 0.1052703688970337 -0.23935666224777785 0.10683490611958039 
-0.67211225661180585 -0.037933549510161577 0.23168881832491461 -0.086645943688511015 0.24196428718051349 -0.068624154240323948 -0.039770201026435248 -0.095052102696933732 0.24844565527118809 -0.04001065781105935 0.23824899370001995 -0.0082091836907039611 0.21756603785626735 0.015055626770306122 -0.0025678390774563149 -0.0076306750286870033 0.15762517224792616 0.043378986004276907 0.056028762250663139 0.077893828380566965 -0.33106937904747263 -0.011373582920996942 -0.0881453010878952 0.10671739348600127 -0.25790274998042767 0.11243401494622576 
-0.67877966433949199 -0.0427515564077659 0.22322601528021505 -0.091937852809327494 0.2414478240571786 -0.067885426157822157 -0.054759450509642489 -0.093987241397173349 0.24994830679840888 -0.035928076339873959 0.24559957387605341 -0.0092260912613901496 0.21199308014736654 0.015873641255920487 0.00066879435458749653 -0.00062093708653802816 0.15223326956541797 0.046202153602839906 0.063908179686129357 0.077149671199329431 -0.33690608382359366 -0.018700600785532862 -0.086849724876868983 0.10952590392829395 -0.23173012021576017 0.11228641225904036 
-0.67504632352381544 -0.036656660328824982 0.22538338313092574 -0.088157566023130657 0.23710195598615696 -0.070657705410081525 -0.034571876251153731 -0.096385505231778343 0.2498240761188695 -0.038556627926461147 0.24598588400746238 -0.011289289968160421 0.21585790165863636 0.014084951491035856 0.0045680319360815336 -8.4272746809583814e-05 0.15069819862943612 0.047319574035133705 0.057301609784621989 0.078665100011911557 -0.33718924132090045 -0.019826788289679174 -0.097432489705123096 0.10818952826170593 -0.24248111045119874 0.11335526212513877 
-0.66811878930285462 -0.044821045585057971 0.2248907852193113 -0.094412897207772142 0.24371611160111137 -0.070443509940998267 -0.050177978763061598 -0.094890718048212322 0.25311060242740252 -0.040867571833945432 0.24536850149359432 -0.013988372840510299 0.21212416451022489 0.015769460711803407 0.0026607786738046951 -0.0015540222558210366 0.15450513707890642 0.050505134187306858 0.055312473103974684 0.085391525940288551 -0.34089199801339959 -0.010688417018638128 -0.087927158792274127 0.10877388637979736 -0.2445726292367402 0.11122654751175974 
-0.67528971297065243 -0.040739329752532985 0.22484304435418204 -0.084616952805013024 0.24276034119828113 -0.061220992701257512 -0.047492442326069535 -0.097633830990436155 0.24780866073218621 -0.037311543459094924 0.24777565411963126 -0.0096357843102900954 0.21630057845162912 0.012925642079499465 -0.01231021710151689 -0.0063851322170276354 0.15784539802354983 0.043387445220724172 0.06173397140406589 0.076413267616474614 -0.33926513464058644 -0.012521759052811499 -0.089510375212643045 0.10345036405167068 -0.23519976603205775 0.1138886063200949 
-0.67037224424090758 -0.041096799095213646 0.22329683109112405 -0.086786068206412853 0.24047848085352869 -0.062821707140018668 -0.052752546587114493 -0.096648679008004168 0.24781219448475014 -0.0380857623932436 0.24623843481981306 -0.010591758824386507 0.21616687906800289 0.016290057808888168 -0.010516158588337656 -0.0033265671367196771 0.15849577027568365 0.046511527895652036 0.073330657914507255 0.075159238317478574 -0.34458603085266803 -0.012469296456435675 -0.082672042929330017 0.10621776684225535 -0.2449202253090515 0.10764804739616107 
-0.675517485114001 -0.0507049179415823 0.21227270531760731 -0.09459027822055012 0.23925819081055241 -0.066964351704843647 -0.053662142139248789 -0.10060907923746552 0.24810625105676021 -0.038342743846941842 0.2437199115448401 -0.0077818079883141007 0.21589484876069476 0.01557619245528351 -0.0082503698362780421 -0.0024391584916813973 0.16428482485111068 0.047516738120503617 0.065517495300009124 0.082046055275431837 -0.33745989735203558 -0.012261234287680913 -0.075902386940878433 0.11285282047990373 -0.23826194625913222 0.11570176538793725 
-0.67799881494561698 -0.043955587173370218 0.21724097229563363 -0.092653700456589688 0.2362994592025707 -0.066505618457929322 -0.034045256016247603 -0.09589004324406393 0.24719487962270556 -0.040818733385890954 0.2421771047068213 -0.0099835595066933656 0.21738491784954792 0.014065006677648803 0.011353517732301947 0.003684509834693235 0.15260327383343408 0.047948953549687437 0.057055278877719766 0.077826905949242214 -0.34471724341717302 -0.015802843312067445 -0.086390511615806631 0.10588063429286801 -0.23815757812588853 0.11620407523246519 
-0.6705286891975607 -0.044415749969060322 0.22316416866297178 -0.090371990524896653 0.24128721268614547 -0.069180775718959892 -0.054498974210128552 -0.094188011516812026 0.25230069725026166 -0.040308161061231577 0.24660974571914276 -0.012887153652143841 0.20936841335344625 0.015622549113917739 0.015749812527214642 0.00036417334284237946 0.15432844292908654 0.046590076342852248 0.059781764675886924 0.081379050534104144 -0.34144360096780529 -0.012568375248166955 -0.092614607143302927 0.10667210573325772 -0.24350438628535825 0.1132922626242963 
-0.68709921865154866 -0.038355447234560823 0.21882881282430108 -0.088381269729918985 0.23933911145301651 -0.066746145934778386 -0.025657988026247535 -0.090389236605888407 0.24537280330723144 -0.037666105182399483 0.24060322857080052 -0.0086474005737125926 0.2078825931644093 0.014722248706886387 0.010752607227973039 0.00058556197879535885 0.14793495986248842 0.045287315453961988 0.065407231114083961 0.075635628240118505 -0.34512936407843331 -0.018083170944839199 -0.086619745157084121 0.10319839126606439 -0.23161503161098992 0.10883963056027145 
-0.67829300066055631 -0.040630503816877772 0.22395570127989711 -0.084921797625687634 0.24115930508769431 -0.062837220425848453 -0.056763060569707167 -0.097590429865127351 0.24961766969529223 -0.035116543823117734 0.24458482800042816 -0.0083556104175350459 0.21064165629982187 0.014262613593811733 -0.010037438041618937 -0.0066513350604059255 0.15616847729802999 0.046893772111410291 0.070561745290555825 0.077310138635590608 -0.34108666949877942 -0.015599138787989275 -0.075236522527904082 0.10344457397249519 -0.2352726916531539 0.10979148150928141 
-0.67658183749288958 -0.044212287507123006 0.21870956591521493 -0.090564256991596273 0.2405177995752423 -0.065678934761085869 -0.059616381771504093 -0.093766688242657117 0.25277626488149119 -0.037025191246521268 0.24884805928119033 -0.012259707253195746 0.21535729324452968 0.015227789052287227 0.0066727515980827832 -4.2254016172357072e-05 0.15420149277322304 0.047352577484558345 0.059688079862127472 0.078368818599725873 -0.33641763352775073 -0.014984917535844647 -0.090088825119823468 0.10436162215717609 -0.23406662921913385 0.11322343026044869 
-0.67112581058319754 -0.040480952243707999 0.22737048025796316 -0.088378483940696584 0.24265061655302131 -0.066742988993139782 -0.048144443751284169 -0.093178288831332876 0.25300867848251996 -0.041280699890284947 0.25260307359050799 -0.01207273761053425 0.2171884744519966 0.013727702570827132 -0.0046162767542365186 -0.0020116782630211633 0.14272176430261438 0.046776126170773057 0.054678752408283661 0.075740872517146535 -0.33258385139943136 -0.016303960643203882 -0.083085396176958343 0.10888408426039191 -0.25066606138179898 0.11532100489678274 
-0.67367764268041519 -0.044611416460950425 0.21910496767067736 -0.09069349356987251 0.23846162760945025 -0.064943308976393027 -0.051116997126414633 -0.098046231193113495 0.24582855137843193 -0.038030619897039819 0.2432062815779443 -0.0099824651960983262 0.21952423674550073 0.014348512379195365 -0.0028334193974238081 -0.0046561422886688469 0.16491489820091632 0.045100220151880345 0.063373925141612289 0.082488969036239951 -0.34014115846602894 -0.016104434459153983 -0.09131662114766198 0.11059153482255127 -0.23532864950658822 0.11453887565142411 
-0.67751533445245837 -0.039318059915452293 0.22467931141386607 -0.085993763725543362 0.24148034795074724 -0.059392065546111733 -0.052090651957347682 -0.091672675677779716 0.2514910239964942 -0.03651306969913861 0.24519255955893687 -0.01238536202751424 0.21392476201427058 0.012183355899040868 -0.0063027559132930325 -0.0012188228528368197 0.15297064619861531 0.042079688573226685 0.067165930806025009 0.079139544261949288 -0.34374495344978201 -0.015432722690090484 -0.083203340413118623 0.10485118290020831 -0.234047545752957 0.10367277050004255 
-0.67601971980687259 -0.042954896466497222 0.21453966626865015 -0.090959909162277197 0.24322474378967995 -0.061987301128426084 -0.041676883832555363 -0.093185445066730405 0.24863539972802978 -0.03826479044025935 0.23991822293384313 -0.0087283436188047465 0.21556838749799506 0.011607366917192533 0.0014664821311060655 -0.0016635254167033813 0.15443428396984721 0.043212478435375838 0.071844247141985271 0.077119637727796106 -0.34487357286835313 -0.019424647330230856 -0.089724981808825571 0.10984308829642167 -0.23733627514453035 0.11538628725314277 
-0.67973259532878361 -0.042196761567907824 0.22399220685506038 -0.08737080197097527 0.23839131231593347 -0.065567831156723697 -0.03771740119526916 -0.092523450436825 0.24806017873665709 -0.038979782265368558 0.24346703728889191 -0.010406411395132289 0.21505818352951656 0.013546398508861747 0.0027733854519499277 -0.0014067300664003944 0.15527620280168283 0.042437835793429711 0.058422872642429562 0.078203867304194402 -0.34080085322892872 -0.011796953084799843 -0.093668651930150462 0.10572417982376295 -0.23352187793899024 0.11033644051388398 
-0.6640779644191559 -0.040533007039812378 0.2226865269049278 -0.092760397290774538 0.23950684779208567 -0.069413247394496821 -0.051729291054962316 -0.097941202720437714 0.25365732197230367 -0.034859069874260407 0.2483811387951439 -0.011343364934963114 0.21899568288106677 0.015772864594933572 -0.013090899482207707 -0.0029013369806075787 0.16122137593799252 0.048946959045069093 0.065736938541122364 0.079873802778164471 -0.33746201497451217 -0.011834079906151061 -0.090719293301960907 0.10768381138257926 -0.25310636959184307 0.10930826834075685 
-0.67313255265964678 -0.040804738894219726 0.21652426496020108 -0.095521717399734876 0.23905843915112795 -0.07016648077693681 -0.038839295535026325 -0.094321608477518901 0.24923465011779014 -0.037457328231627007 0.24354957170404876 -0.010892184414970158 0.21357927232745108 0.017689060520691 0.0041307424646632954 -0.0016019114120552013 0.16029682966401976 0.048244685637637535 0.063351054392709702 0.083596985980019939 -0.34658093417234115 -0.01873565807960071 -0.097345421072728547 0.1099842151618779 -0.2338266213422687 0.10998668038643632 
-0.67932449873055978 -0.037548323243785799 0.22441530272401369 -0.091113754931543958 0.244583804748876 -0.065179287413620682 -0.036052082359467198 -0.097613556681438299 0.2525151107011625 -0.038878846860335381 0.24317138438986136 -0.010020411828191394 0.21232107169271264 0.016419176997692436 -0.0087413991902606583 -0.0035072331897037477 0.1530087947517289 0.046772001924231539 0.054975894667203401 0.079303507802131828 -0.33465681651182416 -0.014173776787288076 -0.092219273978251082 0.1061605414458113 -0.23399729290519536 0.10937996276604048 
-0.66817754691632558 -0.038353280690973185 0.22103081250707951 -0.092115422601391703 0.24004473499282622 -0.067413333404412898 -0.039380130968815395 -0.098969432268744981 0.25413118398337065 -0.038503906355314206 0.25010981458168285 -0.0059778336552473261 0.21643471833979464 0.017372870124550327 -0.00087506980254554686 -0.0030092571926779222 0.15251520305655439 0.044728549881108179 0.054338096042737996 0.077230032443783542 -0.34539263873726744 -0.012234232377102808 -0.089545428568174684 0.10511945340361914 -0.24523374851091689 0.11212579269280402 
-0.67278342532568558 -0.041357029839631444 0.22162975679746105 -0.092026476423697059 0.2406293643290657 -0.067174274712895277 -0.04127879744715577 -0.091953014368729796 0.24784192029130142 -0.039649638437122242 0.24526420719992997 -0.011363286323160868 0.21437862604735211 0.01532222801006509 -0.0099154083485761147 -0.0072101954476901349 0.1598543939143017 0.05028323740514215 0.060415413439229008 0.083277637916322353 -0.34296534143379875 -0.017477759390074388 -0.0808570778152434 0.10753185021088633 -0.24221363164818108 0.11179672140058482 
-0.67616302321348487 -0.04302983342094633 0.22544777232911364 -0.089770980955492796 0.2422918997118983 -0.065945225314871972 -0.040053372310844458 -0.096511908055241943 0.2481762887048852 -0.043538885974710458 0.2457831472832937 -0.015132704397101748 0.21528095173697845 0.015204805624257632 -0.0066371954154343512 -0.0053928525309153222 0.15357491339337498 0.049858724611702383 0.053658354411921565 0.081706921480210692 -0.3298089750872818 -0.013602428211619512 -0.087712077606387995 0.11097224181944626 -0.24383868393803221 0.11518212532528314 
-0.66689796221973374 -0.040594615531777449 0.22740406886417186 -0.095202599803432209 0.24540659519277389 -0.069435556086557826 -0.038675685324717934 -0.098319228216824234 0.25387875577345309 -0.040844458842790289 0.24621772833323446 -0.011131758614400631 0.21236973239803833 0.014997777049085411 0.0081482238304633574 1.5462685401566359e-05 0.14863077275409017 0.046447609221379298 0.048323253596106806 0.080439741492150316 -0.33734366111449482 -0.010549248286213843 -0.096679834410796403 0.1088932216430767 -0.25078198767259002 0.11528365329090284 
-0.67378428751650943 -0.04721118051805244 0.21837328250723212 -0.092096030713819721 0.23953442467430544 -0.070010856182772183 -0.034769980296551012 -0.095549927575831667 0.24805497751024516 -0.042613882030894272 0.24391900466018956 -0.015178660627350371 0.21447635498008932 0.014442476227191262 0.0034928256908723942 0.0013686942617966223 0.15445985064272372 0.048374885835257259 0.061740947074594023 0.080296679895794629 -0.33617494321887387 -0.014480372066492535 -0.094257397652537184 0.11346442068849477 -0.24506505905578022 0.1191937528066787 
-0.66423617412137304 -0.03726441512144673 0.22247921668577811 -0.094640708579547567 0.24464565414423114 -0.070563415661583806 -0.042933188205029477 -0.097854229221197908 0.2541150145130433 -0.039680928603776103 0.2527599276564762 -0.011713939314531704 0.21816262457648228 0.01827011648173257 -0.0014931492392675765 -0.00020553447060646995 0.14823736946445579 0.05247874941896162 0.052339529752785198 0.079904850033766253 -0.34565306988896538 -0.015149715488095199 -0.097315221609764108 0.10563320113340424 -0.24110853372885205 0.1107859693929206 
-0.67136151008765921 -0.043844291496163736 0.22470124188587784 -0.087021077715514927 0.24534294470606793 -0.061217627547347456 -0.066584750755643726 -0.086794363708503006 0.25462547389365053 -0.038362760215460971 0.25061723757443971 -0.014678617013153344 0.21621548151827205 0.012527409770846907 -0.0056936982655029595 9.4763579422498873e-05 0.15995878408397901 0.043332112674042501 0.057180141123825794 0.077513646588091761 -0.33768126329782588 -0.010481460309095273 -0.090103530446331917 0.10180684351870239 -0.23721655193314978 0.1071254218741325 
-0.67417820929552574 -0.034351112528044535 0.21794357826713648 -0.095861292877840648 0.24470364083728463 -0.064825864435029523 -0.040992345856292543 -0.1039916867228475 0.2525798015480763 -0.031512640422447717 0.24487959623741792 -0.0048210049523510698 0.21605353626432591 0.017487736345001424 0.0026279808036345585 -0.0074442697897395497 0.14947596473919933 0.049908074289550915 0.060648303716764544 0.073503972088567737 -0.33853356639975829 -0.014222338466365975 -0.093720671695989285 0.10395932406358338 -0.24148760916627282 0.11217110340796263 
-0.67718092372754657 -0.03850651603265539 0.22930876758391816 -0.086295858225094738 0.2406315462121682 -0.063357881624654971 -0.04178762390346006 -0.092356404967696371 0.24888671790159933 -0.035556994779818649 0.24147920039072099 -0.01303774686341329 0.21428946662538711 0.011998149197028919 -0.0013814579866487204 -0.0026863004448021612 0.1553997024789828 0.043229453419828902 0.060910764415274404 0.078596402277913341 -0.34238185532360316 -0.014254790404400922 -0.09252813207955865 0.10376880448893409 -0.23564617258723372 0.10845968395883147 
-0.67895092943642521 -0.037780649785647755 0.21605743536852251 -0.091120445527325303 0.23794802749023439 -0.063902543269300241 -0.04882282639984812 -0.093013138289187475 0.25103344362641083 -0.034622595942357927 0.24640812564042686 -0.010046041607802791 0.21825400621286173 0.015779029921906263 -0.0066240836145778836 -0.0052067570253904027 0.15392065852892933 0.051825098217454797 0.064018771479184916 0.082276170640449425 -0.34619253270084055 -0.019002587255033562 -0.075069684956699689 0.10053411271473567 -0.23198041123817836 0.10428034720749943 
