C:/Users/vmc04/Documents/GitHub/wingproj/Metric disparity/Field 13/FieldRMO13 coord_Aug10_Format - {translated and scaled (first one is consensus)} - 1 45 26 0	from C:/Users/vmc04/Desktop/Wing saga/Wing field landmark repeat/13 landmarks field repeat/RMO field collected/coord_Aug10.txt - TPS like internal (simplified) format - can be converted to other format by using TET	
-0.67565925208763578 -0.041738911349530117 0.22191326782161694 -0.090304104859932677 0.24043639992626703 -0.066452065072407598 -0.044673934849382375 -0.095337132162176638 0.24984539603032019 -0.038451578293006737 0.24501642416299388 -0.011039791443343126 0.21483866589302142 0.014829336318342811 -0.00068876557570672755 -0.0021970491711865246 0.15461986649447149 0.046798701306892239 0.060754366432349008 0.0791067983174049 -0.33996459527307377 -0.014463841641261544 -0.0876163808506287 0.1068358913683654 -0.23882145812461297 0.11241374668183964
-0.67608058669451065 -0.032905812919086293 0.21652197634684936 -0.099149273572470345 0.24010015725737585 -0.069957240064199511 -0.048451866266686405 -0.094658191494274763 0.24683678037466927 -0.04301074759502628 0.241222927776925 -0.019432566684499851 0.21539920582730063 0.0063911552651243972 -0.00017273392608440263 -0.0025910088912666457 0.15589236829120995 0.04231981189068857 0.066070726727299356 0.081616780074899448 -0.33924943082984649 -0.0025910088912666778 -0.077643899774957309 0.11193158410271919 -0.24044562510954501 0.12203651877865913
-0.67838103876989364 -0.071919581257264345 0.22769048208106457 -0.071919581257264345 0.24373661291077459 -0.050524740150984314 -0.04509374202400563 -0.1008026167507423 0.25015506524265857 -0.023781188768134308 0.24480635496608857 0.0040321046700296974 0.2116443512513547 0.0254269457763097 0.0019749084098103788 -0.0013166056065402729 0.15708750643034058 0.051100755103845735 0.055462011175510445 0.077844306486695741 -0.33499383901409963 -0.033408867265960339 -0.095371618623763699 0.094960179371719688 -0.23871705403583973 0.10030888964828971
-0.67273358342933365 -0.033142312928499812 0.22392813341427928 -0.090726092909282283 0.23832407840947478 -0.070160457201859913 -0.052679666850550998 -0.095867501836137861 0.24860689626318583 -0.043425130782210976 0.24757861447781471 -0.015661522577190851 0.21878672448742348 0.013130367413200349 0.00079098598874708943 -0.0043504229381085531 0.15297669022367211 0.049120229901189458 0.05940304775490058 0.079968683462322859 -0.34059856675446332 -0.012576677221077505 -0.086612965767797812 0.10876057345271417 -0.23777038821735169 0.11493026416494088
-0.67785007896211735 -0.050471246843203338 0.22565057447859405 -0.090815576844081231 0.24157596789999317 -0.069581718948882376 -0.04508111368519143 -0.098247427107400781 0.25113120395283278 -0.039854317895604029 0.24263766079475299 -0.010126916842325596 0.20866348816243493 0.019600484210952798 -0.0026133978947937113 -0.0037567594737658782 0.1439002215820783 0.054636349738030887 0.066396640264602486 0.08224036500178937 -0.33598496684941603 -0.017558767105645228 -0.080116979212269762 0.11090607316030777 -0.23830922053150128 0.11302945894982776
-0.68415590191928022 -0.008817944624225962 0.20638362955213063 -0.10639834009396558 0.23101557403963763 -0.082713778086747264 -0.032356755480630564 -0.090292837929057096 0.24427892876367993 -0.056187068638662629 0.24333154628339121 -0.026818211749711857 0.21491007187472924 0.0053927925801051674 0.010275456132362391 0.0034980276195276977 0.15522497561653884 0.039498561870499563 0.061434110067954101 0.077393861082049015 -0.33551914917302583 0.0044454100998164324 -0.077831114534489959 0.11149963037244341 -0.23699137122299738 0.12949989749792939
-0.6758991294203025 -0.10781898801357928 0.22495198674014927 -0.070041360561689386 0.24626244325147156 -0.036138361566403675 -0.018180948911757581 -0.1000697311003711 0.25110572882222687 -0.0099846194843259371 0.24238781479486768 0.017137779711902685 0.20848481579958175 0.038448236223225157 0.0050668218278668653 -0.001266705456966756 0.14745941760806736 0.061696006962849763 0.049625049078813883 0.082037806360021254 -0.33493182523914233 -0.049699561164517847 -0.096642175157990562 0.09269303461568254 -0.24968999919385215 0.083006463474172343
-0.6835049077354336 -0.013482308852829998 0.21266737178571102 -0.10633368589285544 0.2314463019735811 -0.084424934007006791 -0.053367472542452055 -0.090684577402963568 0.24500886266482072 -0.05312671702722286 0.24292231486616853 -0.028088143443395771 0.2168404673830153 0.0011235257377358047 -0.0032903253747978345 0.0011235257377358047 0.15946040292007815 0.040767933912128691 0.062435930282748214 0.082498889885173801 -0.33713797315915917 0.005296621335040312 -0.076319498327626981 0.11588365466360995 -0.21716147473665434 0.12944621535484968
-0.68617519816087214 -0.08089087107244225 0.22392063855962474 -0.076110955963616111 0.23730440086433771 -0.051255397397720184 -0.038018709404047904 -0.10096651452951208 0.24399628201669452 -0.025443855810059129 0.23634841784257249 0.0022796518211324677 0.20671294416785055 0.024267261321732701 -0.01125118479462159 -0.0063241953747545801 0.15700182703605858 0.049122819887628615 0.076699253207779372 0.077802310540585493 -0.34680122543421632 -0.020663940701232966 -0.078169996318187426 0.10265786910648138 -0.22156744958297153 0.10552581817177702
-0.67628694831003566 -0.028222524551108734 0.2228450538555547 -0.090838899021835451 0.23849914747323658 -0.07224966285083842 -0.038382633389507904 -0.095730803277360971 0.2482829559842874 -0.045833379871000599 0.2473045751331823 -0.016481954337847542 0.21306124534450399 0.011891090344200501 -0.0060960653030395313 -0.0027846224223760309 0.15533677512930263 0.04613442013287912 0.059455451721002466 0.079399369070452641 -0.33972393552988001 -0.013546811784532257 -0.091215199349183679 0.10972917545471092 -0.23308042275942367 0.1185346031146568
-0.67401951864309761 -0.042809127424101888 0.22913075821281187 -0.093690833162462989 0.23973111357497057 -0.071430086901930007 -0.04223833905844715 -0.10323115298840568 0.25139150447334507 -0.036448914206806751 0.243971255719834 -0.0078279547289786325 0.2100501185609267 0.017612898140201907 -0.0072571663633238031 -0.00570788365654695 0.15386823514148629 0.046233857618029964 0.054224894737195828 0.081215030313153289 -0.33374811151780764 -0.018428310091137209 -0.086759831579513141 0.11301609639962903 -0.23834491325838056 0.12149638068935585
-0.66739577838843556 -0.014840530458070831 0.21654331702040869 -0.1001735805919781 0.23880411270751481 -0.077912784904871857 -0.048731164917607685 -0.08811564959479555 0.25271711001195613 -0.048231723988730262 0.2517895768583267 -0.023188328840735673 0.22210851594218514 0.006492732075405936 0.0069208243001579375 0.00092753315362942691 0.15254352941997804 0.041738991913324239 0.049587349367111629 0.07513018544398356 -0.34275917461813604 -0.00092753315362940057 -0.086760024216414169 0.10852137897464299 -0.24536819348704619 0.12057930997182555
-0.68135074138755158 -0.069834842992299029 0.22129066206515008 -0.080257953886672076 0.23588301731727215 -0.058369421008488791 -0.036160177025863237 -0.094850309138794275 0.24422150603277032 -0.032311643772556312 0.23588301731727204 -0.0041692443577491904 0.21712141770740043 0.015634666341559501 0.0065745776410658938 0.0020846221788746065 0.15875199669891177 0.051073243382427649 0.060774754291805504 0.082342576065546666 -0.34364194840986678 -0.022930843967620643 -0.082021864961104488 0.10423110894372993 -0.23732621728726211 0.10735804221204186
-0.67545618271586538 -0.061364780172303859 0.22416628130412677 -0.080587482394953253 0.240505578193379 -0.05944250995003892 -0.036301333812772486 -0.093082238839675424 0.25011692930470358 -0.031569591727197331 0.24242784841564394 -0.0065800788377530471 0.21263265997053724 0.018409434051691185 0.00022180041026137611 0.00014786694017424618 0.15592568841372159 0.049165757607930183 0.06365671774500431 0.07992208116416924 -0.34482570448629563 -0.0219582406158726 -0.093969440480720728 0.10298932383134858 -0.23910084226172373 0.10395045894248106
-0.67084822209458717 -0.035567799698682109 0.22287507820447314 -0.090154492291798366 0.24321129701367333 -0.065536964259608685 -0.070394603570308356 -0.095506128820535191 0.25391457007114709 -0.037708454310176866 0.24749260623666294 -0.013090926277987113 0.2207344235929784 0.011526601754202569 -0.0083156198369604677 -0.0055986351377554705 0.15651478524813567 0.042566093620876516 0.066607291565355956 0.076816567404792591 -0.33262479347841578 -0.012020598972239767 -0.092871476991003288 0.1067857319657191 -0.23629533596115188 0.11748900502319297
-0.67926324575819119 -0.014026084720670573 0.21840617636472831 -0.096178866656027054 0.23643971386273316 -0.076141602769354805 -0.04909129652234713 -0.093173277073026264 0.24746020900040305 -0.046085706939346265 0.24445461941740221 -0.018033537498005091 0.21740431317039446 0.0090167687490025385 0.010018631943336104 -0.0020037263886672307 0.15128134234437599 0.042078254162011851 0.061113654854350524 0.075139739575021153 -0.3416353492677629 -0.0040074527773344614 -0.081150918741022857 0.10820122498803054 -0.23543785066839962 0.11521426734836582
-0.6727892327518995 -0.022988865986912545 0.22970620855176718 -0.091773012630292958 0.24037961061711921 -0.073984009188039421 -0.041872577333304718 -0.094144879755926836 0.24749521199402066 -0.045521603680433585 0.2380077434914854 -0.013501397484377153 0.21784687292359811 0.010217273771960961 -0.0027367697603467756 -0.0075717296702926826 0.15855019478275267 0.039865612842383713 0.057745841943315619 0.076629553289707775 -0.33124036666063 -0.0040139289818418595 -0.085752119157530171 0.10864975948576444 -0.25534061864034791 0.11813722798829965
-0.6768249632580482 0.066914104692966908 0.20554476178413747 -0.1266245378280785 0.22739589884296529 -0.10581393110538549 -0.06915524695541074 -0.083962794046557779 0.24092279321271592 -0.075638551357480488 0.24092279321271592 -0.048584762617979518 0.2117879438009454 -0.018409382870074643 0.00056028556561093905 -0.00072036715578548572 0.15768036632194357 0.021130769903042197 0.075478469767305989 0.065873574356832318 -0.3355310130058819 0.035698194608927279 -0.068114716619276053 0.12206221250810351 -0.21066737266972357 0.14807547091146991
-0.67496959525143729 -0.038043332340811031 0.22556400986323397 -0.087694374352538906 0.2372466079836405 -0.070170477171929077 -0.034373798315811617 -0.096456322942843814 0.24990275594741426 -0.038043332340811031 0.24600855657394555 -0.010783936726529109 0.21582851142956194 0.014528359201018352 0.0045681954188769823 -7.4888449489774915e-05 0.15060067192395873 0.047629053875503626 0.057139886960706349 0.078782648863254409 -0.33714779960301461 -0.020519435160201258 -0.097654538134680419 0.10798914416427075 -0.24271346479639505 0.11285689338110681
-0.66652148219573526 -0.064348710309144255 0.22755671314418408 -0.087792953810310187 0.24567271948599415 -0.063283062877273075 -0.047380324278580202 -0.096318133265279687 0.25419789894096367 -0.033444934784880052 0.24567271948599426 -0.0068037489881005711 0.2115720016661165 0.021968731672421263 0.0027051050193653333 -0.0014755118287446743 0.15296139291320154 0.055003802060427792 0.05279053431731074 0.086973225016563196 -0.34043336804315449 -0.020657165602425934 -0.091071868985298468 0.10615487879024439 -0.24772204147036184 0.10402358392650207
-0.6763328339875585 -0.015804654473588649 0.22156909829319404 -0.092852345032333056 0.24033712548058062 -0.070133154226549463 -0.051061191376209299 -0.095815717746130916 0.24626387090817622 -0.046426172516166514 0.24725166181277553 -0.018768027187386457 0.2166301437701976 0.0049389545229964167 -0.012537346096837113 -0.0059267454275956904 0.15933827130343892 0.037536054374772983 0.06451034446190726 0.074084317844946568 -0.33949613551920138 7.0186765171292188e-18 -0.085633873037184616 0.10668141769672305 -0.23083913601327979 0.12248607217031171
-0.67110025255408112 -0.026689768944523469 0.22138142625939036 -0.091561785245943245 0.23907379434159587 -0.067971961136336023 -0.054816097690593549 -0.095493422597544439 0.24693706904479826 -0.043399227688828611 0.24595415970689807 -0.015877766227620237 0.21646687956988897 0.011643695233588137 -0.010585177485080106 -0.00309994483491632 0.15945813797167163 0.043096794046397796 0.074927934912245864 0.073566983521307097 -0.34477435237118181 -0.0050657635107168898 -0.080371740476001319 0.10796881034781754 -0.24255178122955076 0.11288335703731903
-0.67172256295890964 -0.087656487552951565 0.2171384404738898 -0.082812558378930923 0.24256906863749836 -0.053748983334806627 -0.048066681803743877 -0.10339925736851885 0.24983496239852943 -0.024685408290682439 0.24378005093100355 0.0055891490469470329 0.21471647588687945 0.027386830330040066 -0.0081042661180730693 -0.0028877270075893377 0.16143325497265162 0.056450405374164361 0.060921724611721968 0.085513980418288588 -0.33628046765797581 -0.030740319758208318 -0.081974186021888773 0.10852264399488704 -0.24424581335158249 0.10246773252736109
-0.67345267039939471 -0.089866497891822383 0.22302805336173637 -0.077697076302304768 0.24026806728021999 -0.050315877725890128 -0.027459207689167941 -0.09797944561816746 0.24939513347235798 -0.02394879761526866 0.24229630421180615 0.0064747563585254003 0.21592922410118454 0.028785362605974332 0.011077294010971231 0.0044465194269391016 0.14899740535883774 0.058194798113975287 0.051642032642696699 0.081519522827217389 -0.34285005055083262 -0.03916057460216564 -0.093376907965721512 0.099773655211493811 -0.24549467783469167 0.099773655211493811
-0.67150743761783727 -0.025675729906660002 0.2205537625020462 -0.096568010710889038 0.23926144771427343 -0.075891095476322307 -0.057107670647851293 -0.092629550666209745 0.25107682784831176 -0.047337260152396574 0.24615375279246227 -0.019768039839640851 0.20972299737917785 0.0097704104954546411 0.015753840178717553 -7.5739616243907751e-05 0.1555691717648362 0.042262705864059662 0.062030745703700631 0.079678076288513811 -0.3416614088759376 -0.0030295846497535115 -0.089599966016456201 0.10921652662360934 -0.24024606272544322 0.12004729174647776
-0.68760258777876282 0.02791339972271812 0.20931287878329347 -0.10902025929438966 0.23180912276467547 -0.089458308006231391 -0.034233414754276999 -0.087502112877415619 0.24061200084434681 -0.061093478638401942 0.23865580571553097 -0.031750551706164552 0.20833478121888543 -0.005341917467150922 0.010759073208487029 -0.00045142964511135679 0.15160512248322661 0.030847692415941916 0.07237921976618554 0.06899349742785052 -0.34526844023599329 0.01519813138541528 -0.076291610023817194 0.11105169269739072 -0.22007195199178031 0.13061364398554901
-0.67946628119935282 0.0076029795893921759 0.21736518489251377 -0.10059942467227162 0.23609252409164799 -0.079791270006567064 -0.063544903094497646 -0.093316570539275029 0.24649660142450006 -0.052740668941151134 0.24337537822464447 -0.02569006787573529 0.21112273849280253 -0.00072028227688981873 -0.010484108696951081 -0.0059223209433159592 0.15910235182854102 0.035693988388093123 0.075869733165722764 0.072108259053076204 -0.34133376788165376 0.0086433873226771964 -0.067706534027638876 0.10852252971805916 -0.22688891722027871 0.12620946118390811
-0.67678036916604567 -0.041061430848644137 0.21828549935073857 -0.091581655589208111 0.24020937046456831 -0.066798149112705041 -0.060052342616142118 -0.093488079164323737 0.25260112370281995 -0.038201795485970705 0.24878827655258851 -0.013418289009467626 0.21542586398806535 0.014224852829708831 0.0066724825129047365 -7.3323983658275942e-05 0.15442030958436545 0.0466340536066744 0.060052342616142056 0.078090042596082224 -0.33648376100790722 -0.013418289009467654 -0.089601908030434163 0.10477997264770088 -0.23353688795166352 0.11431209052327887
-0.67162320534927911 -0.031158163647295744 0.22612138473842697 -0.091527105713931023 0.24170046656207456 -0.070105868206415206 -0.049433625017343968 -0.092500798327908945 0.25241108531583267 -0.044789860242987534 0.25241108531583267 -0.01557908182364781 0.21735815121262494 0.010710618753757865 -0.0046437647743565874 -0.0019473852279559918 0.14335751255029763 0.044789860242987561 0.055725177292278646 0.074974331276305109 -0.33277817568493889 -0.011684311367735825 -0.081565481278617666 0.1100272653795128 -0.24904061088283186 0.11879049890531465
-0.67301321640077227 -0.053711779676165042 0.22031063784077445 -0.087724110072819619 0.23931752835655182 -0.06171468094596607 -0.049787280015012522 -0.09872809931879617 0.2463200669676279 -0.034704889160387394 0.24331897899145249 -0.0066947347160835977 0.21931027518204921 0.01731396909331967 -0.002770235054931236 -0.004694009398633325 0.1642903289521665 0.047324848855073827 0.062253337762202599 0.083337904569178806 -0.33989245104530208 -0.020699811938235432 -0.092802874340193492 0.10934733369603235 -0.23685509719661307 0.11134805901348259
-0.67671535381391712 -0.051276389949433121 0.22616286690953158 -0.082012669803848387 0.24249151558218979 -0.055118424931235026 -0.050463651780205968 -0.09257826600380363 0.25209660303669434 -0.032066215040423625 0.24537304181854111 -0.0080534964041616957 0.21367625321867526 0.01595922223210024 -0.0062802494894840339 -0.0013299351860083552 0.15220369350984472 0.044774484595614637 0.06575790641930182 0.08031330817728223 -0.34341881914260158 -0.021500618840468323 -0.085041966616423117 0.10336551806809369 -0.23584183965214817 0.099523483086291775
-0.6772272340350981 -0.014527841525174161 0.21053058481396508 -0.099889170260661006 0.24040704987138548 -0.072146738421627776 -0.045553401392495453 -0.091353037387112312 0.24680914952654709 -0.04867237301936899 0.23934003326219189 -0.018795907961948532 0.21586566785993311 0.0025444242219231448 0.0013953294120223039 -0.0017236422148511664 0.15611273774509235 0.036688955716117806 0.075019475446379755 0.074034537037893353 -0.34538506857589296 -0.0049246920424319829 -0.085033015932658065 0.11351415157805601 -0.23228130800137298 0.12525133427918539
-0.67947812104081395 -0.046113456453270779 0.22449201736854224 -0.086078452046105425 0.2387652300802687 -0.064192859221457926 -0.037183549013113715 -0.092739284644911268 0.24828070522141979 -0.037549528826234774 0.24352296765084447 -0.0090031034027814646 0.2149765422273909 0.014785584450096294 0.0027814465797210311 -0.0013907232898605459 0.15502904883813889 0.043332009873549661 0.057971202398397551 0.078539267895808784 -0.34072720601583428 -0.013760840973356968 -0.094276399860020371 0.10518259829103198 -0.23415388443494167 0.10898878834749239
-0.66064430469985858 -0.078686530959369033 0.22765617695040755 -0.079790009818561922 0.24310488097910785 -0.055513474916318563 -0.046006580129426176 -0.10075610814322658 0.25524314843022949 -0.020202151422146507 0.24862227527507222 0.002970904620903846 0.21772486721767167 0.028350918382340079 -0.012902214353639739 -0.0036499685342533846 0.1581370088212562 0.058144847580547693 0.061030869212282859 0.083524861341983933 -0.33622152009715278 -0.031236940014075339 -0.096766607652298581 0.10228400194826281 -0.25897799995365139 0.094559649933912679
-0.67076679218005164 -0.069601513451945499 0.22041727941401904 -0.086159031721999249 0.24184465599879462 -0.059861796822502158 -0.034763296277398034 -0.095898748351442645 0.25061040096529369 -0.026746760282394613 0.24379259932468317 -0.00044952538289733059 0.21262550611046432 0.026821681179544053 0.0041955702403755398 -0.0014234970458418363 0.15808309298558129 0.055066859404929849 0.05971195502820293 0.086233952619148707 -0.34546025675664233 -0.033564561923005061 -0.10196734102055739 0.1057133858780355 -0.23832337383276489 0.099869555900369597
-0.67789846550104749 -0.057838755391788746 0.22703869653791725 -0.084364534662378518 0.24642291985104081 -0.057838755391788746 -0.033117984769789555 -0.098647646577311496 0.25356447580850705 -0.031312976121199022 0.24336225301212661 -0.0027467522913332564 0.21173536234334639 0.022758804699618378 -0.0086326500584759502 -0.0037669745709712939 0.15154224784470052 0.051325028529484208 0.052580686719808027 0.080911474638988193 -0.33408355726301903 -0.024171420163732634 -0.095351543827711563 0.10335636479102563 -0.23716244069740289 0.10233614251138759
-0.66660922641015252 -0.059702157479750877 0.22386363091494629 -0.084999681835577628 0.24207784845114128 -0.059702157479750877 -0.036194919462951863 -0.10017819644907362 0.25523256111617143 -0.030357029226991992 0.25017305624500608 0.0020238019484661407 0.21576842312108166 0.024285623381593607 -0.00077838536479475737 -0.003035702922699164 0.15100676077016534 0.049583147737420293 0.051840465295324822 0.078928275990179222 -0.34482471660403724 -0.02327372240736051 -0.09286137402000369 0.10220199839753973 -0.24869412405189595 0.10422580034600587
-0.67353097585815513 -0.026532355147631879 0.21954960166071558 -0.096884435652400611 0.23909184624537336 -0.07245662992157817 -0.043293588002934612 -0.091021762277003274 0.24690874407923666 -0.045097487503056977 0.24495451962077097 -0.016761232855302826 0.21466404051455085 0.010597909563218341 -0.010071772209016016 -0.0069901105629737448 0.16092286790674146 0.046751062044835666 0.062234532754218516 0.081927102297220084 -0.34326704237743488 -0.0099214472506725833 -0.078469628255318974 0.10928624471574119 -0.23969314607874759 0.11710314254960431
-0.6716230638952273 -0.089277435947845069 0.23107101068854036 -0.074106106963244045 0.24624233967314149 -0.049181780774256459 -0.033343580185936583 -0.099030433152231631 0.25057700509731323 -0.026424787297354767 0.24624233967314138 0.0017505379597616594 0.21373234899185337 0.029925863216878061 -0.0062519212848630018 -0.0058351265325389083 0.14979603398532013 0.060268521186080393 0.047931396517283786 0.085192847375067909 -0.32810082902961579 -0.036177784501741146 -0.095112562480384064 0.1046988417838408 -0.25116051775056708 0.098196843647583201
-0.66247674163859549 -0.086748957405354446 0.23345919225245915 -0.079201963979076001 0.24963132102305605 -0.052248416028081543 -0.031763719585325763 -0.10076480233987148 0.25610017253129469 -0.023138584241007499 0.24639689526893671 0.0059712475460664063 0.21081821197362419 0.029690369742941505 0.0081275313821459905 0.0005805379558675817 0.14505155497319761 0.056643917693935918 0.04262807275941892 0.083597465644930341 -0.33579974047254302 -0.033920003421405304 -0.10399922809399079 0.10192587825160662 -0.25817352237367908 0.097613310579447457
-0.67363854233143505 -0.049247090834057684 0.21865059274758719 -0.091435702421718348 0.23974489854141751 -0.069286681338196474 -0.034481076778376508 -0.095654563580484353 0.24818262085894988 -0.041864083806217076 0.24396375970018358 -0.014441486274237674 0.21443173158882126 0.01509054183712475 0.0034886736505180811 0.0013792430711350575 0.15431296007640488 0.048841431107253246 0.061498014583551523 0.080482889797998766 -0.3361296496301498 -0.01549620156392913 -0.094599848290792835 0.11317906377843577 -0.24542413471667962 0.11845264022689322
-0.66291258235845307 -0.056082437505779917 0.22507311075589143 -0.088294735925889156 0.24654797636929784 -0.063598640470472076 -0.040141479569674635 -0.099032168732592227 0.25513792261466006 -0.032460085331033145 0.25299043605331945 -0.0045427600336051437 0.21755690779119952 0.024448308544493143 -0.0014867214655434292 -0.00024778691092392776 0.1466898512669591 0.056660606964602407 0.050052956006631226 0.08135670242001948 -0.34508457128004194 -0.024943882366341052 -0.10027110328721182 0.10283156803342561 -0.24415270289703317 0.10390531131409589
-0.67172866223176642 -0.037804807370279782 0.22390955407725527 -0.089038349404906084 0.24478247860988098 -0.063421578387592922 -0.06736262008256419 -0.086192041514093515 0.2542701715792563 -0.040651115261092358 0.25047509439150611 -0.016931882837654327 0.21631939970175518 0.010582426773533918 -0.0056926157816251793 0.00014596450722111645 0.16034201118244137 0.041891813572472208 0.05787492711318893 0.076996277559160567 -0.33776186970975824 -0.007444189868279002 -0.089184313912127305 0.1026130485764737 -0.2362435549374434 0.10925443365503636
-0.67407458165122225 -0.036327884504409089 0.21822373915236778 -0.095221796089203906 0.24489268024736896 -0.064108031478368882 -0.040687230644938191 -0.10411144312087106 0.25267112140007786 -0.030771855109617118 0.24489268024736896 -0.0041029140146156152 0.21600132739445085 0.018121203564552251 0.0026497986344392798 -0.007436531651490795 0.14932897465694739 0.05034617405434566 0.060432504340275889 0.073681497512471883 -0.33849040620578735 -0.015214972804199518 -0.094025112834940763 0.1036840562443485 -0.2418154947364072 0.11146249739705726
-0.67787239213670814 -0.023361832469296795 0.22732276594312559 -0.091399377030852977 0.23915538238861384 -0.068720195510334203 -0.043841360932641502 -0.091399377030852977 0.24802984472272985 -0.041110757137528889 0.24112748512952828 -0.01843157561701023 0.21450409812718035 0.0072057600148805389 -0.0014411520029761176 -0.0026547536896928403 0.15632706727019755 0.039745455239972624 0.062652187076750659 0.077215407317351381 -0.34261492618121397 -0.0065989591715221244 -0.090185775344136312 0.10581089706061404 -0.23316322406044984 0.11369930802427268
-0.67847743869421828 -0.045498431442683868 0.21707958086335255 -0.088657805879193252 0.23865926808160748 -0.06119274941959639 -0.047762034997046308 -0.093562280246978477 0.25141090143784889 -0.031765903212885478 0.24650642707006354 -0.0072435313739596073 0.2180604757369097 0.018259735338523188 -0.0065644503076509398 -0.005281741626845542 0.15332141408214553 0.053571950786576374 0.063079085714898495 0.08299879699328741 -0.34595407655838417 -0.022937849350872171 -0.076207986330200123 0.099674009843756906 -0.23315116609932549 0.10163579959087102
