C:/Users/vmc04/Documents/GitHub/wingproj/Metric disparity/Field 13/FieldRPV13 coord_Aug10_Format - {partial warps scores - U1 y U2 en las dos ultimas columnas} - 1 47 26 0	from C:/Users/vmc04/Desktop/Wing saga/Wing field landmark repeat/13 landmarks field repeat/RPV field collected/coord_Aug10.txt - TPS like internal (simplified) format - can be converted to other format by using TET	
-0.00018930237369259219 -0.00078526265836535443 -0.00052355927645477177 0.0020705487296951192 -0.0029126493716693314 -0.00041967614725928545 -0.0028514041604916843 -0.0023037735464880734 0.0051905541971040362 -0.0046268998864148984 -0.0010279936210835813 0.0024367375027260652 0.0031845480597568129 -0.0019777239122483374 0.0035756531388761443 -0.0020410904728808735 0.0015796957383738123 -0.00075131962636278615 0.0017897615967637577 0.0022144880026131997 0.0028535107749832326 0.0077817527111716913
-0.0006388958601910653 -0.0011494267102489446 -0.0022882653193801294 -0.0030952745339943742 -0.00045297428103879399 -0.0018897141218793964 0.0026965784721606142 -0.0012026642963219201 -0.0094873776713500068 -0.0034520835727793386 -0.013057186455667256 0.0039592109793122124 -0.0099735800600240631 -0.0011493084575637828 0.0088714789162624881 0.0014188867260540531 0.0041929152137986101 0.0059875679490833458 0.0052130243678943158 0.0039512905662118184 -0.011978266078960348 0.01331973077305035
0.000100626706713894 -0.00098981553120826792 -0.0017690264603426307 -0.0021376391638673422 -0.00041580118014902193 -0.0010022763906990212 -0.0019679357736496999 0.0022277078530293878 -0.0035107624058121172 0.0007239347080850566 0.0061433670090075849 0.0024876222513946266 0.00058668143303257456 0.00024766591794639315 -0.002947167881627695 -0.0044226135690480306 -0.0030900614722543418 0.00088340817151895672 -4.767441839979283e-05 0.0031649144243665185 0.011128349617773843 0.0027039953650153754
-0.002247078880654329 0.00077711709158025544 0.0014049044562351426 -0.0018367590546759579 -0.0021017089612164674 -0.00071560520482564908 0.0056881440033979287 0.0021519673015561111 -0.016860401573154493 -0.0036200785086298974 0.0045283522009624917 -0.0022913644278269815 0.00014354127895210215 -0.00081190146909818474 -0.0027424672495388346 -0.00069908859166760819 0.0007316744397511259 0.0043779615193047898 -0.013619397684654597 -0.00041015216928092402 0.0043604679567337554 -0.0040274460006602146
-0.0036637873311959105 0.00013512709015444239 0.00054931798122021024 -0.004855763504416381 0.00030801454913472376 -0.000221869127979504 -0.00082125467626570738 0.00046944305027829178 0.0023209976536944649 0.00060834151420115896 -0.0015101936333831918 -0.003929370720561624 -0.0024126952588446504 0.0015772630614012389 0.00037974005900359307 0.0079558062194952754 0.0015106745252561823 -0.004512102718810123 0.0023568486500417153 0.0015838491180790056 -0.0062212973115925588 0.003914290836572811
0.0012703292625058534 0.0015712276526224694 0.0015292616236945965 -0.001432262413619012 -0.0011214762164621327 0.00033943695044389224 -0.004645278817643185 -1.5772490129610072e-05 0.0056685387282960431 -0.0026524960999812128 -0.0024274400271982006 -0.0029156517001446775 -0.0043298296891957199 -0.0036443862170716991 -0.0038393876171211525 -0.0030774472044345969 -0.0095818466825514838 -0.0036502413921847363 0.0046086994144375042 0.0016606342785691159 0.0066744141633731614 -0.0066612584607474599
-0.00024012685747588396 -0.0037316765634377064 -0.0028858142679385589 0.00028653812733963588 -0.00082005610810274691 -0.0024053989309342039 -0.004561000307175142 -0.00084514545932976221 -0.0038038787519119881 -0.0014906293134633007 0.0059393964294037717 0.0020806746552933745 -0.0049316987616116045 -0.0015435051384600643 -0.0075355317781965574 -0.0024443136307254294 0.010513872143711037 0.0017347894025382814 -0.0085976600415670276 -0.0048503645120963569 -0.0025708599917243662 -0.010755995754201074
0.00092466079413498347 -0.0037617504584306926 0.0019596279969418774 0.00033051273402408255 0.0015878115806377661 0.0015850572037695867 0.0045731716343815959 0.00010539192653550665 0.0018274900903923899 -0.0016677654250709 -0.0063270166451757223 -0.0021570363757938103 -0.0052991588911382656 0.00045371238546218121 0.0092948347156208665 0.0040056502479674698 -0.0035624607700166511 -0.0044345338752994354 -0.021010431427934184 0.00087221712909813886 -0.0055888317531244056 0.0092924225826413534
0.00069227014217890313 -0.0013579853339207193 0.0011703176860650565 -0.0021269286945644478 0.0031828962473899477 0.00041320105999788576 -0.0032849898827395033 -0.0016523108150816625 0.0036927907841309737 0.0049155932171939826 -0.00053521661947014123 -0.0025549033291190743 -0.00046144762341820663 0.0041777866539014392 -0.0047220389301052303 -0.0026744242374284379 0.0045481387302571258 -0.0020011828584889715 0.023385944040629381 0.0013075150040592523 0.0025848978792107798 0.007325772376075592
0.00033168774556881491 0.0011349337849918067 -0.00029194760543498852 -0.0022794164892362689 -0.00066520893307891115 -0.00080996945709991761 0.0030930477169449941 0.0015300364374168686 -0.0060121721104136969 -0.000342760899017092 0.0016543759969789248 -0.0006787768905461072 0.0054272782756706146 0.0023807228097698927 0.0068827689194953237 0.0010728799307125724 -0.004597641130935806 -0.0039472819390725875 0.0059025329507182821 0.0065754362597465867 0.00079665289545263599 0.0057442098648973977
0.002660643936869018 1.1870210373865646e-05 -0.0041370178457490418 -0.00084278888992870237 0.002569303766497083 -0.0052394651429975656 -0.0053026476738304807 -0.0014516038966919831 -0.0022014732340633223 -0.00084983921484336014 0.0025380912484565133 0.0039679614300704158 0.0043250449480714192 7.0713104198984644e-05 -0.0036045690381795695 -0.0011665191789827108 -0.00477825128873026 0.0031343481602833637 0.01414062607916302 -0.0066886940733444072 0.006511187964409461 -0.0020186792933715608
-0.0011639414475552961 -0.0012515247691078594 -0.0012640516901503661 -0.0017863305400243818 -0.0034015936287969586 -0.0017693571405670502 -0.00045195309591674937 -0.00016360507008525364 0.0081108839243905478 0.0011872682038642644 0.0040233334401602368 -0.001074261040999881 -0.0017528892565778617 -0.00054058893628233491 -0.0040434399233055269 0.0050291167639606804 -0.0088448864690336033 -0.00081396864148593749 0.012555101406386247 -0.00026268700086406381 0.0018241514244186096 -0.00096964280122520256
0.0022065780665914752 0.00055503117126828546 0.0017773692086919372 0.0010491956814659698 0.0018603014705995428 0.0050079943769201496 0.0065795216941042711 0.0010417440851808566 0.0069286132102504231 0.0025765700895465132 0.0070118716668323179 -0.0011920745669078523 0.0048899972514833898 0.0017302342421098469 0.0017827354093711933 0.001613281849682379 -0.00010851865770169621 0.0066663332007752419 0.016390431462877341 0.0021405230128605621 0.0047131292739257223 0.0071894621222545283
-6.5694803813770914e-05 0.00047231999269709907 0.0052635418551148739 0.0012073145628138187 -0.0024488055288908244 0.0012140781243300239 -0.00093264895914223005 0.00092367275162753251 -0.00064257034408792067 0.0021264414786814098 0.0042974788791513025 -0.002237397148660827 0.0025883778808717534 0.00086833555669074854 0.0044938033301074772 -0.0026983975061731446 0.00017360855982755477 0.0065301742097293308 0.0030303671918991428 -0.00077591843492520556 -0.0031228098418674844 -0.0087487950666008552
0.00036387894568056916 -0.0017184929423498031 -0.0021588588031310088 0.0015683463604366091 0.0016564245256786992 0.00057326486932641281 -0.0012503405036990332 -8.5608408662928839e-05 0.005111274346467045 0.0021320088059539931 0.001600530174434412 -9.7086838286860634e-05 -0.0059476957567294268 -0.0018573003897017475 0.00027844261755292899 -0.0015095333897131261 -0.0052771423835026691 0.0004160643387577539 -0.0096348866334993507 -0.00054795243948016861 -0.0072689883990014912 0.01529832700256596
0.0011433541747943572 0.0011015545147402303 -0.0019245066475330392 0.002554121827783425 0.0082135672095307397 0.0014707824549744408 -0.0058443619468738321 0.0017731189044189715 -0.0076482413884166964 -0.00081801570837663714 -0.004582724630001281 -0.0061742857573969089 -0.0053218669453453018 -0.005963231302932236 0.0018422665563000531 -0.001375016013730258 -0.0075717816133130424 -0.0025536881056390367 -0.0043969476342560817 -0.0011914921947066661 0.00066268090380754044 -0.0053486728921749733
0.00084517077353568409 0.0012462093903032147 -0.00054411566166369927 0.0031520322486342546 0.0050311930338192371 0.0019614050343193553 0.0014978915550014327 0.0025603486166445736 0.00221288507173957 0.00085459411419709272 -0.0032596698438099132 -0.0025266926294210471 0.0064544312507343778 0.0032690976161099767 -0.0089812612253345296 -0.0012927215064115903 0.0043823418396740418 -0.0024558997004912658 -0.010663445423909223 -0.003704820633723821 -0.0032208936802769418 -0.0054446715275316832
0.00069502493870911123 0.0020730699900392098 0.0039514279255666151 0.0043019978564274933 0.0017307245369889855 0.0044759697016857058 0.010805225558646166 0.0018101528728778132 -0.0018358704863196405 -0.00187672001749393 0.007265565947668173 0.0026693084025521119 0.0074926550549207719 0.00083805422227033839 -0.0077007888763709767 -0.0065674735405927571 -0.0051867435288278632 0.008359669947327503 -0.0090818580778185068 -0.010226400889656951 0.0078674173800906532 0.0044266549452910697
-0.00034265330219770181 0.0006010706558238143 -0.0012767827295497025 -0.00064029166253857996 -0.0079088406130493685 0.00025786731779548324 0.0039403695128256335 -0.0045672618098864552 0.001981939131551964 -0.0049145334799644393 0.00023981089781470238 0.004576930924492878 -0.0042059632642968475 -0.00044659174473475399 0.00012662040931246492 0.0010269450284799335 0.0051333454052457286 0.0018059782763531422 -0.0042471539198811782 -0.0063177232671012872 -0.0063193213458194886 0.013133553177499337
0.00098580480591125576 -0.00026244899952210959 0.00047774198940511779 0.0034473392694440732 0.0045010042469772749 0.000872854987584492 0.0021772028613240538 0.004047496448573655 -0.0032965249175459558 0.0010182611484825846 0.00058484838646935978 -0.0014138480743113285 0.00072587428378808553 -0.00041349284413544005 0.0033582754349367003 0.0025312137836614665 0.014643454211734103 0.0039455684652533437 0.0070736180151520856 -0.0035819292707278444 0.0079008562646589349 0.0041255563302283627
0.00059183192049898738 0.0012834166460322512 -0.0011875498735000253 0.00019388336548961763 0.0015114055275696225 -0.001575691958510818 -0.002636720931486195 -0.00063531790532462737 -0.000345104373563254 0.0011320973280825773 0.0015037321292456214 0.0024905649129360989 0.0036090566087645186 0.0016902689449581911 0.0018648166284109264 0.003526977646562702 -0.0052294006844407779 -0.0020800230412158409 -0.0037540688663026296 0.0063274239118750993 -0.005675204197742879 0.0065597163005180256
0.00236376191295808 0.002416508019231072 0.0027423914065108435 0.00047290230313756332 -0.0025128031848097917 0.0024311246678066969 -0.0038911170498216021 -0.0011742162858423811 0.0044326951610469565 0.00067876390842372609 -0.0012844342896621876 0.0045266589199121163 0.0047612336595367994 0.00088836987412114826 -0.0023770992744873974 -0.0043873615279048338 0.00072726506051027599 0.0014569039310505681 0.013807213225647819 0.0027858189122653629 0.012550645668707503 0.0023414410185476939
0.0018565013643430158 0.002429203338582691 -0.00099242259057002861 0.00041900144662115538 0.00084479739894853154 0.00045347188213954636 -0.0014757338296953681 -0.00083161255013262697 0.0055196751008203303 0.00099133171530590178 -0.0066480717997520061 0.0010877931799809604 -0.0061398636761042184 0.0011527942383146598 0.0083045765224098178 0.0063143354298504442 0.0055208236509820445 -0.004408373121613937 -0.006132168862246175 0.0064665441961337137 -0.0011914853603270633 0.0037489306127678232
0.001435220551755383 0.0011722953410137345 0.0019217584116903831 0.0015571192202110083 0.0025694773112718981 0.0022930435856157554 -0.00078657389664519867 0.0016700105266267548 -0.0019987590066342532 -1.0795744525324389e-05 0.00026830154079398759 0.0019003687270086646 -0.0047469306411641165 -0.0033152949705473438 0.0036388748911351668 -0.00061941032556119924 -0.0083203307458905879 -0.0020206481272976619 0.0034263394888530501 0.00015051442820388091 0.0029331566847918384 -0.0076971033000928311
0.00023589355558536267 -0.0010444025438316764 -0.00026598614125723807 0.0014025669555118162 0.0012834645753314791 -0.00014398720231972037 0.0019720419951956975 -0.00065705663778637779 -0.0044191068336437433 0.00020330453202695441 -0.00026192706823235413 0.00092675138090847042 0.0074845573056929598 -0.0016800105080776305 -0.011065792396217312 0.00094434651930551503 0.008437225054396133 0.0048971156333079899 0.0066370065328909657 -0.0019858096674731725 0.0052908129909029888 0.0034683890504241654
-0.0040160410499890734 -0.0018806258337825698 -0.0011846894186061038 -0.0037468451238111939 0.0029494862097867408 -0.00064502180974189427 -0.0020319582902101566 -0.00020938342707888923 0.0074618871159081394 0.0014165187345240465 -0.00059015361626667186 -0.0030443029979195109 0.0091548193791794932 0.0062027150115025499 -0.0012721041729062195 0.0065909320855212531 -0.0012345658273716451 -0.0017288511273942614 0.012065604882725178 -0.0013583361426042502 -0.0072760534990644896 -0.0018071255435508347
-0.00082951382776170492 -0.00082643357852197317 -0.0016535685499966158 0.0011775896841020128 -0.00099779969998121118 -0.002610020653017952 0.0020185666151573771 -0.0014696506193318899 -0.0016911730868506194 0.00098700470951815439 0.00447913895837968 0.0017762388255015105 -0.0030492459089761412 -0.0036164289786843433 -0.0059150985885122534 -0.0034365158871301612 0.0074767717950142386 0.0023859198730711547 -0.0037853099581747138 -0.0029751496650918712 0.0052740124863589026 -0.0090047873125172345
-0.00068765488693922291 -0.00044105815015927291 -0.00063634284584492267 -0.0017492029556166132 0.00081164828825028648 0.0011490781498395693 0.0004253680999096806 -0.00064577657210782447 0.0055028671315722096 0.0029221718969355752 0.0032356970509011661 0.00032090010916109384 0.00027464734219614321 -0.0028006850296487806 -0.0020551238498957873 -0.0030387603562091626 0.007272242466888906 0.00095774178314224844 -0.00030452917872723689 0.0018173136603577499 0.0010275282683770912 -0.0043973128305207082
0.0013937866621106772 -7.8410695341578319e-05 0.0007486020804362679 -0.00025670129519001606 -0.0046532478690574164 -0.0014285322891840525 0.0068861724636834609 -0.0029216170138713468 0.0035528432659695025 -0.0066213161574736733 -0.008306077372471958 0.0035000777284776518 -0.0016211511934233168 0.0012505611383829165 -0.0090750474700954965 0.00052365563474923282 -0.0010098840919054734 -0.00035658531066642138 -0.0061628023148145965 0.0054952123436269804 0.0055276342467054851 0.017217978511350589
-0.0023713698871684749 0.0014086485412199534 0.0018220003778651787 -0.001033215374447338 0.0012581258916845904 -0.0050582343913309988 9.6125300520419278e-05 0.00027558410604810139 -0.0022940705655367698 -0.00014766769670816683 0.0055511161422957958 0.0014820848600988637 -0.00091933169727205001 0.00050315146354567067 -0.0035117208739084424 -0.00080313936227672925 -0.0049680135862554481 -0.0023492006374335292 9.1093470254783454e-05 0.0054927497356585539 0.0070018550994441885 0.0025860389353377904
-0.0020920561847381572 0.00017595055099852279 0.0019693200792798072 0.00077673309464013443 0.00065394863267106539 0.0018421109357338161 -0.00080669909714438956 0.0022380427075597044 -0.0021764918025293082 0.00040880630196141269 -0.0061493211100954338 -0.0017810331729165249 0.0025150759842632285 0.00038318065506504203 0.0032150231241835944 0.00058399520088802358 -0.0016498008321029949 -0.0031259378927293883 0.01054837352381374 -0.0057195979270037436 -0.0081804964245232419 -0.0042085049544813508
0.00015498433564415404 -0.0025783912440253899 -4.7340022501376268e-05 0.0019576612559554277 0.00077591156880203586 0.00046304893602373354 0.0055036953543213286 0.0015750469426759881 0.0043182903381083562 0.0028896103497014873 0.0046896601189277357 0.0011394107063347324 0.0049090982671641508 -0.0072603347689016553 0.020239883451785338 0.012995072908039813 0.00053050574962154595 -0.0078075781028217883 -0.035807893730480364 -0.017027910748078821 -0.069292721343671537 -0.01162535424757458
0.00042550318221095643 3.5020439165911089e-05 -0.0008672022052640645 -0.0022714680829186923 -0.0041545870525731762 -0.00067993283638253935 0.0030368899576045838 -0.00078075406586911565 0.0031618246854978119 0.00040961558872925475 -0.003931512936513018 0.00066441407043217799 -0.010576979793590071 -0.0017924902666243108 0.0027526091902625059 -0.0022116912068135572 -0.0033699079631302957 0.00017756425319339757 0.0012116876594557638 -0.0021394457986063935 -0.0010826121664989556 -0.0011178946937510862
-0.00074959873094289147 0.00077936373367046318 0.0035082757226695383 0.0011559752960155103 0.00036492203836737514 0.002876561633758989 -0.0056068813317227692 -0.00039957369069502393 0.00323849660829853 0.00086793070199436525 0.00091200001047743906 -0.0023198220876835098 0.003600733097277875 0.0039246585178611647 -0.0093900070912495155 -0.00358238793992332 -0.016958581208896858 -0.0060422232149016791 0.018670667839918508 -0.001005999072795192 0.010392030026893007 0.00072075646959877319
-0.0019019479006677749 -0.0010093064625644322 -0.0011221659319816165 0.0026177466635916228 0.0025178961278250014 0.0017739711573586483 -0.0036005087837430575 0.0013868247676755974 0.0016353277382846402 0.0022526164231485239 -0.004338564151081338 -0.0017987913876808986 0.0021300553375426163 -0.00056890315401392265 -0.0022382518189685168 -0.0019713668401500051 0.0051582827395841571 -0.0024596314402028224 -0.0019977166119776223 0.0024515926972878931 0.020982923196395265 0.0044769141439480013
-0.00055082151996458512 -0.00051658107416138537 0.001170989381494315 -7.5092011300022338e-05 0.0025390034107097776 -6.8405222684929774e-05 0.0010731409287353174 0.0020797615266428906 0.00020436762981848253 -7.1172605617255186e-05 -0.00093324405130650653 -0.00080449140574642372 -0.0074799876279406808 -0.00091721140160131039 0.0099072606988261386 0.00066590950228695455 -0.00039792316733164258 -0.0022599815259611161 -0.0052043554344581213 -0.00066311782106618202 -0.0049885334857807367 0.001896672471542758
-0.00051460613134111878 2.0881305954873543e-05 -0.0018552662106951288 0.0010102334070302853 -0.00053217224811184837 -0.0026257380670157691 0.0014888935368804893 -0.0021955977018528906 -0.0018312181233208704 -3.5468412826172938e-05 0.0026379929735135662 0.0016499707388503515 0.0029988879037630475 0.0015630923710009746 0.0010832751174921947 0.00028060192445426391 -0.0090490420594647528 0.0051641673768477985 0.0015182013896709362 0.0086076080171550891 -0.0010605614146509997 -0.0040471133258843921
0.0033049827256378321 0.0018006830139950577 -0.00063361525092420538 0.0030167030546517071 0.0028080181713408458 -0.0029109741523037774 -0.0043534767051803735 3.1609876041783544e-05 0.0035908728311149739 0.0017993731685738586 -0.0011837533644906558 0.0013930295222743013 0.0065841959883977015 0.0046805719792499039 -0.0044396797825106563 -0.0035449101583951222 -0.0054654096002904398 -0.0016505520968527914 0.021754047764089082 0.0029246931331074729 -0.00074486926889040126 -0.005296861243460938
-0.0034435387699377467 0.0002236328361003345 0.0016166118972647803 4.2663525302216874e-05 -0.0012792947046712285 -0.0004509503066671816 0.0025313912517312795 -0.0021155013886126374 0.0018399680324205346 -0.00051127538170581068 -0.0052440990712530012 -0.0039481494271394538 -0.0026001302512837633 -0.001247393790915311 -0.00088722321156671654 0.0022535328290029812 0.0013462011353875913 -0.00099104493485394746 0.016292695237071012 -0.004533368034980988 -0.0087546332550817521 -0.00078555540618102269
-0.0017439271395061349 0.0011498134039062725 0.0001910344041050518 0.00046710749319658234 -0.0022142703399035948 0.0010045994994330749 -0.0016930604914753903 -0.0013395484129897423 0.00066635241273434772 0.0030527825163891693 -0.0038313324220141925 -0.002326849950341491 -0.0070526090644186081 0.0027838760433558127 0.0071693569980240211 0.0089740159410766837 0.0014452728905460848 -0.0062722143241242204 -0.033047813939325127 -0.00068223321504755081 0.022186440722520163 -0.00089789217305250761
0.0016247907092634991 0.0028642690091203772 0.00026520616626034819 0.0020949804535745674 -0.00081505031106124512 0.00082380251155738586 -0.00080118266413302885 -0.0010850597063915017 -0.0019168229176142414 0.0016235324274934996 -5.3040648995534689e-05 -0.00084908914161600812 -0.0012445877762807403 -0.0033520324140573409 0.0044723800414698672 0.00016058058085434814 -0.0039105876972692554 0.00052959926471778584 0.0030004591739355253 -0.0030367185595407235 -0.0092349364769911176 -0.011477120941848457
0.0020299078203209497 -0.0005064072182271364 -0.0028499033884528337 0.00016322471412865417 0.0038051479166598943 -0.0018347899871019456 -0.0070152025831003231 -0.00071566065193539165 -0.0029276493980924531 0.0015155420206904883 0.00049359350440996124 0.00041355983046634644 -0.0060377164751602586 0.00060571765190577304 0.0016015502436771839 0.00013615812559954806 0.0045223516905865376 0.0014408775762351756 0.0012659420173854082 -0.0068905465139453646 -0.0019727610145773653 0.0038425380211551991
0.0010215299740550241 -0.0022434913740499341 -0.0023127353036031901 -0.00046248316050232874 -0.0026158509268835485 -0.0013891104493375498 0.0020906662937194313 0.0020390114231371124 -0.012323691187115911 -0.003514387697259997 0.0049926429104692359 0.0015988980163734472 0.01022636576221948 0.00011638852214907749 -0.0061063017854035232 -0.0055201692721197869 -0.0011948121470298652 0.00073126293539998099 -0.0092847908784647517 0.00021843262355558096 0.00053941488889943376 -0.010201627916445646
0.0011458107412911668 -0.0016510974415316574 -0.00030234183449119188 -0.0012223883702198529 -0.0053424160839194625 -0.00010115065699064204 0.0037105224620566117 -0.0016881769369758923 -0.00069654026750434197 -0.0053224873604782496 6.8018602018930785e-05 -0.0015208115201888711 -0.0075294001405072043 -0.0013328372454142743 -0.0044023323173358686 -0.0026159665940058132 -0.0039536795172710644 0.0033998108405671667 -0.0083176663098255901 0.0045381762676290557 0.0027098191789617959 0.001709634716461073
-0.00023836967431366 0.00035438804719366398 -0.0010964203414603265 -0.0030140110896582574 0.00061857903391859272 0.001227556726204739 -0.0053185840208532197 0.00029315462444239217 -1.7840631722779209e-05 0.0036535278645106724 -0.0020936933227988681 -0.0015263534041003468 0.00094142855242469172 0.0024003036031932162 -0.0011686660092343731 0.00066449004897066639 0.012707863039529132 0.0041978079644656562 -0.0017770918831436348 0.0060580441332589866 0.0078771302965174855 -0.0049998206997267335
-0.00054721377895430899 0.0010334447069343189 0.0012270474930825988 -0.00086827126888468665 -0.0046235691406772339 0.002959274583003998 0.0024409270768130167 -0.0019257981881299752 0.001430111428900187 0.0010613638510874037 -0.0013468757635403264 0.0011863174168657588 0.0096706753690456101 0.0017933532782842924 0.0073772469205403424 -0.0016184971736314334 0.0086509971676194813 -0.00090476769020376383 -0.012501260874091487 0.011096508423956696 0.0019855688250433627 0.0042946667913824673
-0.0015663954098714683 0.00095753910507442679 0.00080474807288518388 -0.0027609056518097864 -0.0039628968862889177 -0.001473684702792291 -0.0023940388724785796 0.0028479207986164103 -0.0016638055413090171 -0.0014625141366736611 0.0042646262454928826 0.0009269589038864445 -0.0010445005214418813 0.00067906407796368016 -0.0024923721729839445 -0.0059495694412663291 0.0081057498772224932 0.00039719637318410292 0.0026406367222768044 -0.0013251322275336869 0.011545349448129865 -0.0052285711825448659