C:/Users/vmc04/Documents/GitHub/wingproj/Metric disparity/Field 13/FieldAPR13 landmarks_Format_scaled - {Aligned specimens} - 1 50 26 0	from C:/Users/vmc04/Dropbox/Wing project/Landmark txt files/Field collected/13 landmarks/APR Field 13 landmarks.txt - TPS like internal (simplified) format - can be converted to other format by using TET	
0.36583229435927445 -0.1070153438810048 0.35315485719986039 -0.063690529383649677 0.30029239806127422 -0.020135243455795294 -0.072470674194857643 -0.060503728280946349 0.19594310495700315 0.032332611237016522 0.046156090890468252 0.079343830989518652 -0.57176552354274335 -0.087634895138612515 -0.19085976218494397 0.11558658299621904 -0.42628278554533511 0.11171671491725486 
0.36369121409533689 -0.10319746099229161 0.34810518685295866 -0.060865987028242585 0.30538085551052252 -0.022126298899146021 -0.044083125642368881 -0.060306569090467041 0.19974420080623778 0.02974057698443033 0.027934910840887089 0.07603562195939037 -0.58040224510676752 -0.084558179108473963 -0.20148496050426115 0.10663414855453597 -0.41888603685254561 0.11864414762026436 
0.36258332898928014 -0.099497119340728135 0.3435394965438639 -0.053878890604109941 0.30088423010808807 -0.013059798327415899 -0.072267067579505351 -0.059904672048192761 0.20310606095030145 0.026011793406228424 0.053340370869765202 0.068070978864785484 -0.59040954934901035 -0.080426390016256136 -0.17672488391871968 0.1004284389378463 -0.42405198661406246 0.11225565912784259 
0.3562842836083645 -0.10188351792603914 0.35341014169062041 -0.062269495863088539 0.29512092048827382 -0.020661505141773746 -0.029732820148763779 -0.046763266017565877 0.19566922652815083 0.022834936340639274 0.039242278437237425 0.071504316966497797 -0.58269861215552088 -0.080678486288931928 -0.18852977140835736 0.10961592348153047 -0.43876564704000537 0.10830109444873184 
0.35859336315403734 -0.1054888257529865 0.34916107344043684 -0.061033925651399257 0.30786224652869093 -0.026463466404843379 -0.044338284072074109 -0.050051309274751883 0.19777957754970693 0.023182183306699942 0.032792380313293165 0.079526628503101493 -0.56389980274324603 -0.083383608669637496 -0.18822972181265285 0.11109896236417377 -0.44972083235819182 0.11261336157964351 
0.35919340057171023 -0.1071287123982775 0.35177058275375861 -0.059195300800780698 0.31097008002864501 -0.024789746694178237 -0.047435059591385782 -0.056392808218152804 0.19929732986311385 0.025754224954297432 0.023499365427687807 0.076548914582125566 -0.56460163187920853 -0.084931856114140586 -0.19368771107049851 0.11364680082053681 -0.43900635610382172 0.11648848386857057 
0.35677684513335989 -0.10897649286046467 0.3404722913742545 -0.056280827000431299 0.30108517833851273 -0.022587828426773902 -0.025451797941324787 -0.047400480388780898 0.19611581587167967 0.025751872828186747 0.045992276879906743 0.075015261757845536 -0.58683562044400062 -0.086401037797059918 -0.19729042592491008 0.107406937503515 -0.43086456328747869 0.11347259438396326 
0.35192175506158035 -0.10635821753208076 0.34448902234475426 -0.059185964174579109 0.29807014089984407 -0.020920685369940965 -0.022631995974132603 -0.058083190118977543 0.19936675333987128 0.021234501040632937 0.049821759815765844 0.077096652886024061 -0.57194955911607825 -0.084955026539511161 -0.20382211288504085 0.11627433308813845 -0.44526576348656455 0.11489759672029351 
0.36797119752118923 -0.10803657271247688 0.35437377740493181 -0.064861541999862452 0.30283023557534627 -0.023236483309984478 -0.045669956297073031 -0.056123603970875673 0.18410401175012278 0.034218068684557179 0.03426606810608513 0.076295216803844212 -0.56832506727003573 -0.084760726130348282 -0.19322030745895605 0.10838249968696829 -0.43632995933161073 0.11812314294817811 
0.36654416160502862 -0.10986689485206785 0.35698126964418386 -0.063253448203647589 0.28297902413407272 -0.012259465439158951 -0.05225705943788566 -0.061544396204006993 0.20043058475955208 0.030468072195765812 0.041522468694826481 0.073639089475700747 -0.57249018051961953 -0.086384899219603517 -0.18710964985463382 0.11011299512649099 -0.43660061902552438 0.11908894712052728 
0.36073768199970385 -0.11056301011199614 0.35471896320110013 -0.063902041774258109 0.29150337768721485 -0.014228232102424321 -0.051680425459439773 -0.056358548702339813 0.19366829703291175 0.029426337646907798 0.047667454215795102 0.07609335869372888 -0.57548593284364169 -0.08944995080263754 -0.18412927395954612 0.11373298445225888 -0.43700014187409664 0.11524910270075996 
0.36640380760808527 -0.11071530458527808 0.33828066462547901 -0.060691931331928482 0.29763924951503801 -0.019478790786955288 -0.037170195407836178 -0.056290005060537669 0.19830094539378046 0.025703394267650226 0.040278181077153939 0.076634070930786904 -0.57126526044649428 -0.089929745087626217 -0.18899703081685942 0.11738521918787667 -0.44347036154834757 0.11738309246601183 
0.35841507557687585 -0.11231844443547617 0.3520119109906919 -0.058571208863988936 0.29169580004078766 -0.01478266837800989 -0.027149228024195175 -0.051589601140231242 0.18854761121839925 0.027438871166163833 0.039094669432999808 0.07003688608251793 -0.58657255772340977 -0.089655411661337781 -0.18163459424483896 0.11239358585074685 -0.43440868726731008 0.11704799137961513 
0.360927053115629 -0.11139051511912203 0.34418356829682334 -0.066497840090522897 0.294432248193361 -0.016668457004650219 -0.026098734484851473 -0.05618128738007977 0.19843429249072311 0.029377643786775133 0.054417842459896108 0.073551618498612026 -0.54856869376095752 -0.071459095612483856 -0.20603147581319961 0.11106447215485504 -0.47169610049742405 0.10820346076661644 
0.35896482042717864 -0.10260558591843921 0.35202160078599082 -0.057791039588511554 0.30677394149725479 -0.021225855007798354 -0.043149376916352927 -0.053797188948726066 0.19313235520837038 0.029858135488508811 0.041261949088925644 0.071084142390364771 -0.58701472931057297 -0.07613944055925348 -0.20360603252241657 0.10148971408949047 -0.41838452825837785 0.10912711805436492 
0.35567532942582791 -0.10436796981621674 0.34704974497904378 -0.057552503392266731 0.30384578253326455 -0.025266076877811509 -0.024133593021827927 -0.051703052598614387 0.19006797637155454 0.026241846007791128 0.042188990667524219 0.073914176181263377 -0.57901431461815778 -0.080515004273285687 -0.19389467196947455 0.10587897873744895 -0.44178524436775463 0.11336960603169211 
0.35425588205901698 -0.10599329778728993 0.34529936660412236 -0.066254167322266466 0.29712038389964951 -0.020056238892813123 -0.021127705912170305 -0.050543451995866281 0.19595902526742834 0.031346930476954062 0.039643223799458692 0.0743102475721273 -0.57768636890373071 -0.079902347158451861 -0.18039108441616333 0.10912074672610826 -0.45307272239761143 0.10797157838149794 
0.35963030176482486 -0.10625251565748647 0.34769432447426574 -0.058966977804460342 0.30150974704083638 -0.020660058558819239 -0.060802831197321161 -0.053258708135311153 0.19564196066469161 0.031926818771306389 0.05386932145945976 0.073949853539472685 -0.578741828801974 -0.084068668688382142 -0.18215476064314137 0.10668758051844333 -0.43664623476164149 0.11064267601523672 
0.35255310863137013 -0.1130489222606815 0.3379816015181954 -0.054181779818178046 0.29724579145969193 -0.019578132664156055 -0.034232380736548954 -0.057711124679646932 0.20931284513451512 0.027827269354394238 0.049573343757650525 0.071018079636480214 -0.56568551908433207 -0.086383761182267205 -0.18754408237761408 0.11520297869973309 -0.45920470830292776 0.1168553929143224 
0.37467901431584449 -0.11585174063803119 0.35626655332644569 -0.057867643099314532 0.27619433000068688 -0.0052050256225656686 -0.067770031952993498 -0.07087201545747876 0.20164840531895398 0.030622673267552473 0.043081501070205364 0.072437512038307852 -0.57401109995163735 -0.089103992120932077 -0.18272266822881281 0.1145595792512494 -0.42736600389869289 0.12128065238121243 
0.3578498371740455 -0.11313426497268921 0.35329372150262012 -0.062624608703778409 0.29815947224479344 -0.021889121381767424 -0.034558736589731472 -0.055795189461037335 0.18933359511904252 0.036947464468487574 0.043661790195647011 0.071912469432414763 -0.56727949042769499 -0.085336983855292495 -0.19410431833620734 0.11504462552009859 -0.44635587088251455 0.11487560895356416 
0.36285865057729816 -0.11164253574584516 0.36111835610601745 -0.061811228203932436 0.25636415720534528 0.0028066602478870489 -0.055825662162136191 -0.062473556192555908 0.20815439956437948 0.025985977936901983 0.060237167970825685 0.07392394361448261 -0.59233684781034923 -0.084920584556197179 -0.17071289180552501 0.10677978709889048 -0.42985732964585505 0.11135153580036869 
0.36521304433213758 -0.10984967608625958 0.35118703842191856 -0.055547528871320064 0.30888586920305128 -0.0221009968165812 -0.057176650182520494 -0.052826539881364584 0.18838576096431761 0.027213604346438752 0.03858151661758704 0.075735208738566748 -0.56802295017835225 -0.079855132481253893 -0.18416522792703971 0.10454174605450735 -0.44288840125109902 0.11268931499726643 
0.36718699713194525 -0.10411698404677865 0.34790053332258658 -0.0670282239125298 0.29946026113045121 -0.023594601917861613 -0.047653482458833808 -0.053077783920100381 0.19464476552335444 0.037641316380740704 0.038787499324546039 0.0766844325103683 -0.58342220558862024 -0.085460840398252733 -0.19705996441159454 0.1050606414285154 -0.41984440397383455 0.1138920438758987 
0.36637099711819909 -0.10086027300363923 0.35106950196699538 -0.052197021684338117 0.30343325786665537 -0.02187753461939581 -0.06258309139523488 -0.057653903367260818 0.20025432416137076 0.020739932057490629 0.040033049849123772 0.065862572681051224 -0.57688374571610801 -0.088871082235006602 -0.20652304492921914 0.11147512636410681 -0.41517124892178098 0.1233821838069916 
0.36860249638733961 -0.10762342052968289 0.34258426633711409 -0.061813116143162053 0.29140680986445694 -0.021927847233791514 -0.020872721431877243 -0.048999634247582836 0.19175692980543826 0.026458027978164361 0.048164232210723877 0.070743439418557444 -0.57308827942325258 -0.085325185265967579 -0.20993313045466372 0.108759781938258 -0.43862060329527902 0.11972795408520713 
0.36615447114569527 -0.1023719278667707 0.3428419403431523 -0.052196895860198364 0.3041219028984895 -0.021381882575957682 -0.038512180880487822 -0.057751331583553049 0.20142864695661997 0.022820957749008202 0.035937677381987783 0.063875946574221881 -0.57028891443497531 -0.072189145744765357 -0.19715551042824361 0.1068715861541521 -0.44452803298223864 0.11232269315386294 
0.35653918559253767 -0.10814802308438101 0.35107798632834758 -0.059090747693240325 0.30623658500958018 -0.020598436236321932 -0.041949830940456873 -0.053829159475907128 0.19316058092017022 0.030792840566347103 0.034182265056451409 0.071760608602701448 -0.57761152785624659 -0.081362533150295707 -0.18193523466006067 0.11070505029681388 -0.43970000945032273 0.10977040017428388 
0.36271067934695833 -0.10910270096321327 0.35409341199034966 -0.062159959123261631 0.29680071637989336 -0.020355534265434027 -0.028270649091192694 -0.047657609282479904 0.19954218717640756 0.028463815965067231 0.025798353989349022 0.072188296825827461 -0.57060666543630867 -0.07462024620831359 -0.19663176895603351 0.1038219915053861 -0.44343626539942271 0.10942194554642153 
0.35845902980783029 -0.10469722173916124 0.35286100468391712 -0.056148755099835794 0.30981511478008306 -0.024700164319926748 -0.058941140413739358 -0.05529814643676452 0.19604821608076994 0.025768562313108829 0.037076415130484867 0.077039785163121335 -0.57458466729412039 -0.081673553236136343 -0.18843220534012037 0.11011256287633214 -0.43230176743510557 0.10959693047926287 
0.36496095523426553 -0.10339581069834047 0.34600870255345917 -0.05340346064546013 0.29510804837056837 -0.021566836407978168 -0.056883260882258375 -0.057555176237117124 0.20390391981009551 0.023605965131188924 0.050628985401933509 0.071669929136153152 -0.57525743162913401 -0.080882699515499132 -0.19153658117026631 0.10914140759225927 -0.43693333768866294 0.11238668164479362 
0.3586456578622933 -0.097183892346284745 0.34379947510057624 -0.059479261454914986 0.3050433868624704 -0.024868570640441259 -0.055129641948600587 -0.057618079269487081 0.20339607159359452 0.024212544020711647 0.050609773544156834 0.073969357092879592 -0.57035668383263549 -0.08320407139624153 -0.19445192798141164 0.10789609990734815 -0.44155611120044336 0.11627587408643013 
0.36108391015643881 -0.11571418028844281 0.35003933019051281 -0.058815335414381609 0.29612200452464554 -0.018602401103063944 -0.037526288601191497 -0.056734055984119076 0.19288335914944832 0.031626008496902808 0.038178135014935832 0.075991226196947412 -0.57456113473654269 -0.088288272523520284 -0.18745203423792042 0.11495319509496335 -0.43876728146032706 0.115583815524714 
0.36037682202219207 -0.10753051613249819 0.34657889636446404 -0.067636097601828857 0.29984784754321309 -0.025950426696262654 -0.041687698308136394 -0.04788670385608771 0.19247836309102243 0.034909970221807633 0.050405786049895977 0.076762873164160583 -0.56526321294883131 -0.083371579702411436 -0.18875396352564777 0.11185211903348137 -0.45398284028817282 0.10885036156963963 
0.36596580618684893 -0.099017182587004357 0.35116563207422241 -0.057561214986431304 0.30971847739696257 -0.025515180316444713 -0.064646198490811602 -0.059128323236584623 0.19295660804350931 0.032321864173761435 0.039034335306576365 0.072295783988184675 -0.58064417771952048 -0.080968991809361679 -0.19573964157192697 0.10163596969371695 -0.41781084122586126 0.11593727508016372 
0.35848480620943346 -0.10656140036087311 0.34426704041431383 -0.063231277556366483 0.295639482191559 -0.02235425150028162 -0.038262654803390209 -0.050609853755338753 0.20613097610544762 0.029990089431416598 0.042558278117525675 0.074143752801641649 -0.57499672658206613 -0.086819453517585632 -0.19331410792044831 0.11177343290456061 -0.44050709373237462 0.11366896155282674 
0.3645527169380619 -0.11164154282908262 0.34930828313166423 -0.063385630252210612 0.30424982613732499 -0.019303073333907864 -0.057949857368292584 -0.049464316034228767 0.19166155373409158 0.02984114559515804 0.046003932484351272 0.076547191760055117 -0.56553425243536493 -0.08573585246887673 -0.18909575883403193 0.11073317096241002 -0.44319644378780509 0.11240890660068327 
0.35780715880460318 -0.10698013409220307 0.34797829535198821 -0.064612900351345176 0.29903073828646415 -0.022291072464016116 -0.038335834576075027 -0.050391772991571736 0.19791546318536279 0.028119941767499896 0.044645712922659252 0.075210524266114631 -0.56639847346695804 -0.085233609243421826 -0.19173991048969427 0.11242494554775635 -0.4509031500183508 0.11375407756118686 
0.34630517004256456 -0.11139537414488764 0.33749256934147487 -0.058349202030748823 0.29648372472483048 -0.0218333993092923 -0.0332263644414586 -0.047955581152110564 0.20850495642660807 0.030290693502461618 0.071108561928910019 0.077000394458608831 -0.58145688556402764 -0.088017562836478908 -0.21091216258152654 0.11086512806755301 -0.43429956987737423 0.10939490344489451 
0.35725371417876328 -0.1038025537566994 0.35226413666554895 -0.05599476844114961 0.29223774560348881 -0.013056311854654931 -0.070055407174984013 -0.057647047708828981 0.19604216401339622 0.029037585478464783 0.065123196832349114 0.070262873724643113 -0.5955802975453689 -0.090845317011445423 -0.18447208107189456 0.1062312205970785 -0.41281317150129943 0.11581431897259187 
0.35689760723781999 -0.10849465040267291 0.35140949327092502 -0.062211087323429455 0.28893629428693385 -0.016106923721789741 -0.045750169207339202 -0.049215006455658732 0.20153772677425105 0.028137968462915296 0.060715641989902411 0.07221467363715213 -0.57098051117214166 -0.082922955649054095 -0.19582376011760458 0.10524227038374848 -0.44694232306274723 0.11335571106878874 
0.35899540293286969 -0.10967742087995747 0.34444668967489189 -0.062896586505272079 0.30735448981701563 -0.021818180864126017 -0.048295291723712233 -0.052494670622822481 0.19707571879859967 0.029485364995848189 0.038858758466056437 0.080655795519349538 -0.57509206804025903 -0.089126615293659131 -0.18863375003286323 0.11317139812896104 -0.43470994989259881 0.11270091552167841 
0.37348983737281388 -0.10097230299717595 0.34032436736142241 -0.057787723691269867 0.3106114103457524 -0.021770024991036637 -0.065255039982065693 -0.055374705754653503 0.18859312929020153 0.028059706817766341 0.052188716748984287 0.067427157457427514 -0.57258280174168974 -0.076369903149144464 -0.19271196431200494 0.10839191786105778 -0.43465765508341375 0.10839587844702886 
0.36864089497911445 -0.10599970682765517 0.35539204612025932 -0.05593640241719891 0.29894731440654276 -0.020915302142642936 -0.054380532692637221 -0.060259229910660066 0.18239914285686082 0.028506633927665379 0.039976641091317142 0.073034501064765167 -0.58319662899400149 -0.089160402390791177 -0.18860362808792369 0.10985558010044273 -0.4191752496795309 0.120874328596075 
0.35642231941944347 -0.10485381741336183 0.34680080146725656 -0.062190985793487169 0.29293465490769716 -0.017668553290618248 -0.031790146138245406 -0.057025571714714875 0.19810186335247165 0.028697139228492711 0.054091123894092333 0.07366896008317439 -0.58263872977013231 -0.08378208702422181 -0.20142013659158503 0.1093624318907989 -0.43250175054099937 0.11379248403393777 
0.35651921228227196 -0.10750051798987535 0.3513624013154884 -0.063218263914430653 0.29194842366431434 -0.018638761760909169 -0.02806448074883015 -0.05097597251000538 0.20537475606146829 0.025242568696039389 0.030796504710052033 0.074052607009392202 -0.57890364322740884 -0.088400849277231963 -0.19502501146176598 0.11287391249013375 -0.434008162595591 0.11656527725688719 
0.36055627811080609 -0.09593441517883361 0.3472797238721807 -0.061456496725638694 0.29907696018450319 -0.026607845391618774 -0.052171853196455974 -0.054843807703799118 0.20635169501787679 0.023476329755903046 0.042257645578176677 0.074252160085175559 -0.57496917336018094 -0.082642851714184423 -0.19129034234366943 0.11363853443161699 -0.43709093386323689 0.11011839244137903 
0.35938193422386094 -0.099093739959733695 0.34211193771341408 -0.06293965152491772 0.3024458329104035 -0.025090076679386449 -0.05926618175423494 -0.056535442530045388 0.21280922496821308 0.024757296490154932 0.043925972313312744 0.079676520778135876 -0.56568428842258234 -0.082988260782220186 -0.18866489413659709 0.11040188987962231 -0.4470595378157905 0.11181146432839023 
0.36750007319707023 -0.10695461191461886 0.34637676695331493 -0.061710377237111425 0.29176695830446564 -0.011487334331768165 -0.049258106169662065 -0.064307595137396686 0.20298949850415896 0.027780788327185404 0.043698204532730746 0.07715789320099295 -0.57658477663866026 -0.077237988862152537 -0.19101004874501504 0.10492789119861393 -0.43547856993840317 0.11183133475625497 
0.35925172177281078 -0.10500285126499058 0.35134605568220745 -0.059870309794939 0.29669160124855298 -0.024249040353621416 -0.036876576442920056 -0.055366283722011633 0.19860065553346354 0.029236065770581667 0.039273224504592946 0.076479634172787705 -0.58146015788268679 -0.08095379817943929 -0.19742123826144437 0.11109116242737166 -0.42940528615457635 0.10863542094426094 
