C:/Users/vmc04/Documents/GitHub/wingproj/Metric disparity/Field 13/FieldRPV13 coord_Aug10_Format - {Procrustes residues OP} - 1 47 26 0	from C:/Users/vmc04/Desktop/Wing saga/Wing field landmark repeat/13 landmarks field repeat/RPV field collected/coord_Aug10.txt - TPS like internal (simplified) format - can be converted to other format by using TET - Orthogonal projection of the preshape data to the Kendall tangent space
-0.0017315578469925905 -0.0034080569750564748 -0.0027599430838422569 0.00081367372275579749 -0.0035628842016947335 -0.00030733335395660699 -0.0014875205523754045 -0.001859382107430451 -0.0017214494237073504 -0.0023595467200126213 0.0015819182982119151 -0.0049979036140761265 0.0038304892833331923 0.00025627646224717277 0.0042658074260554738 -0.0010821877421094222 -0.00060038693353728877 0.0035233441700011454 -0.0019480076784474955 0.0028847910955615052 0.0026372020241964612 -0.0017309764283013663 -0.0011304091301656246 0.0050550941372513054 0.0026267418189654546 0.0032122073531258427
-0.00016061582086522065 -0.0054907838709149582 0.0031912381728705923 0.00029944947813070324 -0.0004375368867880155 -0.0055638003914738705 0.0070257015051870828 -0.00470137390399276 0.00046319881906235197 -0.0041087638325078991 0.00064647468055265478 -0.0020374034051360498 -0.002295281714833695 -0.0009703214750173976 -0.0082653821926898675 -0.0025150702524396064 -0.0029755385157673418 0.0031167813742127015 -0.0025954604315203008 0.003466402868841183 0.015854283053814342 0.0041624373256690201 0.004438041783111117 0.0043876368507989932 -0.014889122452133977 0.0099548092338295896
-0.001945391584337995 -0.0038921318269737235 0.00076318599649306948 0.0025083680733327929 -0.002983145086990528 -0.00086972207721926274 -0.0034068727390406716 0.00077462990267067908 -0.0040699456683182048 0.00062414155281258991 -0.002491981812054493 0.0005420256198416406 -0.00095201092522895605 -0.0018867766257443009 -0.00011588311293899279 0.00067994254878955634 0.0057069862545865279 -0.0023432743286362014 0.0049416710208156798 0.0020397420493492068 -0.0055285001988919068 -0.0029412857184714244 0.0035029349470579647 0.0010192899896226599 0.0065789529088491859 0.0037450508406258881
0.0050855692290629993 -0.00044209274445302889 0.0052167654953573965 0.0030833384903089299 0.0014257938571920125 0.001438069639909046 -0.003488676081078234 0.0017713210269549259 0.00088929721679131693 0.00069539050935037974 -0.0024422192191819224 0.0023787734638166221 0.0034318236487004077 -0.00090277466245971009 -0.018691198084378892 -0.0050647816720710845 0.006117884711096238 -0.0021941123009748768 0.0061547031796744082 -0.0020691442184877611 -0.0067731346685321152 0.0023311991794696847 0.0012314144907728786 0.00029927848801138872 0.001841976224522951 -0.0013244651993756934
6.7379975073828327e-05 -0.00045397109680041724 0.0023452737790610224 -0.0047619221972846418 -0.00018208398997596707 -0.0070902755615065306 0.0016375820580069333 0.0014590847142301293 0.003592823636275673 -0.0023663792936770953 -0.0018438972591589826 0.0041700600150540263 -0.00083614291265060115 0.00099077008217985296 0.0023467193592482246 0.0015496938058454021 -0.0031816590322791202 0.0037754217941372522 -0.002683139602397305 0.0025499130327024458 0.0034022328959895749 0.0029688919463979032 -0.0014010377565625372 0.000486167365223169 -0.0032640511506310259 -0.0032774546065012788
-0.002926205082961519 0.0011941812315578372 -0.0021042305648745381 0.0039259894303001058 -0.00058695135528789031 0.002419599301166607 -0.0019843312167431562 0.004109080079413103 -0.0031592735492703052 -0.00059190415404059764 -0.0021276363026982241 0.00036913261050199844 0.00025625048783933096 -0.0030108754383115972 0.01096496599904237 8.8660933109342027e-05 -0.00029331577549733881 -0.0015848518729984528 0.003347784188754489 -0.0009350495314792357 -0.0053196358036990965 -0.0013346094140244645 0.007284991100602432 0.0021392204645940618 -0.0033524121252062355 -0.0067885736397887003
0.0011489409198864762 0.0058396758013043943 0.01269916975252746 0.0076684151982304239 0.0054019528220139602 0.0016081755328178769 -0.0091641141311984264 0.00058708951889712671 0.0019216347728549755 0.0031548983243091773 0.0003722973698752725 -0.0021654560252564333 -0.0023111853883449156 0.0006629555015461564 -0.0062203587859609652 -0.0023995555756544185 -0.00016592925676134091 -0.0030984524115206654 -0.0051564642337533963 -0.0036272515091965696 -0.0013055639126530634 -0.00017403934531124489 -0.0010017783950172581 -0.0047011566667581901 0.0037813984665303869 -0.0033552983434076838
0.013521610846622147 -0.001449151569593837 -0.0049568648817180025 -0.0056195108146604705 0.002981850601402861 -0.0060680471189008493 -0.010015739816901839 -0.0010421498656912221 0.0054501692282291122 0.00056526218540194084 0.0063576315680365873 -0.0022283490226236886 0.0049177356387956981 0.0015550717209656573 -0.0065448625944944843 0.00021140412745170823 0.0016335337194503645 0.0049821418475385227 0.0033058368007336555 0.004376034986169757 0.0018781116278441322 -2.1578291599580381e-05 -0.005265371437113444 0.0043871722164804533 -0.013263641300887075 0.00035169959906131143
-0.013004759119334981 -0.0019497771486035693 -0.0012158679873092125 -0.0039551770903633746 0.00012390035274554992 -0.0044449578741862601 0.0094412857946068497 -0.0014879125289513481 -0.0026449449313756947 0.00081294903743432516 -0.0058919618189484076 0.002634796180203717 -0.0076679390903794283 0.0011099127611202755 0.010241905941638799 0.004632589416735387 -0.0049134083056974441 0.00010174678130879739 -0.0041151241979657709 -0.00079881577876338866 0.0060305194803092852 -0.0041818001882248934 0.0065913597476256261 0.0037656516719620065 0.0070250341340843021 0.0037607947603283953
-0.0022888615232963556 -0.0040778115163235124 -0.0031382501320643616 -0.0031067389442140992 -0.0039800869523890399 -0.0040803281558844775 0.0090624878109745351 0.004022909006925964 -0.0038510792527690278 -0.0034941700032027115 -0.0013704057594356445 0.00091500603400486229 0.0013535570145326616 -0.00061815379777357916 -0.0024544964347508742 0.0023630084786365928 0.0048216187847945711 0.0011312283184369246 0.0037073952903051511 0.0034629217749679708 0.0012688478317576979 -0.00099931921414444114 -0.0027738029634395908 0.0027898399686206209 -0.00035692371421947207 0.0016916080499495834
-0.0084465615525379581 0.0024183169132320275 -0.00045630510583448587 0.0061782959484840156 -0.0036989166336494862 0.0011773139823144495 0.0074897016153929281 -0.0043985240713325198 -0.0067417327805671199 -0.00088832145463120862 -0.0018648911229495308 0.0011669089788729622 -0.0051987258958330826 0.0037706253417647468 0.0068868659559003518 -0.003074741317387514 0.0053662606967474751 -0.00083419551982381488 -0.00083043988902049295 -0.0010091289445687364 -0.0036474859806711435 -0.0016908996775342345 0.0056466327075529316 -0.0039980652848890927 0.0054955979854701843 0.0011824151054990462
-0.0050683573737807276 -0.0002299071049123593 0.0012267344290377291 -4.0431755919571573e-05 -0.0037645597914698304 -0.0029048213976497622 0.0049806224419013277 -0.00033001533899609261 -0.0034169681059595782 2.0366182854254268e-06 -0.0034415163639458192 0.0015792112857924267 -0.0028421042811230565 0.0019687588173427028 0.01384747646252257 0.00074127123243124249 -0.0046497265110864595 0.0007140200878683968 0.0053455919650826798 0.00077712059283778349 -0.0038593838451081281 0.0028238847964332878 0.00091804651860984284 -0.0021166625380152518 0.00072414445531977399 -0.0029844652954980344
-0.0093216970001795043 -0.0055449597015657069 -0.0067464539322844002 -0.0057244855737178264 -0.00085276357023929879 0.00085202307886090385 0.008807935806738899 -0.0028958047330558253 -0.0025293987294380538 0.002912917860206816 -0.0022079452360011008 0.001726488793075639 -0.0047028482796025745 -0.0013634628512140473 0.0079778129465094601 -0.00061087781178704233 -0.0035998304688596178 0.0010772748172142622 0.0058291275784267838 -0.0010731022938215693 0.0024228171097293435 0.0032797167542149073 -0.0044792703290863715 0.0015775778713837548 0.0094025141042871508 0.0057866937902058546
-0.0032048682991669651 0.0020587805927854159 0.00039215451584308876 0.0018031864154392837 0.0024023294493017893 0.0044771015412492319 0.0033825121613532995 0.0017887156307834766 -0.0012330002208189982 0.0036562202991761278 -0.0039497583494176296 0.001612973574277919 0.0045388365361522737 -0.0013133970862075723 0.00084925380785321727 -0.0015048530245033594 0.0012775207164212993 -0.0057137374940874862 0.00011413387311099603 -0.0066155548617534612 0.0014539879189010706 0.0026670013389055612 -0.0060177535692611129 -0.0026342034160963916 -5.3485402719166859e-06 -0.00028223350996851859
0.01033814043903114 -0.0027888894369689503 0.0024724410955858597 -0.005455081766067728 0.0015607788055152817 -0.0032335110556656042 -0.00582707250504078 -0.0077961779045455353 0.0016728150992428082 -4.7687027779244053e-05 0.0016690915235508838 -0.0019870237586652466 -0.0029472337857003325 0.0008305054201306482 0.0036726699156879004 0.0011859326447498551 -0.00037125423825887889 0.0013873422089003247 0.00086072508473934608 0.0051064148121076607 -0.0013373468079407504 -0.0011772294803240942 -0.0044768987624293878 0.007183322731642885 -0.007286855863983031 0.0067920826124847899
0.0025260682448400703 0.0028117375751328653 -0.00033571885560074221 -0.00015605412163455289 0.0012058419914807621 0.0042083276234839064 -0.0018002320783788604 0.0010455064036223195 0.00032519629178461495 0.0019028390192162364 -0.00047569442129676833 -0.00038442488206249148 -0.0040420823794854663 -0.0014265652263653144 -0.0017519530349113272 -0.00073065489505620077 0.011118886537787517 -0.0033761240683254025 -0.00080938167305572017 9.2218956527526921e-05 -0.0020391128491871399 0.0010088317084434215 0.0062064106985537746 0.0033369384943956965 -0.010128228472529576 -0.0083325765873784458
0.0054831865492175206 0.0049757490400276702 -0.00091493205265057338 -0.0031103347028893927 0.0049369346856550506 0.003340738247960248 -0.002632427531132471 0.003010494428260368 0.0072903360728212314 0.0022920140295555336 0.0066528910938992106 0.0010213461388413844 -0.00073808382668383776 0.0009037445594708382 -0.0044845130713679696 -0.0010814062877416973 -0.002404060323819332 -0.0017205363741729675 -0.0077261475799977131 -0.0018741333023338655 -0.0079384218247607642 -0.0028049688931306273 -0.00041287698970840655 -0.0021310496577781664 0.0028881147985294242 -0.0028216572260690159
0.0054713548407578933 0.0018821703852084245 -0.0051371364624459475 -0.00041682785170990956 0.0026276708487640347 0.0082529757199592234 -0.00057580918942516982 -0.0079355556605616578 0.0024388956538736353 0.0044833798313048271 1.8738141342312768e-05 0.00073561722499687415 0.00049001086317284779 -0.00056500978264501151 -0.0065335166615155815 -0.0078923119827684404 0.0001892926611250477 0.0002876756850744242 0.0088153333415081948 -0.0021413367550975602 -0.014086415797482366 -0.0039209955252691312 -0.0023595309008546763 0.0003579757790679863 0.0086411126611802003 0.0068722429324403339
0.0041539518125077515 0.00019575996181643021 0.0057875070678171138 -0.00058788884891373028 0.00036540128629387447 -0.0020487139465502351 -0.0028112888231953941 -0.0094799794642877484 -0.00039707885679086995 -0.0036225214934346175 0.002135795189019637 -0.0016986670297465154 0.0023797691960498429 0.0015945257381022599 -0.0031542353877051271 -0.0040861834955854773 -0.008591736372716938 0.008641714766600762 0.0010102441137051145 0.0024481898464638204 0.0043052882201821728 -0.0014291046592223517 -0.0037692156212327929 0.0034005788321136185 -0.0014144018239349411 0.0066722897926434349
-0.0098965693059156097 -0.0016804982246639956 -0.0032949018434724454 -0.0040727259664009707 0.0011568182639135477 0.0020345170392031047 -0.00092084807955807317 -0.0039846914782082623 0.0010291969620250898 0.0033696082752352804 -0.00015244795406702764 0.0011889048548054042 -0.0032788119257429584 0.002681003811343148 -0.0062615179935640074 -0.0036589574480001661 0.0010827264102314204 -0.00082063561700807994 -0.0016561944856395231 0.002468281250967872 0.0099859911617653681 0.0016048880361434171 0.0020646824012964821 -0.00038572580256761432 0.010141876388727569 0.0012560312691512476
0.0053638252582355094 -0.0040591594789878976 0.00022899720211401898 -0.003395746591849878 -0.00039107375654933926 -0.0032042684794100942 0.0023093630164622249 0.0015384647635060616 -0.00063987957436692456 -0.0047225252392623252 0.00083109791894437832 -0.0016680091978948171 0.00035427653694535162 0.0007666085644574632 0.0013806716029941862 0.0037466051198074076 0.0040657890105880766 0.0019701563753428894 -0.0024306283138633665 0.0034662818440964593 -0.0029309284707914342 0.0016194669062228907 -0.0046706010344976893 0.00032237633466596798 -0.0034709093962144422 0.0036197490793058312
-0.010611841398716113 -0.0038590244418614784 -0.0060876577980000096 0.0012663996315928974 -0.0025625704232942986 0.0035638390415831563 0.0027596711752650481 -0.00015935985849258429 -0.0059146199535017423 -0.00069287339341529306 -0.002468329278904135 -0.00069793258127040807 0.0022079613645412752 -0.0030266365438445615 0.0083384087691496054 0.0018339856579149354 -0.001444362539645433 0.00095283789370879327 -0.00063666085983716278 -0.00042399829685501147 -6.8807572187855413e-05 -0.0032585052562770791 0.0071708235181850832 -0.00011440344335710744 0.0093179849969460271 0.0046156715905738277
0.0010721010043124304 -0.0037529253727001206 -0.002866177882227209 -0.0045610774415343214 0.0011664282418645568 -0.0020666587963888206 -0.0086999420698779736 0.0033135844014257091 0.0021229710019568071 -0.0044715709450532147 0.0058068362775367671 -0.00095890404807846288 0.0017969150418449048 0.00020431314219101471 0.00020095978990902541 0.0045158607956142368 -0.00083396452539398545 0.0037715854078806594 -0.0020388409334103613 0.0032234107170091681 0.0093047798380099835 0.0023408977606831239 -0.0009081307019633859 -0.00098075385139023501 -0.0061239350825606524 -0.00057776176965862458
-0.0026763336414673058 0.0021202113217697271 -0.0022845607665606454 0.0022832339031639273 0.00083573283428123009 0.004621078891231695 0.0011833303355179047 0.0025388227362644318 -0.0022676324762060675 0.0012684536624664776 -0.0032046719469695948 -0.0014936792260494419 -0.0014776673146773174 -0.0033801274893041707 0.0033096894810227383 0.00070909719862845657 0.0052407775691148692 -0.0013506028907008527 0.0059024825210835441 0.00056593034176789325 -0.0007147193668098858 6.1551728196504663e-05 0.0022274423432415949 -0.0033800526041037164 -0.0060738695715708219 -0.0045639175733303977
-0.0055572227682705337 -0.0021589883393120196 0.00034015683178697034 0.00031371750627384558 0.00078392976249660193 0.00090478257112766851 0.004968364407788522 -0.0049137095947212016 0.00047850719668412643 0.0015226904789189264 -0.00033245620918331224 -0.00060374318635073097 -0.0027715523803173801 0.001470335249131002 -0.00510586599218336 -0.0018106080108058059 -0.0034697863151484922 0.00041927867511611908 -0.0049840357844103313 0.00012903843835169245 -0.0036152062880190502 0.002165227320028142 0.0064376197882782329 0.00016850775932347197 0.012827547750498103 0.0023934711329186426
-0.0043497676283599041 0.0024874445084065123 -0.0015851336217613849 -0.0031415045662506746 -0.0034153725597853507 -0.0061981259019129329 0.011580241165842102 0.002798228676391189 0.0039122144849825062 0.00053093772308577202 -0.00024387113879476398 0.0042499923787252258 -0.0019045727910336121 0.0030905970312482835 0.0099429169142174218 0.00016997762817960298 -0.0030162073508627901 0.0022388432990867232 -0.0075892618317901306 -0.0024051217850873888 -0.00066152986845205344 0.0018811622128749545 -0.0044484339501397055 -0.0037873839260228609 0.0017787781759377357 -0.0019150472787241718
-0.0026685338396846186 0.0029588116793503932 0.0054766448376855556 0.0072126231455595822 0.0020307342451279897 0.0042277007676972591 -0.0068205651296912098 -0.0010337037605751412 0.0019545548927288416 0.0016903919163836982 0.00067346786841649027 -0.0013662693273808757 -0.0017196879642159095 0.00020657786525992444 -0.0051163766425631838 0.00014423399611161381 -0.0018616602586703154 -0.0044224914136971327 0.0018576738976937394 -0.0031126182558066842 -0.001915608858103168 -4.5025734751086332e-06 0.0014768234787277531 -0.0033199456173354618 0.0066325334725483229 -0.0031808084220920907
-0.0029249587270185878 0.000165699046515847 0.0013706666889877627 0.0032292173209712144 0.0016281648808862716 0.0012510835700637471 -0.0041149879085072092 0.00037751704732938754 0.0032211829187780835 0.0016010586403435818 0.0017648939676439585 0.00025281274188478352 -0.0013409721089219272 -0.0037392989412105191 0.0014696688628085032 0.003048889629187708 -0.0032174550822206046 -0.0031086621702833702 -0.0018273404604636427 -0.0018602603749012111 0.0011490984067976003 0.00049707117572808418 -0.0029275311930300968 -0.000421171984412379 0.0057495697542592102 -0.001293955701216834
0.0052267504127139364 -0.0085662122094871326 -0.0038972277229812765 -0.0017407446581991163 -0.00015795033774615051 -0.004712583258349173 -0.004543387447439322 -0.002139838855709536 0.00069645984376396708 -0.0058832769422319528 0.0044366703520998686 -0.0039559973314555455 0.0022246788100007513 0.0016166800362812828 -0.002472131068860108 -0.0016423377847755573 -0.010084668932858287 0.0077618462979585504 0.0035373766829610007 0.0051794831108327253 -0.0053737090863783653 -0.0015546443909132417 0.0090892166729179668 0.0073004022351137159 0.0013179218218058596 0.0083372237509346248
-0.00040449965719380806 -0.0040024968624446291 3.3302750520416893e-05 0.0017130168790101537 -0.0010510636207025558 -0.0018192445411877325 -0.0015484804551481109 0.0028439103161461208 -0.00033554137580895857 -0.0046534545040561575 -0.0053800002654618246 -0.00022566162372594388 -0.0013279655948046599 0.0015384072392328179 0.00081447757267280867 0.0024103512278081263 0.0035574767211979897 -0.0015613264938327256 0.0056510256062685697 0.0028319032602206343 -0.0057950772885919811 -0.0013518599824497515 0.0023028711031957173 0.0010640588757452026 0.0034834745038569183 0.0012123962095337559
-0.0043481938900959884 0.0063702118763644218 -0.00091331436789516196 -0.0019133085644352625 -0.00082916887677406082 0.0012332207865137846 0.01168707878791355 6.1924324884744418e-05 0.0011647474858234087 0.0021614435773658664 -0.0023560081345854358 0.0013922594249577084 0.00085239204248582778 -7.0148322685691447e-05 0.0019870075844208362 -0.0015106648338948691 -0.0011740088685527157 -0.000199485923381346 -0.004614332162160369 9.2139065043711933e-05 0.0040970739300475213 -0.0015724594309755721 0.00055002641914656545 -0.0020710578548469071 -0.0061032999497724772 -0.0039740741249103539
0.034379556509493869 0.025276683653942318 0.017653579515652329 -0.0028240346973923162 0.017761855128693226 -0.0021926660216460142 0.010010215086323684 -0.005294992737096319 0.016769321944057006 0.00074199116276935572 0.013426678451378704 -0.0033819102025354243 0.0063907914633721408 -1.3434348558068605e-05 -0.010683165684610771 -0.00079875035842256591 -0.0046140559387647089 0.00059794627286554767 -0.018909328471799734 0.0030920908600585175 0.0068765568622420684 0.0091244530113612395 -0.052030154395156472 -0.011475370590459777 -0.037031850470880839 -0.012852006004886535
-0.0006911980119411942 0.0017834209198568257 0.0015942242723211847 0.0029273872870163044 -0.00034391772044281609 -8.7445708687506479e-05 -0.0026225268522778854 -0.0019663772043451411 -0.0010011089713277683 -0.0001007530682707265 0.00096617115129955886 0.0010463121116229277 -0.00022616369600505018 -0.0013136901230126365 0.0029650794189209043 0.00010908174333937743 -0.0051774883578335311 -0.00079324371713621251 0.0065522944290795151 -0.00046787237084608955 0.0040998953169197345 -0.001058550740500503 0.0024815825947817976 0.00022903710895885135 -0.0085968435734942086 -0.00030730623799547774
-0.0073163150259860869 0.00099720850418491135 -0.0047812310905248345 -0.0032437644603009637 -0.0043164133551485233 0.0010368183871610334 0.010462745624425257 0.0023180438425148219 -0.006280981978562211 0.0013826250297014917 -0.0094026455013831393 0.0011649705689219471 -0.0022192866660593258 0.00032838557581132998 0.016723483133219318 0.0020780875219865284 0.0013658305584996078 0.0016606618383034613 0.0037217987309900143 -0.00093485291575523012 -0.011519431554159416 -0.0071101007343161333 0.01063595838898602 0.0018585887583816836 0.0029264887357042389 -0.0015366719165948867
-0.0054939832677532588 -0.0050130691313009538 -0.0075537887114469279 -0.0027961887900365351 -0.0054513997018730909 0.0012122802273565325 -0.010794932738536491 -6.9993113976818616e-05 0.0012107761683054674 0.0028149123620292951 0.0019400984502671811 -0.00055149712435509412 0.0020922754487459486 0.00058247878725211917 -0.00062813468046195569 0.00264624066919242 0.004204107745298071 -0.00039627048205235485 -8.4701784206128489e-05 0.0025988405592900516 -0.0013839453094249944 -0.0034921831584721818 0.011385047712389828 0.0030581701494010621 0.010558580668695852 -0.00059372095432751182
0.0027549423825834465 0.0011199185841177964 -0.00065258277911615665 -0.0017492289343065976 0.0018813329584925786 -0.0014306689802782411 -0.0040272517375381719 -0.00028041632005541199 0.0027332342728136555 2.3994867673238815e-05 7.8031315033791696e-05 -3.4498683766794616e-05 -0.00013982361762371548 -0.00010612980447097936 -0.0015336770802672082 -0.00033137503270704477 0.002708358056988935 -0.00013540937809563593 0.0029079775165610656 0.0028903263815978197 0.0073310890366028742 -0.00040437291556281448 -0.0047440837279348804 0.001154016356011367 -0.0092975465965962623 -0.0007161561401566735
0.00054817213304929335 -0.0045525999659832127 9.2946033196253473e-05 0.0032352961267064382 -0.0029713487519080375 0.00070961084608078882 0.0054396233901444968 0.005284599069864452 -0.0017805285050808348 -0.0020810206351944112 -0.00024825833084560819 -0.0027132290633912499 8.4148488367038251e-05 0.00013425145985199779 0.0018325740262082032 0.0018358566747737021 0.0033807391437675346 -0.0030925736313035337 0.0040304790121397484 -0.0043377501087243685 -0.0053581491201091062 0.0048980468349852386 -0.0023361287046091209 -0.0020317937288233121 -0.0027142688143199992 0.0027113061211573447
-0.0103691028345616 0.0012358092731631874 -0.0026934028445481377 0.00067706626301357591 -0.00086271776224292615 0.0025683675279702376 0.015319058705823558 0.0056204707343715495 -0.0050585949693906784 -0.0018947423147215195 -0.0022857892371092505 -0.0012660307486279893 -0.005163595729860828 0.0019682383855549948 0.013014777995787624 0.0025682980577170361 -0.0011354183418798298 -0.0039646486721010028 -0.0048608427830355632 -0.0025828023436349221 -0.0020987545122472524 -0.0031828726375920588 0.0036654969245139097 -0.0028644438877271812 0.0025288853887499335 0.0011172903626136821
-0.0071705946304664245 0.0040800657876680748 0.0018561300794758587 -0.00113137628079466 -0.00046946354638504077 -0.00063053435107731379 0.011816556847115373 -0.0026402372143536383 0.0021730659586760726 -0.0003068549233411529 -0.0038694861660802508 0.0010946883567751608 -0.0027216219517799695 0.0021082275610601483 0.0049584745355287429 -0.0010680922941311895 -0.0089612385178313037 0.0012031126609653965 -0.0021797576133148087 -0.0016387603953276219 0.0065793463414255716 0.0014054401665736652 0.0021376117612183321 0.0013340453510814814 -0.0041490230975829417 -0.0038097244250988177
0.0094049005038664771 -0.0022496987505390264 -0.0063719151564477373 -0.0046778051425669237 -0.0031256291266845791 -0.00094373518911073046 -0.031666170364401919 0.0018131342490099844 0.003830309740888264 0.00020968599121486489 0.0074504944621252281 0.003330485241187221 0.012205719403257152 0.004349313905009664 -0.010592199526571302 0.0041067310021139034 0.0098102054900503811 0.005070054867982122 0.0084992296703082244 0.00083576038713996988 -0.0034071740593932687 -0.00019656769366330589 0.0049231881937168145 -0.0045665325546976054 -0.00096095923071371023 -0.0070808263130799215
-0.000902192933690215 0.0060659415576503218 0.0029391557299380806 0.0023953191494715436 0.0022227047977583254 0.0059512351839260307 0.0059632350414816401 0.00068471719446173951 -0.0015594299896403256 0.0002879833172409282 -0.00027368066245138118 -0.00010854514824451523 0.00045327266345320883 -0.0015798096476367619 0.0013956153466674057 0.00075334951934052398 0.0012468071143962145 -0.0031553690328973974 -0.00053830081328858418 -0.0040049476268189579 0.0017230294175710559 0.0028191810932002323 -0.0044340322166707535 -0.0040468565195373998 -0.0082361834955245253 -0.0060621990401561743
-0.0015452843945450651 0.0025905892465351798 0.0045020852002190838 -0.00068054829413537697 0.0022080250813788062 -0.00077874247275948056 -0.0033480978776777083 -0.0061981667579865578 -0.0017715250852544501 0.00057129241380559379 -0.00082045527415006234 0.0016175711666886747 -0.0049348728380475401 0.0034134126837174991 0.00012851474157587174 -0.0015252388156149954 0.0044391432797902209 0.00047212154676445916 -0.0045444077465662622 0.00038206938111577866 0.005916414532103469 -0.0015138016733021124 0.0017288773962039214 -0.00039038924871620203 -0.0019584170150308191 0.0020398308238875479
0.0040828947899840731 0.0031197824928297251 0.0051217525294992173 0.0071464954196437998 0.00031608798345592179 0.002058166023070625 0.0031461737720870206 0.0056002348302200255 -0.0018439786991699186 0.0021996583649590692 0.0022975899478595032 -0.0018706167083261706 0.0035751150129657346 -0.0020802636944269428 -0.012490817814008426 -0.0029700799083642077 0.0055659651864758148 -0.0043279629793929282 -0.00083773501040249184 -0.0026577317754974744 -0.012004065678036521 -0.0019769344651839071 -0.0019516546236310671 -0.0024110627144101789 0.0050226726029217244 -0.0018296848851215575
0.0047087998637703864 -0.0039569372319670252 0.0034978333043787354 0.0033153133075964534 0.0013007087739474554 -0.0010294196529080563 -0.0070263925307641759 0.0019382076122595258 -0.0015227732355021328 -0.00033366228608255275 0.00099597630293878688 -0.0021549354550781698 0.0013024126867328865 -0.0015666065339749037 -0.0027121422027643212 -0.0028043100176556738 -0.0035802441316313384 0.0004090138269754334 0.0075384867414532881 -0.002081374043638045 -0.0047063344751293208 0.0016571385258991741 0.003492532878078635 0.0050532663764710668 -0.0032888639755086378 0.0015543055721032317
-0.0056763098316049464 -0.0040528110943943898 0.00062119307708075099 0.00085349968612585673 0.00021992601148078167 -0.00016418222000905971 -0.0080642203725460673 0.0046694405335134023 0.001491863111328387 0.0016386601408855215 0.002476360981871541 0.0034315832185218441 0.0018486460191227722 -0.0023897531305591959 -0.0033242049179044364 0.002762428750825551 0.0012113341533671457 -0.0031786542097251183 -0.0067251081375127048 -0.0045482211516496771 0.0038751489577379104 0.0034013597656136268 0.0042365189307837885 -0.0027309139945824734 0.0078088520167941249 0.00030756370543449929
0.0031907355362845048 -0.0069320763928324737 -0.0047644463795787177 -0.0018347129950515139 -0.0020287619919314289 -0.0011863434605154577 -0.0060602538451679675 0.0050451783833225551 0.0023259446507761777 -0.0022694629977118999 0.0068255199051113664 -0.0020105285552306498 0.011199126392936952 -0.0042675775623475347 -0.0084410456988941469 0.0056277765088162696 0.00053245305955965214 0.0012344104640943142 -0.0030638298728041646 -0.00047921589931964779 0.0020808193633479024 0.00014676700155561085 -0.0071531243185328644 0.0030095974155810003 0.0053568631988927459 0.0039161880896397966
-0.0077953777601376733 0.0009985094397194326 0.0028073106613347274 0.0053703460281390933 -0.0012893015000184811 0.0021658405018458301 -0.0061893471348594504 0.0027173627222719628 -0.0019597041396350965 0.00083595717455735448 -0.0029623252541013311 0.0028468608426491242 0.0023857439531357835 -0.0018845655013435512 -0.0019498992352881405 -0.0024525086410468544 0.00019410953164849956 -0.0035897063840535457 0.0014181540666869988 -0.00087422587584081465 0.0011526175928463236 -0.0044622373271871801 0.0040443100500478831 -0.0011121073159973795 0.010143709168340381 -0.00055952566371360313