
C:/Users/vmc04/Documents/GitHub/wingproj/Metric disparity/Field 13/FieldAPR13 landmarks_Format Informe de MOG
Please do NOT use pink buttons or pink menu functions
Possible (COO generated) INPUT FILE: '..._format.txt', or '..._scaled.txt'
Please open an INPUT FILE, then enter the sample sizes of successive groups, each number separated by a space; otherwise just enter the total sample size.
FICHIER: 
C:/Users/vmc04/Documents/GitHub/wingproj/Metric disparity/Field 13/FieldAPR13 landmarks_Format.txt
1 50 26 0 from C:/Users/vmc04/Dropbox/Wing project/Landmark txt files/Field collected/13 landmarks/APR Field 13 landmarks.txt - TPS like internal (simplified) format - can be converted to other format by using TET 

50	configuraciones
13	landmarks

CONFIGURATION 1 :
428.000 717.000 1210.000 659.000 1230.000 682.000 971.000 664.000 1243.000 709.000 1237.000 733.000 1209.000 758.000 1004.000 744.000 1153.000 789.000 1072.000 818.000 730.000 740.000 943.000 843.000 814.000 846.000
CONFIGURATION 2 :
357.000 597.000 1190.000 576.000 1206.000 597.000 949.000 561.000 1215.000 624.000 1206.000 649.000 1181.000 672.000 975.000 651.000 1119.000 703.000 1018.000 731.000 659.000 639.000 883.000 750.000 755.000 758.000
CONFIGURATION 3 :
336.000 469.000 1255.000 432.000 1275.000 460.000 982.000 423.000 1287.000 488.000 1275.000 517.000 1248.000 543.000 1011.000 514.000 1186.000 568.000 1091.000 595.000 682.000 502.000 945.000 616.000 788.000 624.000
CONFIGURATION 4 :
377.000 527.000 1285.000 498.000 1302.000 516.000 1015.000 489.000 1311.000 549.000 1309.000 574.000 1272.000 600.000 1067.000 582.000 1209.000 627.000 1110.000 657.000 718.000 558.000 966.000 680.000 808.000 678.000
CONFIGURATION 5 :
369.000 473.000 1256.000 475.000 1274.000 498.000 973.000 457.000 1286.000 533.000 1279.000 561.000 1252.000 582.000 1029.000 559.000 1181.000 611.000 1075.000 643.000 700.000 526.000 934.000 658.000 768.000 653.000
CONFIGURATION 6 :
390.000 540.000 1283.000 485.000 1301.000 506.000 1011.000 484.000 1314.000 541.000 1310.000 571.000 1285.000 593.000 1061.000 578.000 1216.000 626.000 1107.000 660.000 738.000 567.000 972.000 686.000 819.000 691.000
CONFIGURATION 7 :
230.000 472.000 1174.000 425.000 1196.000 451.000 907.000 422.000 1204.000 481.000 1194.000 515.000 1169.000 537.000 959.000 524.000 1102.000 569.000 1006.000 602.000 598.000 504.000 850.000 625.000 700.000 631.000
CONFIGURATION 8 :
191.000 587.000 1080.000 543.000 1098.000 573.000 822.000 539.000 1103.000 599.000 1099.000 628.000 1071.000 652.000 874.000 633.000 1011.000 679.000 920.000 715.000 537.000 623.000 765.000 742.000 617.000 744.000
CONFIGURATION 9 :
268.000 457.000 1087.000 428.000 1108.000 457.000 827.000 424.000 1112.000 486.000 1104.000 511.000 1074.000 535.000 872.000 515.000 1005.000 568.000 918.000 592.000 569.000 497.000 786.000 610.000 645.000 615.000
CONFIGURATION 10 :
207.000 455.000 1157.000 358.000 1182.000 386.000 880.000 368.000 1194.000 409.000 1190.000 440.000 1144.000 477.000 922.000 461.000 1092.000 509.000 990.000 545.000 580.000 470.000 842.000 580.000 679.000 598.000
CONFIGURATION 11 :
251.000 363.000 1211.000 327.000 1225.000 357.000 904.000 314.000 1229.000 382.000 1225.000 413.000 1183.000 446.000 955.000 418.000 1118.000 475.000 1021.000 506.000 607.000 396.000 867.000 531.000 699.000 532.000
CONFIGURATION 12 :
251.000 345.000 1058.000 323.000 1070.000 347.000 821.000 317.000 1080.000 373.000 1064.000 401.000 1041.000 424.000 853.000 402.000 985.000 449.000 896.000 477.000 553.000 381.000 767.000 499.000 624.000 498.000
CONFIGURATION 13 :
253.000 459.000 1072.000 446.000 1093.000 471.000 864.000 434.000 1106.000 502.000 1101.000 532.000 1066.000 555.000 888.000 526.000 1007.000 576.000 922.000 596.000 575.000 490.000 797.000 614.000 655.000 610.000
CONFIGURATION 14 :
432.000 382.000 1227.000 379.000 1240.000 400.000 970.000 362.000 1247.000 427.000 1237.000 451.000 1209.000 477.000 1036.000 449.000 1156.000 500.000 1077.000 521.000 753.000 430.000 935.000 536.000 791.000 529.000
CONFIGURATION 15 :
1147.000 456.000 254.000 383.000 243.000 403.000 528.000 386.000 230.000 430.000 233.000 458.000 260.000 482.000 478.000 472.000 329.000 517.000 422.000 547.000 816.000 474.000 573.000 573.000 706.000 584.000
CONFIGURATION 16 :
268.000 628.000 1087.000 618.000 1102.000 644.000 845.000 606.000 1104.000 668.000 1098.000 694.000 1073.000 711.000 890.000 688.000 1008.000 737.000 924.000 760.000 580.000 658.000 791.000 772.000 652.000 770.000
CONFIGURATION 17 :
342.000 347.000 1173.000 333.000 1190.000 359.000 934.000 320.000 1202.000 389.000 1196.000 412.000 1167.000 438.000 982.000 414.000 1107.000 466.000 1015.000 488.000 658.000 386.000 886.000 504.000 727.000 498.000
CONFIGURATION 18 :
349.000 463.000 1218.000 441.000 1245.000 470.000 974.000 438.000 1257.000 502.000 1249.000 531.000 1220.000 554.000 997.000 529.000 1154.000 585.000 1066.000 609.000 678.000 503.000 920.000 626.000 763.000 625.000
CONFIGURATION 19 :
366.000 505.000 1173.000 446.000 1180.000 464.000 927.000 442.000 1189.000 490.000 1182.000 523.000 1160.000 543.000 975.000 528.000 1112.000 571.000 1024.000 598.000 679.000 522.000 893.000 627.000 742.000 633.000
CONFIGURATION 20 :
255.000 559.000 1031.000 522.000 1050.000 550.000 793.000 522.000 1067.000 579.000 1057.000 610.000 1014.000 638.000 830.000 602.000 974.000 657.000 889.000 679.000 559.000 591.000 768.000 701.000 637.000 704.000
CONFIGURATION 21 :
299.000 509.000 1116.000 500.000 1127.000 517.000 873.000 486.000 1135.000 542.000 1132.000 571.000 1100.000 594.000 909.000 572.000 1037.000 627.000 953.000 646.000 603.000 551.000 816.000 669.000 671.000 667.000
CONFIGURATION 22 :
297.000 317.000 1177.000 280.000 1193.000 304.000 911.000 273.000 1207.000 333.000 1206.000 363.000 1143.000 402.000 955.000 363.000 1114.000 416.000 1025.000 445.000 632.000 350.000 886.000 465.000 730.000 468.000
CONFIGURATION 23 :
278.000 596.000 1226.000 589.000 1242.000 612.000 933.000 575.000 1251.000 642.000 1241.000 677.000 1213.000 698.000 976.000 672.000 1134.000 728.000 1036.000 757.000 645.000 646.000 891.000 772.000 723.000 773.000
CONFIGURATION 24 :
414.000 521.000 1252.000 521.000 1272.000 550.000 1017.000 511.000 1277.000 580.000 1265.000 601.000 1236.000 625.000 1036.000 600.000 1174.000 658.000 1083.000 677.000 727.000 569.000 946.000 688.000 817.000 688.000
CONFIGURATION 25 :
229.000 401.000 1114.000 371.000 1135.000 398.000 849.000 362.000 1143.000 424.000 1134.000 454.000 1105.000 473.000 880.000 454.000 1042.000 500.000 944.000 529.000 564.000 439.000 793.000 559.000 665.000 568.000
CONFIGURATION 26 :
354.000 539.000 1278.000 514.000 1292.000 539.000 996.000 497.000 1301.000 565.000 1284.000 594.000 1251.000 619.000 1052.000 599.000 1187.000 649.000 1095.000 676.000 700.000 571.000 930.000 698.000 784.000 703.000
CONFIGURATION 27 :
272.000 529.000 1151.000 515.000 1166.000 539.000 887.000 497.000 1172.000 568.000 1157.000 598.000 1133.000 616.000 926.000 588.000 1070.000 641.000 969.000 663.000 604.000 570.000 827.000 685.000 677.000 684.000
CONFIGURATION 28 :
331.000 526.000 1204.000 511.000 1225.000 539.000 949.000 501.000 1232.000 566.000 1228.000 596.000 1200.000 619.000 987.000 594.000 1130.000 649.000 1032.000 672.000 659.000 570.000 899.000 693.000 741.000 689.000
CONFIGURATION 29 :
339.000 403.000 1176.000 374.000 1186.000 393.000 946.000 362.000 1198.000 418.000 1193.000 445.000 1160.000 469.000 973.000 453.000 1104.000 497.000 1004.000 522.000 661.000 437.000 876.000 540.000 734.000 543.000
CONFIGURATION 30 :
330.000 435.000 1210.000 427.000 1227.000 449.000 932.000 416.000 1236.000 477.000 1232.000 507.000 1205.000 526.000 977.000 503.000 1134.000 556.000 1035.000 586.000 658.000 481.000 895.000 604.000 744.000 601.000
CONFIGURATION 31 :
343.000 367.000 1227.000 368.000 1245.000 400.000 950.000 351.000 1254.000 427.000 1241.000 457.000 1209.000 475.000 995.000 443.000 1152.000 500.000 1057.000 525.000 679.000 414.000 908.000 541.000 758.000 536.000
CONFIGURATION 32 :
308.000 404.000 1130.000 389.000 1147.000 411.000 861.000 375.000 1152.000 442.000 1143.000 464.000 1120.000 484.000 909.000 462.000 1060.000 512.000 970.000 540.000 607.000 443.000 826.000 558.000 681.000 561.000
CONFIGURATION 33 :
266.000 406.000 1079.000 385.000 1095.000 408.000 841.000 375.000 1102.000 436.000 1095.000 468.000 1064.000 490.000 876.000 464.000 1005.000 517.000 917.000 540.000 573.000 439.000 789.000 559.000 647.000 556.000
CONFIGURATION 34 :
359.000 430.000 1186.000 406.000 1203.000 427.000 933.000 400.000 1211.000 456.000 1203.000 479.000 1176.000 503.000 979.000 490.000 1114.000 538.000 1032.000 562.000 677.000 469.000 894.000 582.000 741.000 580.000
CONFIGURATION 35 :
285.000 389.000 1242.000 382.000 1263.000 412.000 939.000 361.000 1271.000 441.000 1260.000 469.000 1231.000 490.000 976.000 459.000 1150.000 527.000 1044.000 551.000 624.000 433.000 883.000 566.000 731.000 571.000
CONFIGURATION 36 :
434.000 622.000 1253.000 607.000 1276.000 638.000 1018.000 597.000 1282.000 665.000 1273.000 690.000 1244.000 713.000 1050.000 691.000 1191.000 742.000 1095.000 765.000 738.000 661.000 957.000 783.000 813.000 780.000
CONFIGURATION 37 :
243.000 622.000 1098.000 605.000 1121.000 632.000 833.000 596.000 1129.000 658.000 1119.000 687.000 1091.000 713.000 872.000 689.000 1022.000 741.000 933.000 767.000 565.000 659.000 790.000 784.000 636.000 781.000
CONFIGURATION 38 :
215.000 530.000 1090.000 508.000 1106.000 532.000 804.000 490.000 1113.000 553.000 1107.000 579.000 1077.000 605.000 870.000 588.000 1015.000 636.000 921.000 665.000 546.000 567.000 776.000 688.000 617.000 689.000
CONFIGURATION 39 :
437.000 456.000 1255.000 453.000 1269.000 477.000 1008.000 438.000 1272.000 502.000 1266.000 532.000 1242.000 552.000 1055.000 531.000 1191.000 580.000 1112.000 604.000 744.000 498.000 951.000 618.000 824.000 613.000
CONFIGURATION 40 :
306.000 443.000 1297.000 429.000 1312.000 452.000 1008.000 412.000 1325.000 483.000 1321.000 516.000 1279.000 545.000 1029.000 510.000 1212.000 573.000 1121.000 600.000 666.000 481.000 948.000 622.000 790.000 626.000
CONFIGURATION 41 :
497.000 547.000 1303.000 517.000 1311.000 538.000 1056.000 510.000 1319.000 565.000 1316.000 591.000 1281.000 617.000 1093.000 599.000 1232.000 642.000 1153.000 667.000 798.000 581.000 1009.000 686.000 868.000 691.000
CONFIGURATION 42 :
180.000 492.000 1064.000 475.000 1088.000 503.000 798.000 459.000 1096.000 535.000 1086.000 564.000 1062.000 589.000 840.000 563.000 992.000 619.000 892.000 648.000 511.000 530.000 749.000 664.000 595.000 659.000
CONFIGURATION 43 :
467.000 452.000 1269.000 426.000 1284.000 450.000 1024.000 413.000 1293.000 478.000 1274.000 502.000 1257.000 522.000 1046.000 500.000 1188.000 549.000 1111.000 570.000 761.000 484.000 973.000 591.000 837.000 589.000
CONFIGURATION 44 :
351.000 497.000 1188.000 480.000 1200.000 504.000 916.000 461.000 1208.000 524.000 1200.000 553.000 1167.000 573.000 962.000 548.000 1099.000 601.000 1016.000 626.000 655.000 528.000 883.000 646.000 749.000 651.000
CONFIGURATION 45 :
321.000 444.000 1182.000 418.000 1205.000 446.000 941.000 408.000 1216.000 478.000 1210.000 504.000 1177.000 531.000 979.000 506.000 1119.000 559.000 1031.000 586.000 643.000 488.000 875.000 607.000 734.000 609.000
CONFIGURATION 46 :
352.000 399.000 1214.000 402.000 1234.000 428.000 961.000 378.000 1237.000 453.000 1233.000 479.000 1197.000 504.000 1009.000 478.000 1145.000 528.000 1041.000 553.000 685.000 444.000 907.000 571.000 766.000 568.000
CONFIGURATION 47 :
350.000 417.000 1288.000 338.000 1316.000 367.000 1004.000 344.000 1331.000 403.000 1323.000 426.000 1292.000 450.000 1060.000 439.000 1232.000 485.000 1125.000 522.000 715.000 432.000 972.000 553.000 810.000 556.000
CONFIGURATION 48 :
283.000 364.000 1064.000 331.000 1086.000 358.000 816.000 328.000 1095.000 387.000 1085.000 408.000 1062.000 430.000 852.000 412.000 1010.000 459.000 912.000 491.000 558.000 397.000 777.000 509.000 627.000 510.000
CONFIGURATION 49 :
1118.000 440.000 321.000 449.000 300.000 478.000 584.000 432.000 297.000 501.000 310.000 526.000 342.000 553.000 533.000 515.000 393.000 573.000 484.000 597.000 830.000 495.000 617.000 607.000 755.000 605.000
CONFIGURATION 50 :
1162.000 591.000 257.000 550.000 247.000 567.000 523.000 535.000 231.000 599.000 236.000 627.000 270.000 649.000 477.000 629.000 331.000 682.000 430.000 711.000 815.000 612.000 577.000 732.000 721.000 730.000

CONFIGURATION CONSENSUS 
369.740 477.780 1127.840 452.340 1143.660 477.180 900.160 442.300 1151.320 505.240 1144.360 533.020 1117.680 556.920 935.820 534.060 1064.060 585.320 982.720 612.040 656.240 513.920 858.060 632.260 727.500 633.320

TRANSLACION de los OBJETOS sobre UN mismo CENTROIDE

Translated matrix object 0
-567.11846153846159 -57.273846153846151
190.98153846153843 -82.713846153846148
206.8015384615386 -57.873846153846173
-36.698461538461558 -92.753846153846169
214.46153846153845 -29.813846153846178
207.50153846153842 -2.0338461538460919
180.82153846153858 21.866153846153878
-1.0384615384614193 -0.99384615384618513
127.20153846153856 50.266153846153969
45.861538461538629 76.986153846153883
-280.61846153846136 -21.133846153846143
-78.798461538461439 97.206153846153825
-209.35846153846137 98.266153846153884

Translated matrix object 1
-590.76923076923083 -29.307692307692292
191.23076923076908 -87.307692307692292
211.2307692307692 -64.307692307692292
-47.769230769230781 -82.307692307692406
224.2307692307692 -37.307692307692406
218.2307692307692 -13.307692307692349
190.2307692307692 11.692307692307651
-14.769230769230724 -2.3076923076923492
134.2307692307692 42.692307692307651
53.230769230769106 71.692307692307637
-288.76923076923083 -6.3076923076924061
-75.769230769230802 96.692307692307637
-204.76923076923083 99.692307692307736

Translated matrix object 2
-620.92307692307702 -57.461538461538424
212.07692307692309 -78.461538461538368
228.07692307692309 -57.461538461538424
-28.92307692307692 -93.461538461538424
237.07692307692332 -30.461538461538488
228.07692307692309 -5.4615384615384883
203.07692307692309 17.538461538461569
-2.9230769230769198 -3.4615384615384883
141.07692307692309 48.538461538461512
40.076923076923151 76.538461538461547
-318.92307692307679 -15.461538461538403
-94.923076923076891 95.538461538461604
-222.92307692307691 103.53846153846155

Translated matrix object 3
-691.76923076923083 -50.307692307692271
227.23076923076925 -87.307692307692406
247.23076923076903 -59.307692307692342
-45.769230769230695 -96.307692307692292
259.23076923076923 -31.307692307692264
247.23076923076925 -2.3076923076923208
220.23076923076925 23.692307692307736
-16.769230769230752 -5.3076923076923208
158.23076923076925 48.692307692307679
63.230769230769234 75.692307692307679
-345.76923076923077 -17.307692307692349
-82.769230769230688 96.692307692307622
-239.76923076923072 104.69230769230762

Translated matrix object 4
-680.61538461538476 -52.615384615384592
227.38461538461539 -81.615384615384613
244.38461538461539 -63.615384615384649
-42.615384615384514 -90.615384615384613
253.38461538461539 -30.615384615384571
251.3846153846155 -5.6153846153845137
214.38461538461539 20.384615384615422
9.3846153846154863 2.3846153846154294
151.38461538461539 47.384615384615422
52.384615384615515 77.384615384615358
-339.61538461538453 -21.615384615384599
-91.615384615384613 100.38461538461544
-249.61538461538453 98.384615384615472

Translated matrix object 5
-659.92307692307691 -83.07692307692308
227.07692307692309 -81.07692307692308
245.07692307692315 -58.076923076922995
-55.923076923076849 -99.07692307692308
257.07692307692315 -23.076923076923052
250.07692307692315 4.9230769230770193
223.07692307692309 25.923076923076955
0.076923076923151257 2.9230769230769056
152.07692307692304 54.923076923076927
46.076923076923151 86.923076923076934
-328.92307692307696 -30.07692307692308
-94.923076923076891 101.92307692307702
-260.92307692307691 96.923076923076962

Translated matrix object 6
-672.07692307692309 -39.076923076923059
220.92307692307702 -94.076923076923066
238.92307692307702 -73.076923076923066
-51.076923076923066 -95.076923076923123
251.92307692307679 -38.076923076923059
247.92307692307691 -8.0769230769231157
222.92307692307679 13.923076923076884
-1.076923076923066 -1.0769230769231157
153.92307692307691 46.92307692307697
44.923076923076906 80.923076923076962
-324.07692307692315 -12.076923076923116
-90.076923076923094 106.92307692307693
-243.07692307692309 111.92307692307702

Translated matrix object 7
-715.30769230769226 -47.846153846153847
228.69230769230793 -94.84615384615384
250.69230769230771 -68.84615384615384
-38.307692307692356 -97.846153846153825
258.69230769230791 -38.84615384615396
248.69230769230771 -4.8461538461538467
223.69230769230771 17.153846153846153
13.692307692307701 4.1538461538461533
156.69230769230779 49.153846153846153
60.692307692307786 82.153846153846132
-347.30769230769221 -15.846153846153847
-95.307692307692179 105.15384615384608
-245.30769230769215 111.15384615384608

Translated matrix object 8
-669.61538461538453 -48.153846153846096
219.38461538461536 -92.153846153846146
237.38461538461524 -62.153846153846203
-38.615384615384563 -96.153846153846203
242.38461538461536 -36.153846153846153
238.38461538461536 -7.1538461538460965
210.3846153846153 16.846153846153904
13.38461538461538 -2.1538461538460965
150.3846153846153 43.846153846153904
59.384615384615373 79.846153846153868
-323.61538461538458 -12.153846153846125
-95.615384615384542 106.84615384615387
-243.61538461538453 108.84615384615392

Translated matrix object 9
-607.00000000000011 -57.999999999999964
211.99999999999997 -86.999999999999972
233.00000000000009 -58.000000000000078
-47.999999999999964 -90.999999999999972
237.00000000000009 -28.999999999999957
228.99999999999997 -3.9999999999999574
199.00000000000009 19.999999999999979
-2.9999999999999645 -1.4210854715202004e-14
129.99999999999997 53.000000000000036
43.000000000000064 76.999999999999972
-306.0 -18.000000000000014
-88.999999999999972 95.0
-229.99999999999989 100.00000000000006

Translated matrix object 10
-720.61538461538476 -10.846153846153875
229.38461538461536 -107.84615384615387
254.38461538461536 -79.846153846153868
-47.615384615384478 -97.846153846153811
266.38461538461536 -56.846153846153868
262.38461538461536 -25.846153846153818
216.38461538461536 11.153846153846125
-5.6153846153845919 -4.8461538461538751
164.38461538461536 43.15384615384616
62.384615384615493 79.153846153846189
-347.61538461538464 4.1538461538462101
-85.615384615384585 114.15384615384619
-248.61538461538464 132.15384615384619

Translated matrix object 11
-710.15384615384619 -56.999999999999943
249.84615384615364 -92.999999999999972
263.84615384615398 -63.000000000000057
-57.153846153846217 -106.0
267.84615384615387 -38.000000000000014
263.84615384615398 -7.0000000000000711
221.84615384615387 25.999999999999979
-6.1538461538461604 -2.0000000000000426
156.84615384615387 55.000000000000007
59.846153846153967 86.0
-354.15384615384608 -24.0
-94.153846153846132 111.00000000000003
-262.15384615384619 112.0

Translated matrix object 12
-600.00000000000011 -57.769230769230788
207.0 -79.769230769230745
218.99999999999989 -55.769230769230788
-29.999999999999972 -85.769230769230745
229.0 -29.769230769230759
212.99999999999989 -1.7692307692307594
190.0 21.230769230769241
2.0000000000000284 -0.76923076923075939
134.0 46.230769230769283
44.999999999999886 74.230769230769212
-298.00000000000006 -21.769230769230731
-84.000000000000114 96.230769230769241
-227.00000000000011 95.230769230769283

Translated matrix object 13
-623.84615384615381 -64.92307692307692
195.15384615384605 -77.923076923076906
216.15384615384627 -52.92307692307692
-12.846153846153861 -89.923076923076906
229.15384615384627 -21.923076923076863
224.15384615384627 8.076923076923137
189.15384615384605 31.07692307692313
11.153846153846196 2.0769230769230802
130.15384615384616 52.07692307692313
45.15384615384616 72.076923076923123
-301.84615384615381 -33.923076923076934
-79.84615384615384 90.076923076923123
-221.84615384615381 86.076923076923094

Translated matrix object 14
-591.84615384615392 -67.461538461538453
203.15384615384616 -70.46153846153851
216.15384615384616 -49.461538461538517
-53.84615384615379 -87.461538461538453
223.15384615384605 -22.461538461538446
213.15384615384605 1.5384615384615543
185.15384615384608 27.538461538461533
12.153846153846153 -0.46153846153838884
132.15384615384608 50.538461538461533
53.153846153846096 71.53846153846159
-270.84615384615387 -19.461538461538417
-88.84615384615384 86.538461538461533
-232.84615384615381 79.538461538461547

Translated matrix object 15
668.61538461538464 -18.230769230769234
-224.38461538461542 -91.230769230769283
-235.38461538461542 -71.230769230769283
49.615384615384663 -88.230769230769283
-248.38461538461542 -44.230769230769234
-245.38461538461542 -16.23076923076929
-218.38461538461542 7.7692307692307523
-0.38461538461536549 -2.2307692307692335
-149.38461538461536 42.769230769230766
-56.384615384615394 72.769230769230774
337.61538461538464 -0.23076923076929035
94.615384615384585 98.769230769230688
227.61538461538464 109.76923076923072

Translated matrix object 16
-610.61538461538476 -60.769230769230745
208.38461538461533 -70.769230769230745
223.38461538461533 -44.769230769230866
-33.615384615384613 -82.769230769230631
225.38461538461533 -20.769230769230667
219.38461538461533 5.230769230769333
194.38461538461547 22.230769230769333
11.384615384615387 -0.76923076923072387
129.3846153846155 48.230769230769333
45.384615384615508 71.230769230769283
-298.61538461538464 -30.769230769230695
-87.615384615384613 83.230769230769226
-226.61538461538453 81.230769230769283

Translated matrix object 17
-625.61538461538464 -64.846153846153868
205.38461538461522 -78.846153846153811
222.38461538461544 -52.846153846153804
-33.615384615384606 -91.84615384615384
234.38461538461544 -22.846153846153811
228.38461538461522 0.15384615384618883
199.38461538461524 26.153846153846189
14.384615384615394 2.1538461538462172
139.38461538461536 54.153846153846203
47.384615384615394 76.15384615384626
-309.61538461538464 -25.846153846153797
-81.61538461538467 92.15384615384626
-240.61538461538476 86.153846153846246

Translated matrix object 18
-657.92307692307702 -65.923076923076849
211.07692307692321 -87.923076923076906
238.07692307692298 -58.923076923076898
-32.923076923077062 -90.923076923076906
250.07692307692304 -26.923076923076955
242.07692307692309 2.0769230769231015
213.07692307692309 25.076923076923109
-9.9230769230769482 0.076923076923044675
147.07692307692304 56.076923076923023
59.076923076922995 80.07692307692308
-328.92307692307691 -25.92307692307697
-86.923076923076977 97.076923076923109
-243.92307692307691 96.076923076923038

Translated matrix object 19
-603.38461538461547 -25.153846153846125
203.61538461538458 -84.153846153846118
210.6153846153847 -66.153846153846118
-42.384615384615358 -88.153846153846175
219.61538461538458 -40.153846153846175
212.61538461538458 -7.1538461538461817
190.61538461538447 12.846153846153875
5.6153846153844711 -2.1538461538461533
142.61538461538458 40.846153846153825
54.615384615384528 67.846153846153825
-290.38461538461542 -8.1538461538461533
-76.384615384615458 96.846153846153911
-227.38461538461559 102.84615384615392

Translated matrix object 20
-585.30769230769226 -49.769230769230781
190.69230769230774 -86.769230769230774
209.69230769230774 -58.769230769230781
-47.307692307692278 -86.769230769230774
226.69230769230785 -29.769230769230838
216.69230769230762 1.2307692307691624
173.69230769230762 29.23076923076917
-10.307692307692307 -6.7692307692307807
133.69230769230774 48.23076923076917
48.69230769230775 70.230769230769226
-281.30769230769226 -17.769230769230823
-72.307692307692264 92.230769230769198
-203.30769230769226 95.230769230769283

Translated matrix object 21
-606.46153846153845 -64.153846153846075
210.53846153846152 -73.153846153846075
221.53846153846163 -56.153846153846068
-32.461538461538403 -87.153846153846132
229.53846153846163 -31.153846153846125
226.53846153846152 -2.1538461538461107
194.53846153846163 20.846153846153946
3.5384615384614833 -1.1538461538461675
131.53846153846155 53.846153846153889
47.538461538461483 72.846153846153896
-302.46153846153851 -22.153846153846139
-89.461538461538424 95.846153846153868
-234.46153846153834 93.846153846153925

Translated matrix object 22
-662.69230769230774 -50.615384615384627
217.30769230769252 -87.615384615384642
233.30769230769229 -63.615384615384627
-48.692307692307651 -94.615384615384642
247.30769230769229 -34.615384615384627
246.30769230769229 -4.6153846153846274
183.30769230769232 34.384615384615373
-4.6923076923077645 -4.6153846153846274
154.30769230769226 48.384615384615344
65.307692307692236 77.38461538461533
-327.69230769230774 -17.615384615384642
-73.692307692307708 97.384615384615358
-229.69230769230774 100.38461538461536

Translated matrix object 23
-705.76923076923083 -76.076923076923038
242.2307692307692 -83.076923076923038
258.2307692307694 -60.076923076923151
-50.769230769230866 -97.076923076923038
267.23076923076934 -30.076923076923038
257.23076923076928 4.9230769230769624
229.23076923076943 25.923076923077033
-7.769230769230667 -0.076923076922980727
150.23076923076914 55.923076923076977
52.230769230769219 84.923076923077033
-338.76923076923083 -26.076923076922967
-92.769230769230916 99.923076923077005
-260.76923076923083 100.92307692307702

Translated matrix object 24
-625.69230769230762 -78.153846153846217
212.30769230769241 -78.153846153846217
232.30769230769218 -49.153846153846217
-22.692307692307686 -88.15384615384616
237.30769230769246 -19.153846153846231
225.30769230769241 1.8461538461538822
196.30769230769229 25.846153846153818
-3.6923076923076295 0.84615384615393907
134.30769230769246 58.846153846153932
43.307692307692371 77.846153846153811
-312.69230769230762 -30.153846153846118
-93.692307692307537 88.84615384615384
-222.69230769230762 88.846153846153811

Translated matrix object 25
-663.07692307692309 -55.307692307692363
221.92307692307693 -85.307692307692392
242.92307692307705 -58.307692307692363
-43.07692307692303 -94.307692307692307
250.92307692307682 -32.307692307692349
241.92307692307682 -2.3076923076922924
212.92307692307682 16.692307692307722
-12.07692307692303 -2.3076923076922924
149.92307692307693 43.692307692307722
51.923076923076913 72.692307692307722
-328.07692307692315 -17.307692307692278
-99.07692307692318 102.69230769230772
-227.07692307692309 111.69230769230779

Translated matrix object 26
-684.76923076923072 -58.153846153846125
239.23076923076906 -83.153846153846075
253.23076923076934 -58.153846153846125
-42.769230769230681 -100.15384615384613
262.23076923076911 -32.153846153846246
245.23076923076923 -3.1538461538461888
212.23076923076928 21.846153846153868
13.230769230769205 1.8461538461537543
148.23076923076934 51.846153846153783
56.230769230769319 78.846153846153769
-338.76923076923077 -26.153846153846189
-108.76923076923077 100.84615384615388
-254.76923076923072 105.84615384615381

Translated matrix object 27
-651.92307692307702 -62.769230769230774
227.07692307692292 -76.769230769230717
242.07692307692292 -52.769230769230774
-36.923076923076998 -94.769230769230774
248.07692307692281 -23.769230769230681
233.07692307692292 6.2307692307692051
209.07692307692292 24.230769230769205
2.0769230769230589 -3.7692307692307381
146.07692307692304 49.230769230769262
45.076923076923137 71.230769230769198
-319.92307692307702 -21.769230769230766
-96.923076923076891 93.230769230769255
-246.92307692307702 92.230769230769283

Translated matrix object 28
-654.92307692307702 -68.230769230769297
218.07692307692321 -83.230769230769241
239.07692307692344 -55.230769230769297
-36.923076923077005 -93.230769230769184
246.07692307692321 -28.230769230769305
242.07692307692332 1.7692307692307523
214.07692307692332 24.769230769230802
1.076923076923137 -0.23076923076919087
144.07692307692318 54.769230769230802
46.07692307692318 77.769230769230859
-326.92307692307679 -24.230769230769162
-86.923076923076792 98.76923076923083
-244.92307692307691 94.76923076923083

Translated matrix object 29
-626.38461538461536 -47.461538461538481
210.61538461538476 -76.461538461538481
220.61538461538453 -57.461538461538474
-19.384615384615373 -88.461538461538424
232.61538461538453 -32.461538461538481
227.61538461538464 -5.4615384615384741
194.61538461538447 18.538461538461583
7.6153846153846274 2.5384615384615543
138.61538461538458 46.538461538461519
38.615384615384684 71.538461538461519
-304.38461538461542 -13.461538461538446
-89.384615384615373 89.538461538461547
-231.38461538461536 92.538461538461547

Translated matrix object 30
-655.76923076923083 -70.230769230769226
224.23076923076906 -78.23076923076917
241.23076923076928 -56.230769230769177
-53.76923076923071 -89.23076923076917
250.23076923076906 -28.230769230769234
246.23076923076917 1.7692307692307523
219.23076923076917 20.769230769230752
-8.7692307692307097 -2.2307692307692335
148.23076923076906 50.769230769230809
49.230769230769205 80.769230769230745
-327.76923076923083 -24.230769230769248
-90.769230769230887 98.769230769230774
-241.76923076923083 95.76923076923083

Translated matrix object 31
-658.38461538461536 -79.46153846153851
225.61538461538464 -78.461538461538453
243.61538461538464 -46.461538461538517
-51.38461538461528 -95.46153846153851
252.61538461538464 -19.461538461538446
239.61538461538464 10.538461538461561
207.61538461538453 28.538461538461569
-6.3846153846152802 -3.4615384615384386
150.61538461538464 53.538461538461512
55.615384615384606 78.538461538461547
-322.38461538461536 -32.461538461538495
-93.384615384615415 94.53846153846149
-243.38461538461536 89.538461538461434

Translated matrix object 32
-608.46153846153845 -60.999999999999993
213.53846153846135 -76.000000000000057
230.53846153846135 -54.0
-55.461538461538517 -90.0
235.53846153846158 -23.0
226.53846153846146 -1.0
203.53846153846146 19.0
-7.4615384615385167 -2.9999999999999432
143.53846153846158 47.000000000000007
53.538461538461576 75.000000000000057
-309.46153846153845 -21.999999999999929
-90.461538461538595 93.000000000000028
-235.46153846153857 96.000000000000114

Translated matrix object 33
-607.0 -58.846153846153918
205.99999999999994 -79.846153846153811
221.99999999999994 -56.846153846153861
-32.000000000000057 -89.846153846153811
228.99999999999994 -28.846153846153811
222.00000000000006 3.153846153846132
190.99999999999994 25.153846153846132
2.9999999999999432 -0.84615384615386802
132.0 52.153846153846189
43.999999999999986 75.153846153846189
-300.0 -25.846153846153868
-83.999999999999943 94.153846153846132
-226.0 91.153846153846189

Translated matrix object 34
-618.53846153846166 -56.307692307692314
208.4615384615384 -80.307692307692378
225.46153846153862 -59.307692307692314
-44.538461538461618 -86.307692307692335
233.4615384615384 -30.307692307692314
225.46153846153851 -7.3076923076922569
198.46153846153851 16.692307692307686
1.4615384615384386 3.6923076923076863
136.46153846153851 51.692307692307701
54.461538461538396 75.692307692307708
-300.5384615384616 -17.307692307692299
-83.538461538461547 95.692307692307708
-236.53846153846166 93.692307692307622

Translated matrix object 35
-707.23076923076928 -76.461538461538396
249.76923076923083 -83.461538461538396
270.7692307692306 -53.461538461538481
-53.23076923076912 -104.46153846153845
278.76923076923083 -24.461538461538481
267.76923076923072 3.5384615384615756
238.76923076923083 24.538461538461526
-16.230769230769191 -6.4615384615384244
157.76923076923083 61.538461538461583
51.769230769230752 85.538461538461519
-368.23076923076923 -32.461538461538467
-109.23076923076923 100.53846153846146
-261.23076923076917 105.53846153846149

Translated matrix object 36
-614.0 -66.769230769230788
204.99999999999989 -81.769230769230674
227.99999999999989 -50.769230769230781
-29.999999999999964 -91.769230769230788
233.99999999999989 -23.769230769230724
224.99999999999989 1.2307692307691624
195.99999999999989 24.230769230769226
1.9999999999999218 2.2307692307692193
143.00000000000003 53.23076923076917
46.999999999999979 76.230769230769198
-310.00000000000006 -27.769230769230781
-91.000000000000114 94.230769230769283
-235.00000000000023 91.23076923076917

Translated matrix object 37
-637.92307692307691 -65.23076923076934
217.07692307692295 -82.230769230769397
240.07692307692295 -55.230769230769219
-47.923076923076913 -91.230769230769255
248.07692307692295 -29.230769230769162
238.07692307692295 -0.23076923076921929
210.07692307692295 25.769230769230788
-8.9230769230769127 1.7692307692307239
141.07692307692307 53.769230769230731
52.076923076923016 79.769230769230731
-315.92307692307708 -28.230769230769205
-90.923076923077048 96.769230769230731
-244.92307692307713 93.76923076923083

Translated matrix object 38
-650.92307692307691 -56.923076923076906
224.07692307692309 -78.923076923076906
240.07692307692321 -54.923076923076962
-61.923076923076977 -96.923076923076962
247.07692307692321 -33.923076923076898
241.07692307692321 -7.9230769230769553
211.07692307692309 18.076923076923038
4.0769230769230091 1.0769230769231015
149.07692307692309 49.076923076923066
55.076923076923009 78.076923076923151
-319.92307692307696 -19.923076923076927
-89.92307692307692 101.07692307692309
-248.92307692307702 102.07692307692309

Translated matrix object 39
-611.15384615384619 -71.230769230769241
206.84615384615412 -74.230769230769241
220.8461538461539 -50.230769230769241
-40.153846153846018 -89.230769230769297
223.84615384615378 -25.230769230769184
217.8461538461539 4.7692307692308304
193.8461538461539 24.769230769230781
6.846153846153868 3.7692307692307736
142.84615384615387 52.769230769230695
63.846153846153868 76.769230769230688
-304.15384615384619 -29.230769230769241
-97.153846153846217 90.769230769230688
-224.1538461538463 85.769230769230774

Translated matrix object 40
-741.23076923076928 -71.769230769230688
249.76923076923089 -85.769230769230745
264.76923076923066 -62.769230769230745
-39.230769230769198 -102.7692307692308
277.76923076923066 -31.769230769230745
273.76923076923077 1.2307692307692548
231.76923076923077 30.230769230769205
-18.230769230769198 -4.769230769230802
164.76923076923086 58.230769230769148
73.769230769230575 85.230769230769226
-381.23076923076934 -33.76923076923083
-99.230769230769454 107.2307692307692
-257.2307692307694 111.23076923076923

Translated matrix object 41
-598.07692307692309 -49.230769230769177
207.92307692307696 -79.23076923076917
215.92307692307674 -58.230769230769234
-39.076923076923038 -86.230769230769226
223.92307692307696 -31.230769230769234
220.92307692307696 -5.2307692307692903
185.92307692307699 20.76923076923071
-2.0769230769230376 2.7692307692307097
136.92307692307688 45.769230769230752
57.923076923076849 70.769230769230745
-297.07692307692321 -15.230769230769248
-86.076923076923151 89.769230769230745
-227.07692307692309 94.76923076923083

Translated matrix object 42
-662.53846153846143 -69.538461538461547
221.46153846153845 -86.53846153846149
245.46153846153845 -58.538461538461547
-44.538461538461483 -102.53846153846149
253.46153846153834 -26.538461538461547
243.46153846153845 2.4615384615384528
219.46153846153845 27.46153846153851
-2.5384615384614833 1.4615384615385096
149.46153846153848 57.461538461538538
49.461538461538595 86.461538461538439
-331.53846153846149 -31.538461538461547
-93.538461538461377 102.46153846153838
-247.53846153846143 97.461538461538453

Translated matrix object 43
-593.30769230769226 -50.000000000000043
208.69230769230788 -76.000000000000057
223.69230769230765 -51.999999999999986
-36.307692307692335 -89.000000000000028
232.69230769230776 -23.999999999999979
213.69230769230765 2.1316282072803006e-14
196.69230769230776 20.000000000000021
-14.307692307692335 -2.0000000000000071
127.69230769230776 46.999999999999964
50.692307692307779 68.0
-299.30769230769238 -18.000000000000064
-87.307692307692292 88.999999999999943
-223.30769230769226 87.0

Translated matrix object 44
-617.76923076923083 -56.230769230769262
219.23076923076943 -73.230769230769255
231.23076923076943 -49.230769230769262
-52.769230769230823 -92.230769230769255
239.2307692307692 -29.230769230769255
231.23076923076943 -0.23076923076925482
198.2307692307692 19.769230769230688
-6.7692307692308233 -5.2307692307692832
130.23076923076925 47.769230769230774
47.230769230769262 72.769230769230802
-313.76923076923083 -25.230769230769226
-85.769230769230802 92.769230769230788
-219.76923076923072 97.769230769230717

Translated matrix object 45
-650.76923076923083 -62.461538461538481
210.23076923076928 -88.461538461538481
233.23076923076928 -60.461538461538481
-30.769230769230788 -98.461538461538481
244.23076923076928 -28.461538461538417
238.23076923076917 -2.4615384615384457
205.23076923076928 24.538461538461554
7.2307692307691696 -0.46153846153844569
147.23076923076917 52.538461538461497
59.230769230769226 79.53846153846149
-328.76923076923077 -18.461538461538446
-96.769230769230731 100.53846153846158
-237.76923076923072 102.53846153846155

Translated matrix object 46
-646.53846153846166 -76.769230769230745
215.46153846153854 -73.769230769230745
235.46153846153842 -47.76923076923083
-37.538461538461696 -97.769230769230745
238.46153846153831 -22.769230769230809
234.46153846153831 3.2307692307692477
198.46153846153831 28.230769230769241
10.461538461538431 2.2307692307692477
146.46153846153831 52.230769230769212
42.461538461538431 77.230769230769212
-313.5384615384616 -31.769230769230809
-91.538461538461689 95.230769230769212
-232.53846153846166 92.230769230769283

Translated matrix object 47
-712.92307692307679 -23.923076923076877
225.07692307692292 -102.92307692307693
253.07692307692321 -73.923076923076934
-58.923076923076842 -96.923076923076934
268.07692307692321 -37.923076923076934
260.07692307692321 -14.923076923076927
229.07692307692326 9.0769230769230731
-2.9230769230768416 -1.9230769230769269
169.07692307692309 44.076923076923094
62.076923076923102 81.076923076923094
-347.92307692307702 -8.9230769230768985
-90.923076923076962 112.07692307692315
-252.92307692307702 115.07692307692315

Translated matrix object 48
-580.61538461538476 -50.153846153846139
200.38461538461536 -83.15384615384616
222.38461538461536 -56.153846153846153
-47.615384615384585 -86.15384615384616
231.38461538461536 -27.153846153846139
221.38461538461536 -6.1538461538461604
198.38461538461547 15.84615384615384
-11.615384615384649 -2.1538461538461604
146.38461538461544 44.846153846153889
48.384615384615437 76.846153846153896
-305.61538461538464 -17.153846153846104
-86.615384615384585 94.846153846153868
-236.61538461538464 95.846153846153868

Translated matrix object 49
588.46153846153845 -80.84615384615384
-208.53846153846155 -71.84615384615384
-229.53846153846149 -42.846153846153776
54.461538461538424 -88.84615384615384
-232.53846153846155 -19.846153846153832
-219.53846153846155 5.1538461538461675
-187.53846153846155 32.153846153846168
3.4615384615384528 -5.8461538461538893
-136.5384615384616 52.153846153846068
-45.538461538461583 76.153846153846075
300.46153846153845 -25.846153846153875
87.46153846153841 86.153846153846132
225.4615384615384 84.153846153846075

Translated matrix object 50
679.1538461538463 -40.846153846153889
-225.84615384615381 -81.84615384615384
-235.84615384615387 -64.846153846153896
40.153846153846203 -96.846153846153896
-251.84615384615387 -32.846153846153889
-246.84615384615387 -4.8461538461537614
-212.84615384615387 17.153846153846104
-5.846153846153868 -2.8461538461538183
-151.84615384615387 50.153846153846104
-52.846153846153811 79.15384615384616
332.15384615384619 -19.846153846153889
94.153846153846175 100.15384615384622
238.15384615384619 98.153846153846303



SCALING to UNIT Centroid Size

Scaled individual 0
849.98918291759639
-0.667 -0.067
0.225 -0.097
0.243 -0.068
-0.043 -0.109
0.252 -0.035
0.244 -0.002
0.213 0.026
-0.001 -0.001
0.150 0.059
0.054 0.091
-0.330 -0.025
-0.093 0.114
-0.246 0.116
Scaled individual 1
875.26628915038032
-0.675 -0.033
0.218 -0.100
0.241 -0.073
-0.055 -0.094
0.256 -0.043
0.249 -0.015
0.217 0.013
-0.017 -0.003
0.153 0.049
0.061 0.082
-0.330 -0.007
-0.087 0.110
-0.234 0.114
Scaled individual 2
930.5106951809604
-0.667 -0.062
0.228 -0.084
0.245 -0.062
-0.031 -0.100
0.255 -0.033
0.245 -0.006
0.218 0.019
-0.003 -0.004
0.152 0.052
0.043 0.082
-0.343 -0.017
-0.102 0.103
-0.240 0.111
Scaled individual 3
1018.1675092650898
-0.679 -0.049
0.223 -0.086
0.243 -0.058
-0.045 -0.095
0.255 -0.031
0.243 -0.002
0.216 0.023
-0.016 -0.005
0.155 0.048
0.062 0.074
-0.340 -0.017
-0.081 0.095
-0.235 0.103
Scaled individual 4
1006.5605564724628
-0.676 -0.052
0.226 -0.081
0.243 -0.063
-0.042 -0.090
0.252 -0.030
0.250 -0.006
0.213 0.020
0.009 0.002
0.150 0.047
0.052 0.077
-0.337 -0.021
-0.091 0.100
-0.248 0.098
Scaled individual 5
999.16757661257509
-0.660 -0.083
0.227 -0.081
0.245 -0.058
-0.056 -0.099
0.257 -0.023
0.250 0.005
0.223 0.026
0.000 0.003
0.152 0.055
0.046 0.087
-0.329 -0.030
-0.095 0.102
-0.261 0.097
Scaled individual 6
996.02903881053919
-0.675 -0.039
0.222 -0.094
0.240 -0.073
-0.051 -0.095
0.253 -0.038
0.249 -0.008
0.224 0.014
-0.001 -0.001
0.155 0.047
0.045 0.081
-0.325 -0.012
-0.090 0.107
-0.244 0.112
Scaled individual 7
1041.9522357279443
-0.687 -0.046
0.219 -0.091
0.241 -0.066
-0.037 -0.094
0.248 -0.037
0.239 -0.005
0.215 0.016
0.013 0.004
0.150 0.047
0.058 0.079
-0.333 -0.015
-0.091 0.101
-0.235 0.107
Scaled individual 8
985.39878690343892
-0.680 -0.049
0.223 -0.094
0.241 -0.063
-0.039 -0.098
0.246 -0.037
0.242 -0.007
0.214 0.017
0.014 -0.002
0.153 0.044
0.060 0.081
-0.328 -0.012
-0.097 0.108
-0.247 0.110
Scaled individual 9
918.33218390732679
-0.661 -0.063
0.231 -0.095
0.254 -0.063
-0.052 -0.099
0.258 -0.032
0.249 -0.004
0.217 0.022
-0.003 -0.000
0.142 0.058
0.047 0.084
-0.333 -0.020
-0.097 0.103
-0.250 0.109
Scaled individual 10
1056.7964653757929
-0.682 -0.010
0.217 -0.102
0.241 -0.076
-0.045 -0.093
0.252 -0.054
0.248 -0.024
0.205 0.011
-0.005 -0.005
0.156 0.041
0.059 0.075
-0.329 0.004
-0.081 0.108
-0.235 0.125
Scaled individual 11
1061.3989317441828
-0.669 -0.054
0.235 -0.088
0.249 -0.059
-0.054 -0.100
0.252 -0.036
0.249 -0.007
0.209 0.024
-0.006 -0.002
0.148 0.052
0.056 0.081
-0.334 -0.023
-0.089 0.105
-0.247 0.106
Scaled individual 12
894.95938885086173
-0.670 -0.065
0.231 -0.089
0.245 -0.062
-0.034 -0.096
0.256 -0.033
0.238 -0.002
0.212 0.024
0.002 -0.001
0.150 0.052
0.050 0.083
-0.333 -0.024
-0.094 0.108
-0.254 0.106
Scaled individual 13
908.71811657114847
-0.687 -0.071
0.215 -0.086
0.238 -0.058
-0.014 -0.099
0.252 -0.024
0.247 0.009
0.208 0.034
0.012 0.002
0.143 0.057
0.050 0.079
-0.332 -0.037
-0.088 0.099
-0.244 0.095
Scaled individual 14
877.11967431868914
-0.675 -0.077
0.232 -0.080
0.246 -0.056
-0.061 -0.100
0.254 -0.026
0.243 0.002
0.211 0.031
0.014 -0.001
0.151 0.058
0.061 0.082
-0.309 -0.022
-0.101 0.099
-0.265 0.091
Scaled individual 15
988.85357086647809
0.676 -0.018
-0.227 -0.092
-0.238 -0.072
0.050 -0.089
-0.251 -0.045
-0.248 -0.016
-0.221 0.008
-0.000 -0.002
-0.151 0.043
-0.057 0.074
0.341 -0.000
0.096 0.100
0.230 0.111
Scaled individual 16
900.85147755630885
-0.678 -0.067
0.231 -0.079
0.248 -0.050
-0.037 -0.092
0.250 -0.023
0.244 0.006
0.216 0.025
0.013 -0.001
0.144 0.054
0.050 0.079
-0.331 -0.034
-0.097 0.092
-0.252 0.090
Scaled individual 17
928.16311563796239
-0.674 -0.070
0.221 -0.085
0.240 -0.057
-0.036 -0.099
0.253 -0.025
0.246 0.000
0.215 0.028
0.015 0.002
0.150 0.058
0.051 0.082
-0.334 -0.028
-0.088 0.099
-0.259 0.093
Scaled individual 18
977.87721425230393
-0.673 -0.067
0.216 -0.090
0.243 -0.060
-0.034 -0.093
0.256 -0.028
0.248 0.002
0.218 0.026
-0.010 0.000
0.150 0.057
0.060 0.082
-0.336 -0.027
-0.089 0.099
-0.249 0.098
Scaled individual 19
891.43859532262206
-0.677 -0.028
0.228 -0.094
0.236 -0.074
-0.048 -0.099
0.246 -0.045
0.239 -0.008
0.214 0.014
0.006 -0.002
0.160 0.046
0.061 0.076
-0.326 -0.009
-0.086 0.109
-0.255 0.115
Scaled individual 20
864.66471936992843
-0.677 -0.058
0.221 -0.100
0.243 -0.068
-0.055 -0.100
0.262 -0.034
0.251 0.001
0.201 0.034
-0.012 -0.008
0.155 0.056
0.056 0.081
-0.325 -0.021
-0.084 0.107
-0.235 0.110
Scaled individual 21
909.09786221117213
-0.667 -0.071
0.232 -0.080
0.244 -0.062
-0.036 -0.096
0.252 -0.034
0.249 -0.002
0.214 0.023
0.004 -0.001
0.145 0.059
0.052 0.080
-0.333 -0.024
-0.098 0.105
-0.258 0.103
Scaled individual 22
972.70131394680777
-0.681 -0.052
0.223 -0.090
0.240 -0.065
-0.050 -0.097
0.254 -0.036
0.253 -0.005
0.188 0.035
-0.005 -0.005
0.159 0.050
0.067 0.080
-0.337 -0.018
-0.076 0.100
-0.236 0.103
Scaled individual 23
1044.7082036479042
-0.676 -0.073
0.232 -0.080
0.247 -0.058
-0.049 -0.093
0.256 -0.029
0.246 0.005
0.219 0.025
-0.007 -0.000
0.144 0.054
0.050 0.081
-0.324 -0.025
-0.089 0.096
-0.250 0.097
Scaled individual 24
928.65411297127287
-0.674 -0.084
0.229 -0.084
0.250 -0.053
-0.024 -0.095
0.256 -0.021
0.243 0.002
0.211 0.028
-0.004 0.001
0.145 0.063
0.047 0.084
-0.337 -0.032
-0.101 0.096
-0.240 0.096
Scaled individual 25
982.55976525995231
-0.675 -0.056
0.226 -0.087
0.247 -0.059
-0.044 -0.096
0.255 -0.033
0.246 -0.002
0.217 0.017
-0.012 -0.002
0.153 0.044
0.053 0.074
-0.334 -0.018
-0.101 0.105
-0.231 0.114
Scaled individual 26
1019.3370394526041
-0.672 -0.057
0.235 -0.082
0.248 -0.057
-0.042 -0.098
0.257 -0.032
0.241 -0.003
0.208 0.021
0.013 0.002
0.145 0.051
0.055 0.077
-0.332 -0.026
-0.107 0.099
-0.250 0.104
Scaled individual 27
969.62736696590343
-0.672 -0.065
0.234 -0.079
0.250 -0.054
-0.038 -0.098
0.256 -0.025
0.240 0.006
0.216 0.025
0.002 -0.004
0.151 0.051
0.046 0.073
-0.330 -0.022
-0.100 0.096
-0.255 0.095
Scaled individual 28
974.88523979452668
-0.672 -0.070
0.224 -0.085
0.245 -0.057
-0.038 -0.096
0.252 -0.029
0.248 0.002
0.220 0.025
0.001 -0.000
0.148 0.056
0.047 0.080
-0.335 -0.025
-0.089 0.101
-0.251 0.097
Scaled individual 29
921.52281995201167
-0.680 -0.052
0.229 -0.083
0.239 -0.062
-0.021 -0.096
0.252 -0.035
0.247 -0.006
0.211 0.020
0.008 0.003
0.150 0.051
0.042 0.078
-0.330 -0.015
-0.097 0.097
-0.251 0.100
Scaled individual 30
981.49305417033668
-0.668 -0.072
0.228 -0.080
0.246 -0.057
-0.055 -0.091
0.255 -0.029
0.251 0.002
0.223 0.021
-0.009 -0.002
0.151 0.052
0.050 0.082
-0.334 -0.025
-0.092 0.101
-0.246 0.098
Scaled individual 31
980.05321676545077
-0.672 -0.081
0.230 -0.080
0.249 -0.047
-0.052 -0.097
0.258 -0.020
0.244 0.011
0.212 0.029
-0.007 -0.004
0.154 0.055
0.057 0.080
-0.329 -0.033
-0.095 0.096
-0.248 0.091
Scaled individual 32
922.3812827509189
-0.660 -0.066
0.232 -0.082
0.250 -0.059
-0.060 -0.098
0.255 -0.025
0.246 -0.001
0.221 0.021
-0.008 -0.003
0.156 0.051
0.058 0.081
-0.336 -0.024
-0.098 0.101
-0.255 0.104
Scaled individual 33
903.17644583308982
-0.672 -0.065
0.228 -0.088
0.246 -0.063
-0.035 -0.099
0.254 -0.032
0.246 0.003
0.211 0.028
0.003 -0.001
0.146 0.058
0.049 0.083
-0.332 -0.029
-0.093 0.104
-0.250 0.101
Scaled individual 34
920.28039205450875
-0.672 -0.061
0.227 -0.087
0.245 -0.064
-0.048 -0.094
0.254 -0.033
0.245 -0.008
0.216 0.018
0.002 0.004
0.148 0.056
0.059 0.082
-0.327 -0.019
-0.091 0.104
-0.257 0.102
Scaled individual 35
1072.369124164594
-0.660 -0.071
0.233 -0.078
0.252 -0.050
-0.050 -0.097
0.260 -0.023
0.250 0.003
0.223 0.023
-0.015 -0.006
0.147 0.057
0.048 0.080
-0.343 -0.030
-0.102 0.094
-0.244 0.098
Scaled individual 36
920.80959361439511
-0.667 -0.073
0.223 -0.089
0.248 -0.055
-0.033 -0.100
0.254 -0.026
0.244 0.001
0.213 0.026
0.002 0.002
0.155 0.058
0.051 0.083
-0.337 -0.030
-0.099 0.102
-0.255 0.099
Scaled individual 37
958.76651525240027
-0.665 -0.068
0.226 -0.086
0.250 -0.058
-0.050 -0.095
0.259 -0.030
0.248 -0.000
0.219 0.027
-0.009 0.002
0.147 0.056
0.054 0.083
-0.330 -0.029
-0.095 0.101
-0.255 0.098
Scaled individual 38
974.54289087440714
-0.668 -0.058
0.230 -0.081
0.246 -0.056
-0.064 -0.099
0.254 -0.035
0.247 -0.008
0.217 0.019
0.004 0.001
0.153 0.050
0.057 0.080
-0.328 -0.020
-0.092 0.104
-0.255 0.105
Scaled individual 39
908.8597251501468
-0.672 -0.078
0.228 -0.082
0.243 -0.055
-0.044 -0.098
0.246 -0.028
0.240 0.005
0.213 0.027
0.008 0.004
0.157 0.058
0.070 0.084
-0.335 -0.032
-0.107 0.100
-0.247 0.094
Scaled individual 40
1099.1672372230787
-0.674 -0.065
0.227 -0.078
0.241 -0.057
-0.036 -0.093
0.253 -0.029
0.249 0.001
0.211 0.028
-0.017 -0.004
0.150 0.053
0.067 0.078
-0.347 -0.031
-0.090 0.098
-0.234 0.101
Scaled individual 41
892.90157955355369
-0.670 -0.055
0.233 -0.089
0.242 -0.065
-0.044 -0.097
0.251 -0.035
0.247 -0.006
0.208 0.023
-0.002 0.003
0.153 0.051
0.065 0.079
-0.333 -0.017
-0.096 0.101
-0.254 0.106
Scaled individual 42
993.05209407083044
-0.667 -0.070
0.223 -0.087
0.247 -0.059
-0.045 -0.103
0.255 -0.027
0.245 0.002
0.221 0.028
-0.003 0.001
0.151 0.058
0.050 0.087
-0.334 -0.032
-0.094 0.103
-0.249 0.098
Scaled individual 43
891.12444093446857
-0.666 -0.056
0.234 -0.085
0.251 -0.058
-0.041 -0.100
0.261 -0.027
0.240 0.000
0.221 0.022
-0.016 -0.002
0.143 0.053
0.057 0.076
-0.336 -0.020
-0.098 0.100
-0.251 0.098
Scaled individual 44
925.41699540510706
-0.668 -0.061
0.237 -0.079
0.250 -0.053
-0.057 -0.100
0.259 -0.032
0.250 -0.000
0.214 0.021
-0.007 -0.006
0.141 0.052
0.051 0.079
-0.339 -0.027
-0.093 0.100
-0.237 0.106
Scaled individual 45
968.15987236692411
-0.672 -0.065
0.217 -0.091
0.241 -0.062
-0.032 -0.102
0.252 -0.029
0.246 -0.003
0.212 0.025
0.007 -0.000
0.152 0.054
0.061 0.082
-0.340 -0.019
-0.100 0.104
-0.246 0.106
Scaled individual 46
953.10940529486891
-0.678 -0.081
0.226 -0.077
0.247 -0.050
-0.039 -0.103
0.250 -0.024
0.246 0.003
0.208 0.030
0.011 0.002
0.154 0.055
0.045 0.081
-0.329 -0.033
-0.096 0.100
-0.244 0.097
Scaled individual 47
1051.8212044610275
-0.678 -0.023
0.214 -0.098
0.241 -0.070
-0.056 -0.092
0.255 -0.036
0.247 -0.014
0.218 0.009
-0.003 -0.002
0.161 0.042
0.059 0.077
-0.331 -0.008
-0.086 0.107
-0.240 0.109
Scaled individual 48
893.93555093796863
-0.650 -0.056
0.224 -0.093
0.249 -0.063
-0.053 -0.096
0.259 -0.030
0.248 -0.007
0.222 0.018
-0.013 -0.002
0.164 0.050
0.054 0.086
-0.342 -0.019
-0.097 0.106
-0.265 0.107
Scaled individual 49
893.84949688240181
0.658 -0.090
-0.233 -0.080
-0.257 -0.048
0.061 -0.099
-0.260 -0.022
-0.246 0.006
-0.210 0.036
0.004 -0.007
-0.153 0.058
-0.051 0.085
0.336 -0.029
0.098 0.096
0.252 0.094
Scaled individual 50
996.5657954271685
0.681 -0.041
-0.227 -0.082
-0.237 -0.065
0.040 -0.097
-0.253 -0.033
-0.248 -0.005
-0.214 0.017
-0.006 -0.003
-0.152 0.050
-0.053 0.079
0.333 -0.020
0.094 0.100
0.239 0.098

{translated and scaled (first one is consensus)} saved in 
C:/Users/vmc04/Documents/GitHub/wingproj/Metric disparity/Field 13/FieldAPR13 landmarks_Format_TRANSCALED.txt


 - Centroid sizes -  saved in 
C:/Users/vmc04/Documents/GitHub/wingproj/Metric disparity/Field 13/FieldAPR13 landmarks_Format_CS.txt


ROTATION (aligned specimens)
New sum of Procrustes distances to mean shape: 0.71670208830888726
Convergence = 10.773131776636902
New sum of Procrustes distances to mean shape: 0.033271904845463572
Convergence = 0.68343018346342366
New sum of Procrustes distances to mean shape: 0.033271895038115798
Convergence = 9.8073477741711379e-09
Procedure ROTATION
Last consensus, 

-0.6723 -0.0593
0.2266 -0.0865
0.2449 -0.0606
-0.0444 -0.0968
0.2543 -0.0313
0.2461 -0.0023
0.2144 0.0227
-0.0009 -0.0010
0.1510 0.0524
0.0544 0.0803
-0.3331 -0.0218
-0.0937 0.1015
-0.2473 0.1027


rotated object 0 
-0.6727 -0.0641
0.2228 -0.0897
0.2444 -0.0624
-0.0503 -0.0964
0.2579 -0.0310
0.2498 -0.0039
0.2165 0.0232
-0.0167 -0.0034
0.1510 0.0557
0.0570 0.0846
-0.3293 -0.0222
-0.0915 0.1064
-0.2389 0.1032

rotated object 1 
-0.6672 -0.0628
0.2280 -0.0840
0.2452 -0.0614
-0.0309 -0.1005
0.2548 -0.0323
0.2451 -0.0055
0.2182 0.0192
-0.0031 -0.0037
0.1515 0.0524
0.0429 0.0823
-0.3427 -0.0172
-0.1022 0.1025
-0.2397 0.1109

rotated object 2 
-0.6788 -0.0577
0.2242 -0.0830
0.2435 -0.0553
-0.0438 -0.0951
0.2550 -0.0276
0.2428 0.0007
0.2160 0.0259
-0.0164 -0.0054
0.1548 0.0497
0.0612 0.0751
-0.3394 -0.0211
-0.0824 0.0940
-0.2367 0.0999

rotated object 3 
-0.6759 -0.0560
0.2264 -0.0798
0.2431 -0.0618
-0.0418 -0.0903
0.2519 -0.0290
0.2498 -0.0042
0.2129 0.0214
0.0093 0.0024
0.1501 0.0479
0.0516 0.0772
-0.3373 -0.0234
-0.0916 0.0992
-0.2485 0.0964

rotated object 4 
-0.6626 -0.0638
0.2248 -0.0878
0.2435 -0.0653
-0.0588 -0.0975
0.2565 -0.0306
0.2503 -0.0024
0.2239 0.0194
0.0002 0.0029
0.1537 0.0505
0.0486 0.0856
-0.3299 -0.0205
-0.0920 0.1047
-0.2582 0.1046

rotated object 5 
-0.6731 -0.0609
0.2247 -0.0873
0.2421 -0.0656
-0.0482 -0.0971
0.2540 -0.0301
0.2490 -0.0001
0.2232 0.0212
-0.0010 -0.0011
0.1529 0.0521
0.0425 0.0827
-0.3248 -0.0226
-0.0938 0.1044
-0.2475 0.1045

rotated object 6 
-0.6853 -0.0609
0.2214 -0.0862
0.2420 -0.0608
-0.0347 -0.0947
0.2490 -0.0318
0.2387 0.0006
0.2143 0.0211
0.0131 0.0043
0.1493 0.0504
0.0565 0.0801
-0.3329 -0.0225
-0.0937 0.0989
-0.2377 0.1015

rotated object 7 
-0.6784 -0.0629
0.2245 -0.0889
0.2422 -0.0581
-0.0372 -0.0984
0.2467 -0.0316
0.2420 -0.0022
0.2131 0.0215
0.0136 -0.0019
0.1517 0.0476
0.0586 0.0823
-0.3281 -0.0191
-0.0993 0.1064
-0.2495 0.1053

rotated object 8 
-0.6610 -0.0628
0.2308 -0.0949
0.2537 -0.0633
-0.0523 -0.0991
0.2581 -0.0317
0.2494 -0.0045
0.2167 0.0216
-0.0033 0.0000
0.1416 0.0576
0.0469 0.0838
-0.3332 -0.0194
-0.0969 0.1035
-0.2504 0.1090

rotated object 9 
-0.6792 -0.0617
0.2241 -0.0854
0.2457 -0.0572
-0.0379 -0.0957
0.2554 -0.0346
0.2494 -0.0056
0.2034 0.0260
-0.0050 -0.0050
0.1520 0.0525
0.0532 0.0791
-0.3283 -0.0209
-0.0889 0.1016
-0.2440 0.1069

rotated object 10 
-0.6687 -0.0580
0.2359 -0.0861
0.2490 -0.0578
-0.0532 -0.1002
0.2526 -0.0342
0.2486 -0.0050
0.2089 0.0258
-0.0058 -0.0019
0.1474 0.0528
0.0559 0.0814
-0.3335 -0.0247
-0.0894 0.1040
-0.2477 0.1039

rotated object 11 
-0.6707 -0.0616
0.2309 -0.0901
0.2444 -0.0634
-0.0339 -0.0957
0.2557 -0.0344
0.2380 -0.0030
0.2124 0.0228
0.0022 -0.0009
0.1500 0.0510
0.0506 0.0827
-0.3331 -0.0229
-0.0934 0.1079
-0.2532 0.1075

rotated object 12 
-0.6881 -0.0544
0.2126 -0.0910
0.2364 -0.0641
-0.0166 -0.0986
0.2515 -0.0304
0.2468 0.0028
0.2089 0.0290
0.0123 0.0020
0.1446 0.0537
0.0516 0.0781
-0.3330 -0.0291
-0.0854 0.1013
-0.2417 0.1007

rotated object 13 
-0.6764 -0.0604
0.2296 -0.0860
0.2450 -0.0624
-0.0638 -0.0982
0.2537 -0.0318
0.2430 -0.0042
0.2118 0.0262
0.0138 -0.0009
0.1520 0.0539
0.0626 0.0801
-0.3092 -0.0146
-0.0988 0.1011
-0.2632 0.0972

rotated object 14 
-0.6740 -0.0564
0.2317 -0.0794
0.2417 -0.0585
-0.0451 -0.0919
0.2533 -0.0305
0.2487 -0.0024
0.2201 0.0203
0.0005 -0.0022
0.1484 0.0517
0.0528 0.0767
-0.3409 -0.0194
-0.1011 0.0943
-0.2361 0.0979

rotated object 15 
-0.6793 -0.0506
0.2293 -0.0843
0.2467 -0.0558
-0.0396 -0.0909
0.2495 -0.0292
0.2436 -0.0002
0.2163 0.0193
0.0126 -0.0012
0.1449 0.0500
0.0523 0.0778
-0.3322 -0.0259
-0.0949 0.0948
-0.2492 0.0964

rotated object 16 
-0.6752 -0.0575
0.2197 -0.0890
0.2385 -0.0613
-0.0380 -0.0983
0.2520 -0.0293
0.2460 -0.0044
0.2153 0.0242
0.0155 0.0020
0.1512 0.0556
0.0526 0.0811
-0.3340 -0.0217
-0.0861 0.1009
-0.2575 0.0976

rotated object 17 
-0.6735 -0.0606
0.2149 -0.0921
0.2428 -0.0627
-0.0346 -0.0926
0.2554 -0.0301
0.2476 -0.0004
0.2181 0.0234
-0.0101 0.0002
0.1510 0.0558
0.0612 0.0813
-0.3366 -0.0231
-0.0879 0.1002
-0.2484 0.1008

rotated object 18 
-0.6750 -0.0579
0.2323 -0.0843
0.2393 -0.0638
-0.0432 -0.1009
0.2481 -0.0342
0.2386 0.0025
0.2130 0.0238
0.0064 -0.0021
0.1578 0.0528
0.0579 0.0787
-0.3250 -0.0235
-0.0904 0.1048
-0.2599 0.1041

rotated object 19 
-0.6763 -0.0640
0.2215 -0.0983
0.2431 -0.0657
-0.0538 -0.1009
0.2625 -0.0319
0.2506 0.0038
0.2005 0.0357
-0.0118 -0.0079
0.1541 0.0572
0.0555 0.0818
-0.3251 -0.0236
-0.0846 0.1059
-0.2362 0.1079

rotated object 20 
-0.6680 -0.0620
0.2305 -0.0834
0.2429 -0.0649
-0.0369 -0.0954
0.2520 -0.0375
0.2491 -0.0056
0.2143 0.0202
0.0039 -0.0013
0.1454 0.0574
0.0533 0.0795
-0.3330 -0.0201
-0.0970 0.1067
-0.2566 0.1065

rotated object 21 
-0.6806 -0.0609
0.2246 -0.0872
0.2407 -0.0623
-0.0488 -0.0979
0.2547 -0.0323
0.2533 -0.0014
0.1880 0.0378
-0.0048 -0.0048
0.1580 0.0518
0.0661 0.0804
-0.3366 -0.0225
-0.0771 0.0991
-0.2375 0.1001

rotated object 22 
-0.6768 -0.0606
0.2304 -0.0837
0.2461 -0.0619
-0.0503 -0.0920
0.2552 -0.0334
0.2463 0.0003
0.2198 0.0209
-0.0074 0.0001
0.1447 0.0509
0.0515 0.0804
-0.3247 -0.0191
-0.0871 0.0972
-0.2478 0.1011

rotated object 23 
-0.6763 -0.0606
0.2255 -0.0921
0.2482 -0.0616
-0.0277 -0.0940
0.2547 -0.0295
0.2425 -0.0065
0.2122 0.0204
-0.0039 0.0010
0.1467 0.0583
0.0495 0.0821
-0.3376 -0.0207
-0.0975 0.0991
-0.2363 0.1040

rotated object 24 
-0.6742 -0.0633
0.2267 -0.0845
0.2478 -0.0568
-0.0428 -0.0964
0.2557 -0.0302
0.2462 0.0002
0.2165 0.0192
-0.0123 -0.0025
0.1521 0.0460
0.0521 0.0745
-0.3337 -0.0211
-0.1019 0.1035
-0.2323 0.1113

rotated object 25 
-0.6720 -0.0543
0.2344 -0.0825
0.2482 -0.0581
-0.0424 -0.0981
0.2571 -0.0326
0.2406 -0.0041
0.2083 0.0206
0.0130 0.0018
0.1456 0.0503
0.0555 0.0771
-0.3324 -0.0243
-0.1063 0.0994
-0.2495 0.1049

rotated object 26 
-0.6733 -0.0534
0.2328 -0.0831
0.2487 -0.0586
-0.0397 -0.0971
0.2554 -0.0288
0.2405 0.0024
0.2160 0.0213
0.0021 -0.0039
0.1515 0.0482
0.0477 0.0727
-0.3303 -0.0169
-0.0983 0.0978
-0.2530 0.0994

rotated object 27 
-0.6727 -0.0603
0.2224 -0.0886
0.2444 -0.0602
-0.0392 -0.0951
0.2520 -0.0326
0.2483 -0.0018
0.2199 0.0222
0.0011 -0.0003
0.1486 0.0540
0.0484 0.0791
-0.3357 -0.0200
-0.0877 0.1026
-0.2498 0.1008

rotated object 28 
-0.6794 -0.0554
0.2290 -0.0817
0.2398 -0.0610
-0.0205 -0.0961
0.2526 -0.0338
0.2470 -0.0045
0.2111 0.0213
0.0082 0.0028
0.1501 0.0514
0.0415 0.0779
-0.3302 -0.0165
-0.0976 0.0966
-0.2517 0.0990

rotated object 29 
-0.6690 -0.0626
0.2274 -0.0827
0.2450 -0.0606
-0.0560 -0.0902
0.2545 -0.0322
0.2509 -0.0015
0.2236 0.0182
-0.0090 -0.0022
0.1517 0.0497
0.0513 0.0816
-0.3342 -0.0202
-0.0911 0.1019
-0.2450 0.1009

rotated object 30 
-0.6742 -0.0580
0.2273 -0.0879
0.2468 -0.0559
-0.0557 -0.0956
0.2569 -0.0287
0.2447 0.0024
0.2127 0.0219
-0.0066 -0.0033
0.1555 0.0493
0.0595 0.0781
-0.3299 -0.0218
-0.0919 0.0997
-0.2451 0.0998

rotated object 31 
-0.6602 -0.0607
0.2308 -0.0843
0.2494 -0.0606
-0.0609 -0.0971
0.2551 -0.0271
0.2456 -0.0031
0.2208 0.0188
-0.0081 -0.0032
0.1560 0.0497
0.0587 0.0808
-0.3357 -0.0211
-0.0972 0.1016
-0.2544 0.1062

rotated object 32 
-0.6727 -0.0578
0.2271 -0.0909
0.2451 -0.0656
-0.0365 -0.0991
0.2532 -0.0347
0.2458 0.0008
0.2118 0.0255
0.0033 -0.0010
0.1468 0.0561
0.0496 0.0827
-0.3325 -0.0250
-0.0919 0.1053
-0.2491 0.1037

rotated object 33 
-0.6719 -0.0631
0.2268 -0.0866
0.2452 -0.0637
-0.0481 -0.0939
0.2538 -0.0322
0.2450 -0.0072
0.2156 0.0188
0.0016 0.0040
0.1481 0.0566
0.0589 0.0824
-0.3265 -0.0198
-0.0911 0.1037
-0.2573 0.1011

rotated object 34 
-0.6610 -0.0556
0.2310 -0.0833
0.2512 -0.0558
-0.0519 -0.0962
0.2593 -0.0290
0.2497 -0.0026
0.2231 0.0176
-0.0153 -0.0057
0.1484 0.0539
0.0502 0.0786
-0.3440 -0.0221
-0.0996 0.0962
-0.2412 0.1042

rotated object 35 
-0.6681 -0.0591
0.2208 -0.0933
0.2465 -0.0601
-0.0346 -0.0990
0.2536 -0.0309
0.2443 -0.0036
0.2133 0.0220
0.0022 0.0024
0.1564 0.0547
0.0527 0.0817
-0.3372 -0.0234
-0.0968 0.1043
-0.2532 0.1042

rotated object 36 
-0.6663 -0.0585
0.2252 -0.0890
0.2496 -0.0612
-0.0513 -0.0944
0.2583 -0.0342
0.2483 -0.0038
0.2195 0.0237
-0.0093 0.0020
0.1479 0.0540
0.0555 0.0824
-0.3299 -0.0247
-0.0934 0.1023
-0.2540 0.1014

rotated object 37 
-0.6677 -0.0609
0.2302 -0.0801
0.2466 -0.0555
-0.0632 -0.0997
0.2537 -0.0339
0.2474 -0.0072
0.2165 0.0193
0.0042 0.0011
0.1528 0.0509
0.0562 0.0803
-0.3282 -0.0216
-0.0927 0.1034
-0.2558 0.1038

rotated object 38 
-0.6742 -0.0614
0.2255 -0.0874
0.2415 -0.0614
-0.0466 -0.0970
0.2455 -0.0340
0.2397 -0.0008
0.2139 0.0219
0.0076 0.0040
0.1586 0.0541
0.0724 0.0827
-0.3354 -0.0237
-0.1043 0.1025
-0.2442 0.1005

rotated object 39 
-0.6750 -0.0583
0.2264 -0.0804
0.2403 -0.0596
-0.0367 -0.0931
0.2524 -0.0315
0.2491 -0.0015
0.2111 0.0253
-0.0166 -0.0042
0.1504 0.0514
0.0679 0.0768
-0.3471 -0.0271
-0.0893 0.0985
-0.2330 0.1036

rotated object 40 
-0.6693 -0.0605
0.2336 -0.0869
0.2423 -0.0633
-0.0430 -0.0969
0.2511 -0.0330
0.2475 -0.0039
0.2080 0.0249
-0.0024 0.0031
0.1529 0.0525
0.0642 0.0798
-0.3326 -0.0197
-0.0972 0.0998
-0.2552 0.1041

rotated object 41 
-0.6683 -0.0585
0.2215 -0.0910
0.2461 -0.0632
-0.0466 -0.1025
0.2547 -0.0311
0.2452 -0.0017
0.2214 0.0238
-0.0025 0.0015
0.1515 0.0553
0.0513 0.0862
-0.3344 -0.0260
-0.0924 0.1048
-0.2475 0.1024

rotated object 42 
-0.6660 -0.0535
0.2339 -0.0862
0.2508 -0.0593
-0.0411 -0.0997
0.2610 -0.0279
0.2398 -0.0009
0.2208 0.0216
-0.0161 -0.0022
0.1435 0.0522
0.0572 0.0761
-0.3360 -0.0189
-0.0976 0.1003
-0.2502 0.0986

rotated object 43 
-0.6679 -0.0570
0.2364 -0.0805
0.2496 -0.0546
-0.0576 -0.0993
0.2583 -0.0331
0.2499 -0.0017
0.2143 0.0201
-0.0073 -0.0056
0.1410 0.0508
0.0515 0.0783
-0.3392 -0.0253
-0.0921 0.1008
-0.2369 0.1070

rotated object 44 
-0.6723 -0.0635
0.2170 -0.0917
0.2408 -0.0628
-0.0319 -0.1017
0.2522 -0.0298
0.2461 -0.0029
0.2120 0.0250
0.0075 -0.0005
0.1522 0.0540
0.0613 0.0821
-0.3396 -0.0186
-0.0998 0.1040
-0.2454 0.1063

rotated object 45 
-0.6805 -0.0597
0.2236 -0.0843
0.2454 -0.0577
-0.0425 -0.1013
0.2493 -0.0316
0.2460 -0.0042
0.2090 0.0232
0.0110 0.0020
0.1553 0.0501
0.0470 0.0796
-0.3298 -0.0232
-0.0929 0.1028
-0.2409 0.1042

rotated object 46 
-0.6758 -0.0569
0.2186 -0.0870
0.2438 -0.0581
-0.0513 -0.0949
0.2564 -0.0232
0.2477 -0.0017
0.2171 0.0196
-0.0027 -0.0020
0.1584 0.0499
0.0551 0.0800
-0.3299 -0.0251
-0.0917 0.1021
-0.2457 0.0972

rotated object 47 
-0.6491 -0.0605
0.2248 -0.0915
0.2492 -0.0611
-0.0526 -0.0967
0.2590 -0.0286
0.2477 -0.0052
0.2218 0.0192
-0.0130 -0.0025
0.1634 0.0513
0.0535 0.0863
-0.3417 -0.0215
-0.0976 0.1054
-0.2654 0.1054

rotated object 48 
-0.6615 -0.0636
0.2298 -0.0898
0.2546 -0.0584
-0.0649 -0.0968
0.2590 -0.0328
0.2456 -0.0042
0.2111 0.0274
-0.0041 -0.0064
0.1550 0.0521
0.0544 0.0831
-0.3370 -0.0152
-0.0938 0.1003
-0.2482 0.1043

rotated object 49 
-0.6808 -0.0518
0.2279 -0.0785
0.2377 -0.0613
-0.0387 -0.0978
0.2532 -0.0289
0.2477 -0.0009
0.2133 0.0206
0.0059 -0.0028
0.1516 0.0527
0.0518 0.0803
-0.3329 -0.0252
-0.0961 0.0990
-0.2405 0.0947

Aligned specimens ('coord. residuales') saved in 
C:/Users/vmc04/Documents/GitHub/wingproj/Metric disparity/Field 13/FieldAPR13 landmarks_Format_ALIGNED.txt


Orthogonal projection of the preshape data to the Kendall tangent space ('coordenadas residuales' proyectadas en un plano tangential al espacio de la forma) saved in 
C:/Users/vmc04/Documents/GitHub/wingproj/Metric disparity/Field 13/FieldAPR13 landmarks_Format_ProcrRes.txt


ITERATION 1 : consensus:
-0.67162850268546559 -0.066839575444796615 0.22759598355261421 -0.08401666882214906 0.24559016811741066 -0.0579018258666502 -0.04328054152992921 -0.097246926108031845 0.25460879802974357 -0.028469857582731847 0.24611570337642649 0.00045743836938382085 0.21414699419614142 0.025064426827974856 -0.00085748292074857375 -0.0010549656709852764 0.15041597258416231 0.054092157200446696 0.053455618505124633 0.080920419345944003 -0.33286845182205016 -0.02547149576548537 -0.094829480273908986 0.10049465427616136 -0.24846477912952067 0.099972219240919563


ITERATION 2 : consensus:
-0.67165606668943223 -0.066563374634261277 0.22756148215959515 -0.084109508844009889 0.2455664881933424 -0.058002283415205393 -0.043320362934997421 -0.097228430670445204 0.25459723555069386 -0.028574281467840405 0.24611611617671481 0.00035618468735735778 0.21415771316828866 0.024977021562574541 -0.0008581317300836508 -0.001054000960883233 0.15043809295155641 0.054030023686434739 0.05348881628008223 0.080897673081273921 -0.33287912615062981 -0.025334862049946567 -0.094788341177194577 0.10053271211725728 -0.24842391579793596 0.10007312690769413


PARTIAL WARPS scores (mdonnees_pw) 

Componente NO UNIFORME:
Las diferencias entre cada objeto y el consenso se proyectan utilizando los eigenvectores arriba 
(se multiplica una matriz 'k . p' de diferencias entre coordenadas (objeto versus referencia) 
por la matriz de dimensiones 'p . (p-k-1)' de los principal warps). 
Resulta entonces una matriz de dimensiones 'k . (p-k-1)' 
(la matriz final tendra 'kp-k2-k' + 2 columnas para el componente uniforme) 

Componente UNIFORME:
Estas diferencias se estiman AQUI de acuerdo a las formulas propuestas por Rohlf, 1996 

-0.00069024123599952913 -0.0013308892869878651 0.00012897419690641832 0.0010435863099077178 0.00012363949679123422 0.0014507412340253635 -0.0089368514955015851 -0.0022511453145340871 0.0065351871893289627 0.0039762219188290817 -0.0016170103134714969 -0.0017776401103645335 0.0023752999023401965 -0.00055190542462158225 -0.0018333141897262542 -0.0013480300820247577 -0.012292302029369605 0.0014372529718340982 -0.0078752397786958691 0.0025922283201448423 0.0091433145801109849 0.0078078020630860745
-0.0013702679426861749 -0.0011371434184271043 0.0018021983884778118 -0.00098873951202900229 -0.00025267070160121124 0.00022356368788116471 0.0018166089397525719 -0.00078330446154701162 0.0028325613824124545 0.0019243927613125276 0.0063856521836769065 0.0054413322309788802 0.0196117811676224 -0.0033499604470921328 0.0055825647339952985 0.0010667945881652351 0.00045870683191119414 -0.0077731363352241244 0.00018606081832228379 0.002972859038358385 -0.010793273092131543 0.0061612165565973764
-0.0024358187188890908 0.00055804128201841926 0.0024759736037159585 0.0018772436319307978 0.00031959587050231741 -0.001221682062062939 -0.0084734843021840624 -0.0013992933425116048 0.014783931786560504 0.00013423484179221965 0.00032811849202681997 0.00022325613932731728 0.0041574813902032536 0.0029662181163338224 0.0066008938847950671 -0.0012051090694603461 -0.0038357647608301291 -0.0051391285060495345 0.00022867044299981743 -0.0051362238314615651 0.016844513901260374 -0.010349481574801799
0.0025740754608760451 -0.0041812423221597632 -0.0038572869333839805 -0.0018454904832122998 -3.9662305934400657e-05 -0.0021421446087891249 0.0050005371377325391 0.0011284266796986859 -0.0064413160496006941 -0.00090335761644757054 -0.0020510182632301555 -0.00098956725973444641 0.0022516888258403787 -0.00067588200763598629 0.0030835165255194202 0.0032694521961618974 0.005157348498951584 0.004225117407183435 0.0059149131694117736 0.0026173071673088861 0.00068781521749541636 -0.011739678128596283
-0.0015172268170940708 -0.0024036294782837264 0.00083703681405251451 -0.0030909162724383895 -0.0025117713452257749 -4.2910870966241539e-05 0.010054333467956421 -0.0024381644658899183 -0.0036025212084002988 -0.00362884409430655 -0.010203284771796255 -0.00050637163568605949 -0.0045692936090270591 -0.0033657217212827678 -0.0068638238348752573 0.00027304495932610983 0.00098578384042738356 0.0011479515276298976 -0.017250307370016284 0.0055951740884058465 -0.0010175162282859077 0.0065566203194829774
-0.0010084949811774945 -0.0022507891283229014 0.00052020140104121757 -0.0042819724686407393 -0.0026691976318029137 -0.00012767153601354108 0.010308952674824087 -0.0020727151402461512 -0.00099009181382790829 -0.00059939784101267031 -0.0067371337758453135 -0.0015863192696375511 0.0048347176502365865 0.00054238937448788059 -0.0079165332795356723 0.00073094670190120025 -0.0085751760904354251 0.00046936543901970049 -0.0025351159727533558 0.0012483168326533783 -0.00067321242379389924 0.0047496590928998916
-0.00036800147819116572 0.0016662934700368535 0.0045872512423501067 -0.00228268531529062 -0.0012334027738275513 -0.00037300150014071902 0.0025604708701634704 0.00021726102551338991 -0.0071477866107035083 -0.0051999676910418346 0.0062399044899403211 0.00054713479728038571 0.0055080010627720586 0.00067785088498516287 0.0001390737697252553 -8.719686569289703e-05 0.0029557145569995211 0.0020188032515391103 0.021469001727869193 0.0032694279738999842 0.0079603090788867726 -0.0024521322523641045
0.0023665087320818255 0.0021149168928075862 0.00063661688368951458 0.0023487557204373249 -0.0020948744709032925 -0.00060716467767602293 0.0034273863656364644 -0.0029805751727502686 -0.0073198547448751171 -0.0012746419342047144 0.0054196760037260837 -0.0031586761741076736 -0.0018291670232159934 -0.0029983682742945215 -0.0079822349363444269 0.0024301323780158606 0.0078902248410760538 -0.0041798710837166854 0.015130105610999615 0.0034066872155599946 -0.0014372916578133299 0.0046677242824678545
0.0022896944928171318 -0.0002208188340241868 0.0035344731174109744 0.0018403599530213092 -0.002853729447952352 0.0047037659619446042 0.0014076912095036757 -0.00057027199882499365 -0.0052836148286794348 -0.00096883756179330389 -0.0036060572642956602 0.0017696662383119449 -0.0029769142792415073 0.0014905845575532203 0.0062153330909640696 -0.0041259787574809198 -0.0067565786217842587 -0.0006406617106523944 -0.013973779658638752 0.0027947819421685724 -0.011803752302194902 0.011592144474298741
0.0034648673664765166 0.0018895635363370858 -0.0053041106080412188 0.0046045381519998286 0.0088723067717679654 -0.0026924310196926003 -0.0053281630763257776 0.00074067092593335573 0.0040744908941538309 0.0046373881647056294 -0.0031294766948384792 0.0027899984173985204 0.00035969561478704922 0.0017124892676779909 0.0011294932216899178 0.00072505645763620234 -0.0058077101343398611 -0.0043557513366725194 0.0096677019870377214 0.0016849556173136396 0.0015036343830469186 0.0014729693421267447
0.003319939538427272 0.0017075055828537282 -0.0048256461896842443 0.0040598230438548769 -0.0019622176674566846 -0.002579875851035425 -0.00060760773058897574 0.0020369742164787863 0.002980699597462911 0.0019639762366774199 0.00062083700120603609 0.0012658182852499388 -0.010299392170572654 -0.0013544280302380069 0.008064840473885785 0.0029968323700037733 -0.0048902243095139564 0.00091168453042919542 -0.0069124204060570637 -0.0031592647261728091 -0.00041215032586460723 0.0035107167058444563
-0.0052731104191426782 0.00076665046123730346 0.0024040061459208815 0.00028030360247049486 0.0012245697175553164 -0.001658274284245674 0.0025582011482755142 -0.0012853003084785759 0.0036344872820820756 0.00091711084486234367 -0.0007185418730816834 -0.0019088834436525931 -0.00028019494087780025 0.0017312386973044713 0.0022371045074686654 0.0028524899250055536 0.0053552844202148595 0.00072630241019394637 0.0076938473845748982 0.0045233759642336864 -0.010616847042478623 0.0082182319994838146
0.0010714685113243168 -0.0003886942533309443 -0.0015348185996108474 -0.00082556886017269874 0.0036118171999288294 -0.001800718578725351 -0.0047260867833823711 0.002699903471805556 -0.005781101852221986 -0.0044511537396501218 -0.0094667372467555719 -0.0038963428739253706 0.016285687938759272 0.0073964602521163821 0.001789424671385174 -6.9642147082875686e-05 0.0069811425485212814 0.0065477121578531323 0.034089977007483181 -0.007182971564828413 0.0032417424633388748 0.002654259317910428
-0.0011834229923747741 -0.002122565378965035 -0.00062714149562629077 0.0011656467253551395 -0.00034040762921780322 -0.0021323154958464256 0.008443044522761723 0.0031125913346553313 -0.013579487738750525 0.0011680139892479701 -0.00098452177082070103 -0.0029186720268328374 -0.029631633206891612 -0.0045204129693237199 -0.020105629107709255 -0.0077743305537905935 -0.0023205112037956929 -0.00072261447629401974 0.00074802365912058472 0.00065018243311257089 0.00076782394225476417 -0.0010781426638758142
-0.0019781782986559217 -0.00042761385559143171 -0.0025430174583257734 -0.0022446423194307317 -0.0077340765305566432 -0.00011907498823059235 0.00094090714281302925 0.00030285815433682818 -0.0045036452829676308 0.0018777187755611778 0.0099394463347069056 0.0030745400548143516 0.0096151544524128753 -0.00087721376589950436 0.0045675705460299131 -0.0013715301746875482 -0.0033480859802704297 -0.00089723122096589626 -0.0020273820565039694 -5.4615131300996163e-05 0.0020521337310559977 -0.013214485342985723
0.0020059131870763299 0.0022954338356040715 0.0026687417403744203 -0.0002287875312299549 -0.0056562133212634397 0.0023341789210927079 0.0060840349403319029 -0.0029637634185609293 -0.0083229170014804 -0.0011796297164972471 0.00068104585530247535 0.00083983879648993637 -0.0014423999859844426 0.0018818492420910626 0.0012500113100264844 0.0025900480458210069 0.0028449834933417465 0.0049666226329512803 0.012369781865733896 -0.0044216967726075466 -0.0044109009564241818 -0.014013325632411875
-0.00075226307872458867 -0.0023352288445354051 -0.00090694520979092404 0.0021276154759313328 0.00081374786998304781 0.0022397921148712189 0.0077431386740044461 0.0023416605019928993 -0.0076563404021544098 -0.0015996969000080276 -0.011035715752297497 -0.0015873554840406868 0.00041143762022236453 -0.0017999984079970317 -0.0023675142519974934 -0.0037112236250655874 0.014182258036718222 0.005042777533758324 0.011181569965467316 -0.0020527519474716214 0.0015174200568538977 -0.00013336885391663209
0.00041041595478265785 5.0648270820721824e-06 0.0042731513534077208 -0.00013538850171743684 0.000489880958025926 0.0029541827781387757 -0.012410866980058973 -0.0018243595072276503 0.007221321658233304 -0.00067188146490302345 -0.0081347002069067035 -0.0017873785540765152 0.0080643935953992711 0.0047120589666737444 -0.002145710912101187 -0.004297103492940945 0.0057226309468245634 0.0046082984588714671 0.00205615905105114 0.0015609939901815679 0.0066546961687612297 0.0013554606710243582
-0.0030080483409459799 0.0016008089506751313 -0.0025817443194653227 -0.0053316120914949899 -0.0015777756038944488 -0.0032701700076615955 0.0087080922139894674 0.002930262768303125 0.0048174545885209781 0.00079898308645312934 -0.00099247936865016432 -0.0017881235580762427 -0.012554388881021908 0.00044816561752587656 -0.0088423652204937236 0.0018915660101708992 0.0091088614244635973 -0.00086829143156064257 0.0085919406695802256 -0.0037580817551523876 -0.0020238009144832895 0.0037762976711373719
-0.0011954900892296614 0.00060596483713618976 -0.0075703778200547234 0.0026290378740315788 0.014052095493095976 -0.0036717233339542692 -0.0074485049157840717 -0.0015260571715172582 0.0033155029530066481 0.0023208208909175636 -0.0032409746588786086 -0.006460895667110448 -0.0048164213822273396 0.010660014641173204 0.002194958496091695 -0.0070495942259659094 -0.015736050457587452 -0.0022124398941901478 -0.0015840603397493398 -0.0057215868430370333 0.013665479686109476 0.017488013056894819
0.00084700351460098274 0.0002626171292495054 -0.0037863555887171969 -0.0037613980925370024 -0.0050748616229183401 -0.00044999023766664222 -0.00050178564558509876 0.0050556894627731526 -0.0029560191202732569 0.0066001245302452346 -0.003459696656440977 0.0024302342559805621 -0.00037206680041194538 -0.00070458288869269673 -0.00084817089914321678 0.00073689369130985156 0.0068599154306523743 -0.00011083365175666325 0.0025430303880583953 0.0060476502947691326 -0.012279055010880502 0.0056482309079298838
0.0053242775516397431 -0.0021865681784746949 -0.017752752121949412 0.0050321493952854386 0.017150748398942796 -0.010194016534860557 -0.010229849896814181 0.0010303821881756075 0.0051930459075195815 0.0018449516053006139 0.0008296834784475831 -0.0026865276530000761 -0.0093275219534639572 0.0047468242574025968 0.0114517353607189 -0.0060274468121151855 -0.00072990997406552176 -4.846428709425572e-05 0.0074125948711092834 -0.0050428627700576639 0.018992370611770375 0.0024582309340215078
-0.0017678167047618756 0.0014863047750112647 0.0021672741713715535 -0.003922102047769889 -0.0065754623991800118 -0.0020169989651023213 0.0011548398454277614 -0.0014639020960277485 0.0033426019274305167 -0.00065058247967791786 -0.0079404332486150957 0.0014734274351555212 -0.0058165335189349823 0.00033084220199310608 -0.00015200058181632386 -0.0027436254003226739 -0.01184503897072242 -0.00011913698714862331 -0.00068877202123265142 0.0040801918959224998 0.0018592205339100359 -0.0052470427596357141
0.00052115472128814512 -0.0019238792737062585 0.0041077450348594091 0.0025633958496704317 0.0015917300020568373 0.0066186093631082866 -0.0059043817409876022 -0.00056897901029555396 0.0031752457542585403 -4.4839658939507012e-05 0.0056759576679260952 0.0033165320741932341 0.01411947728907478 0.0020344963846312507 0.0071880725836427177 -0.0045211059600959854 -0.0038124362077662736 0.0029684349412036843 0.01156868176046983 0.0035433971585707284 -0.0053631344516315033 0.0028183069265752141
0.00035386882045836999 0.002496586859072376 0.0024531920310637573 -0.00079996152828126397 0.00019178098567577972 0.00052893316305173367 -0.0056536071217740931 -0.00074679946412735951 0.004652322954876561 -0.002021434870408124 0.01032518368295117 6.3140041513237884e-05 0.010642154676986888 0.002735113179603902 0.00038362066448727195 0.0077753212803307803 -0.012527322283626206 -0.010781910348569353 -0.002857695092269782 0.0036632737935517619 0.0023853711704496555 0.00065182981892390388
-0.0031826093992580306 0.00094690075819168313 0.00064113666570778571 0.00022135221379121468 0.00076050551965851183 -0.00040951121287652765 0.0016048203924885636 0.0032617148276655136 -0.012203379203064961 -0.0023937773056173632 0.011110834503875438 0.0043033782313540688 -0.0063623607009502675 -0.00054138859903641158 0.0013266399430033823 0.0054764311820582594 0.0029577956384247081 -0.00019793838300306474 0.0059490197364792585 -0.0021252755315222904 -0.012673095203119121 -0.0042517470391132415
-0.0025404268874471897 0.0009511568472937833 0.0038458661955528771 -0.0028999709715418565 3.2911882522722277e-05 7.8568551070185466e-05 0.0063382999823981857 0.00082994227921311277 0.0014849477025404424 -0.0012698106447580927 0.001623153575088656 -0.0037224536074754186 -0.0013358564026205617 -6.1200479289837606e-05 -0.0016465526239216228 -0.00057447854660646171 -0.00044859495370253716 -0.0062690241639823266 0.003726751598334709 -0.004981892880197826 -0.011904073343568744 -0.010720749205832769
0.0021048624786893949 0.0018936395398923501 0.0022706768944507176 0.0002213749461489577 -0.002910138453588102 0.0015649096305947602 0.0036077733196353888 0.0012976008428444844 0.00010470684364471489 0.00069506846688417864 -0.0091224221760366261 -0.0023031038099599532 0.0066199521757025429 0.00036963221296785998 0.0019832694231329859 -0.0021421921102037786 0.0028420942955517934 0.00087932489635218943 0.0027729680350909664 0.0020835282842225286 -0.00018541423513258353 -0.00021388236300025714
-0.0010644308171958302 -0.00028658982395204615 -0.0057149732846383432 -0.0013913669451363422 0.0018061398556457442 -0.0019035771368842574 0.0053225564652561739 0.0041421618104413782 -0.00017348053136693846 -0.0016870509450292327 -0.0035327372313290356 0.0025360623738553347 0.012205002259323819 -0.0038425984063803651 -0.0025268819525926375 -0.0031520126210926236 0.0036150534682383474 0.00028065892424375362 0.021327030073730515 0.0013028326837811648 -0.016294808248528272 -0.0082824510359747333
0.00027256234597344354 0.00085937140051534869 0.00055732421764119846 -0.0032770283856310041 -0.0055529958347787121 -0.00048184219844659142 0.0031052016368480584 -0.0037735191421356036 0.0025236449541417272 0.0026376926089261817 -0.003487155910161968 -0.00033003803202643906 0.0014710597029025348 -0.0016201547656907894 -8.8301713838580959e-06 0.0013529190532398582 -0.0069227941239774016 -0.00019413039568392382 -0.014150512497314444 0.0066418812775350788 0.0056424749852413796 -0.0042032499222339845
-0.001201170734687367 0.0032376881296655585 0.00051088117511646021 0.00059223347631813105 0.0032601994501425167 0.0018092055572821893 -0.0013533152426545656 -0.0033977730291740523 0.0029359139960429678 -0.0016148245335336545 0.0027587373813488057 -0.0035612821537488407 -0.0082066568235368616 0.0010255851916943883 -0.0019702799083260022 0.00054160968541398357 -0.0057938065472263279 -0.0020719283321548746 -0.0065156191833711276 -0.0029648699320724255 0.0084954443028733614 -0.0052032404074802141
-0.00011158335005751446 -0.0030728348319326417 0.0033943327562827659 -0.0012677138732432153 -0.0029013091946219721 0.0019485533097249974 0.0020994813200257479 -0.0034846316375541026 0.0034546044884221157 -0.00024122409764512181 0.002831795737244062 0.0015243750349228505 -0.0090961515301789878 -0.0014943285645390813 -0.0028733125050380065 0.0034231922127443393 0.0019713501607973543 -0.0045372770178458942 -0.0229955174927894 0.00084694473672427607 -0.00033581022385560449 2.6346737116364212e-05
0.00096327823907776163 0.0013472302531418383 -0.00059021385206375193 -0.0025301085734187822 0.00022720441204678913 -0.0015846484917655316 0.0013798963513996169 0.0010737605166582162 -0.0013913343963605051 0.00071228476746148172 -0.0036439018733104111 -0.0021362851122614505 0.0021518630378948599 0.0030676934943832971 0.0031422891733141993 -0.0014763952330914905 0.0013128495893911705 0.0047231730318666376 0.0077590729067804178 -0.0028937466216211647 -0.00638811903585936 0.008412643343134938
-0.0003296200064254366 -0.0025171702062847493 0.0015988329009286547 -0.00093505657308071632 -0.0029552905079052645 0.0034659427401497684 -0.00017219095886504316 0.0026402541204577279 -0.0017661536998429708 0.00098491984284890081 -0.0061520311556597113 0.0013531407641983368 -0.010721842906322027 -0.0034581989499109459 -0.0050677668475802417 -0.0021362243127196908 0.0026586395800957765 0.0044351362725500833 -0.00011456977480410425 0.0079381038010429457 -0.0013121511252654945 0.0026177367608244038
-0.00068620735054630768 0.0011893598144710063 0.0040580547663652813 -0.00038194647381470511 -0.0047392239909443351 0.0047690915071796269 -0.0036054605595129833 -0.0024915216809511826 0.0040159038216792597 0.0026075697139375693 0.0042481740824648088 0.0054298265454193438 0.0082439305383590206 -2.6830683413514621e-05 0.0081691845225348239 0.0018457219333201927 -0.0069954098631614201 -0.0034917359004075065 -0.022214461648538228 -0.0041449571390741128 -0.002912493430200429 -0.0060531683977946057
0.0020863783231704594 0.0009649854514420784 0.0029656928066913507 0.0030031359662796219 0.0059338960230991503 0.0041502072733273247 0.00040067722003816905 0.00081577222505968268 0.0014655621250483917 -0.002932133863302472 -0.00047898225793706469 -0.0010828851666436364 0.006159358224308303 0.00057980970734449236 -0.0028230447502757732 4.1087103003602861e-05 0.010649547915517053 0.0031158762368752625 0.0020112373089055408 -4.8975707962220299e-05 -0.006155191906292547 0.0062522320333152949
0.00016964668011822446 0.0013041804259189258 0.0045795004342934756 0.0016632695169608949 -0.0019255575342922674 -0.00054496360553263692 -0.0040544490892241184 0.00067648365373649535 0.0018038802581251544 -0.00011928082548593296 -0.0068386542320202914 0.00038897569203814918 -0.0048333511391335134 0.0012466567340158673 -0.002937864063161569 -0.00023441986866485915 -0.0035133363193503718 0.0061964570276944499 -0.012268023043432687 0.0014660733634648247 -0.0029825414610625397 0.0016329004799109212
0.00076565791722515194 0.0016057804181041926 -0.00084892134100300859 0.0019967704254850657 -0.0020487305376450694 -0.00052439685505127728 0.0084988733429107385 0.0035956178953931244 -0.0059129354677846585 0.00088226175698347576 -0.0022297883407733812 0.0042120968321270229 -0.015232227385949109 -0.0073099781924317667 -0.0043982113266703036 0.0056140681829411395 5.8872354707700456e-07 -0.0020349804883213187 -0.012241990360595926 0.0022159394588117066 0.0028300791819452784 -0.000520748649829174
0.0015358918648480432 0.0023593483235143536 0.0010206267723717316 -0.0016873705606258846 -0.0031344234239285666 -6.3200512318343745e-05 -0.0029286201988113943 0.0016456546419620396 -0.0039802471229178731 -0.002442795747316658 0.018544601510850925 0.00022798104952216126 -0.0051074272762097854 -0.0014765751367309303 -0.0087309141856963916 -0.00068801733258283689 0.012212730092079923 0.0051133629932125441 0.0032989406548579311 0.002190305983381055 0.0092355624661567357 0.0026797208534438794
0.00046168743048344974 -0.00055214708269043578 -0.0051753246804418784 -0.00099793981252671474 -0.0030178518537418769 -0.0036850458696047013 -0.018671282823391751 0.00035270511557811021 0.012069650168221353 0.0034743033046192883 0.0073886648819473585 0.0030586969393189591 0.0096685924056778057 0.0049887928162243057 0.010806315242229414 0.0043005436622410654 0.0018765801083140254 -0.00044796766279872608 0.00067086306940486039 -0.0020625965082998669 0.01390016274655514 -0.0052751500577821889
0.00099712942928239525 -0.0013335914727649221 -0.0076455940622726024 0.00029379515360531777 -0.0014867877011242845 -0.0022970623907011454 -0.0056531300477003967 0.0030315098431148695 0.0038736016973083274 -0.0028120276874787449 0.0044361689086516599 0.0017355751292640075 -0.0089834666471247798 0.00064682208851335661 -0.0030246858643270757 -0.0027568469109512769 0.0075088448578542206 0.00029812366833468162 -0.00076985112252651096 0.0026730391164517158 -0.0047780463957387302 0.0011669262254779154
-0.0001526497590388904 -0.00059772963415109391 0.0059462692480613828 0.00012322990627838565 -0.0012334932555778603 0.00068085542892020172 0.0023720043749863974 -0.00037113019733958066 0.00014243495325343898 -0.0025442872488513507 -0.0038114051830178473 -0.00062887692402188429 0.0041341080870955357 -0.0017035850892861953 -0.0011549111937853092 -0.00018133000460320676 0.00023013072341663995 0.0059174098377581556 -0.005755548305044272 -0.0040309635691310498 0.0017199104230639199 0.0093168454119965868
-0.0066931593400029006 -0.00086334890522433592 0.008724250312144622 -0.00044799496706568947 -0.0064962064976354658 0.0027120322284418311 -0.010439962026098254 0.0015715665699969656 0.0096116621262748031 -0.00092027275709301651 0.0013225574834236412 -0.0032811869687079638 -0.00069402293517516114 -0.0020064152716096069 0.0045726365150859528 -0.001220279717277368 -0.0035705200083551488 -0.0019318092432824394 -0.0087715754069467612 -0.0060779951724828927 -0.010692288821549776 -0.0054168164687223653
-0.00081148844285630097 0.0038858177633985212 -0.0020014633760232249 -0.00030290195203148794 -0.0054933322409510743 -0.00069749873726772458 -0.0014223076150342965 -0.00019056167501001588 -0.0028788072905271554 0.0029984558208854366 0.0034327593411701378 0.0048720333414194895 -0.0024311215715572014 -0.00084270475871385487 0.015416315774646708 0.0076634543582578688 -0.012918801132492618 -0.0049045021742423808 -0.012873585499621795 -0.004612128798113414 0.0027751186221176239 -0.0018356923450517316
0.0014553242543836086 -0.001830138074090141 0.0003171271544192782 0.0018934999351241442 0.0026439208798328794 0.0010189856493880564 -0.0068229134033518891 0.00041955570785256417 -0.0062005167248050221 -0.0022584931767607452 0.0049509786724158426 -0.0013830215844006521 0.0095479442573663288 -0.00032683022042237606 -0.0026245342421791756 -0.0036114213980949924 0.01338735613894553 -0.0030369840991791562 0.0086669656464583543 0.0006822709108994479 0.00064559335426976497 0.0092116936365688514
0.0051282578491195748 0.00040482532536058303 -0.0019522904556522867 0.0023116798885807208 0.0061198979262510039 -0.0013194525499910013 0.010169769354357077 0.0031725173120865121 -0.0061535031908894061 -0.0029985507290381666 0.0028073814703786764 0.001382601779245982 0.002971504378618108 -0.0031110419956717787 -0.00062729546630130024 0.0041869138132199085 -0.0024804221694195018 -0.0014565471091964695 0.012399193837362829 -0.0009376788852537201 0.0038521003137938388 0.0013924451651968833
6.001273682289442e-05 -0.003195628263565758 0.0016553300540017631 0.00086641186961709533 0.0049446770929912022 0.0050917267716594026 0.00174050777723627 -0.0042282522285181463 -2.8175047234031811e-05 -0.0012168982149325729 -0.0024206533585358009 -0.0043470106500581567 0.00064931299966547397 -0.0010684009152461954 -0.0072760971616770602 0.0035869804570506656 -0.0027327224861140257 0.0024421169074907256 -0.003628072345877175 -0.0028894289355613292 0.010510304812672294 -0.0052882372590364263
-0.00057805122819413167 -0.001887748803357416 0.0039790565565292731 0.0023311707727362036 0.0046277996388546325 0.003512241565036176 0.0016018492651325997 -0.0062281942620145588 0.010203595150177238 0.0002099093642322471 -0.0047378514459693643 -0.00080070996007534532 -0.00070107522140596366 -0.0021459809682002023 -0.0055834479482121122 0.0014243479384969423 0.012963152245044119 0.00078808030117117462 -0.031151739956846239 0.0021284939820084871 -0.0096045272293289585 0.006481286946881131
0.0018877182537603318 0.0012335342980961251 0.0026268689050153644 0.0056941714855419726 0.006706627532795841 -0.0025694907315509472 0.0040374003679662695 -0.0033065224113074986 -0.0017130229492044668 0.0030201922891821688 0.0039313519524254584 -9.997146327385539e-05 -0.011140541506515198 -0.00061980462727502094 0.0059197475338550283 -0.0064479776818644474 -0.0033522652909746568 -0.0055192293887881619 -0.021397917564573123 0.0014796014672291986 0.0016372963707813896 0.0035024087778952255
-0.0025378172412177436 -0.0025935818373048264 -0.0060696865434710897 -0.0049258871780022253 -0.0010340284996985321 -0.00067523259222743723 0.0028574713297809576 0.00022323904481596048 -0.0042627098827919593 0.0022590977638682445 0.0039407003394840547 0.00046991666351745356 0.0067024305449794553 -0.0041370963257718572 -0.00088268454335422002 0.0021576647186427014 -0.0014837844884384194 0.0046834822687650884 0.011119653651505473 -0.0075992537683248441 0.00223464904792204 -0.0085193707271544114


{partial warps scores - U1 y U2 en las dos ultimas columnas} saved in 
C:/Users/vmc04/Documents/GitHub/wingproj/Metric disparity/Field 13/FieldAPR13 landmarks_Format_PW.txt


Relative warps

-0.011243646810083567 -0.013097213699381946 0.0051881696114176616 0.0060689976789023159 -0.0047490180595922181 -0.0028727420798100108 0.0051930564154099561 0.0068943903589442712 -0.0031168966079064696 -0.003228815988911731 -0.0017608367185731654 0.0029716797821266574 0.0024949000901268756 0.00090802844452366578 0.0026339974035770432 0.0020580899011716099 0.0018053471689947543 0.0015190985570961454 -0.0013482801801925376 -9.469412760048378e-05 -0.00018811401318032702 -0.00020645270489856807
0.0040045767498587638 -0.0067908964316395143 -0.020989475798340113 0.0050616381246938943 0.00024261833991249477 0.0091344886630413957 0.006733828934777062 -0.0018678754885886775 0.0051208385039022515 -0.0052158195218928007 -0.00079395511710163367 0.00041184106546905138 -0.0033839523389098463 -0.00082331530887807072 0.0030910871495128198 -4.3603780244493625e-06 0.00135704665510336 -0.00076477031995264772 -0.00012330860397472064 0.0013504331627476394 0.0011467344425203799 0.00051206158411412248
... ... ... ...

RELATIVE WARPS saved in 
C:/Users/vmc04/Documents/GitHub/wingproj/Metric disparity/Field 13/FieldAPR13 landmarks_Format_RW.txt


{centroid size AND partial warps scores - U1, U2 last columns - first column is size} saved in 
C:/Users/vmc04/Documents/GitHub/wingproj/Metric disparity/Field 13/FieldAPR13 landmarks_Format_PW_CS.txt
First column is centroid size
