C:/Users/vmc04/Documents/GitHub/wingproj/Metric disparity/Field 13/FieldAPR13 landmarks_Format - {translated and scaled (first one is consensus)} - 1 50 26 0	from C:/Users/vmc04/Dropbox/Wing project/Landmark txt files/Field collected/13 landmarks/APR Field 13 landmarks.txt - TPS like internal (simplified) format - can be converted to other format by using TET	
-0.66720668090365787 -0.067381852975179166 0.22468702225832146 -0.097311645625806728 0.24329902382015056 -0.068087744311278897 -0.043175210080313872 -0.10912356064987518 0.25231090321102334 -0.035075559493015961 0.24412256371226668 -0.0023927906315994456 0.21273392896703325 0.025725214256372166 -0.0012217350047878136 -0.0011692456490267303 0.1496507732309228 0.059137404165091716 0.053955437767005975 0.090573098332731888 -0.33014356791604771 -0.024863664830773499 -0.092705252163309812 0.11436163635929193 -0.24630720689860588 0.11560871105306815
-0.67495942445434487 -0.033484315197539742 0.21848295953040361 -0.099749862858812655 0.24133314837911854 -0.073472145682790632 -0.054576797211738047 -0.09403731564663409 0.25618577113078317 -0.042624390737025793 0.24933071447616872 -0.015204164118567971 0.21734045008796801 0.013358571942325526 -0.016873985611358569 -0.0026365602517748319 0.15335992131156659 0.048776364657833464 0.060816656474271549 0.081909138488469896 -0.3299215728387514 -0.0072065980215178559 -0.086567061599938794 0.1104718745493634 -0.23395077967414926 0.11389940287667073
-0.66729278893707222 -0.061752689957382631 0.22791454646921558 -0.084320942110482258 0.24510940525252961 -0.061752689957382631 -0.031083013954452315 -0.10044112221983924 0.25478151331814403 -0.032736365760540238 0.24510940525252961 -0.0058693989116120364 0.21824243840360141 0.018848210589401972 -0.0031413684315669864 -0.0037200415636977797 0.15161236061825947 0.052163249482072883 0.043069814548589595 0.082254252352872509 -0.3427398294020193 -0.016616185651183224 -0.10201180643562274 0.102673147158058 -0.23957067670213514 0.11127057654971496
-0.67942575703338604 -0.049410035038344728 0.22317621330775297 -0.085749831450338487 0.24281934650342499 -0.058249444976397301 -0.044952554813172917 -0.094589241388390879 0.2546052264208285 -0.030749058502456104 0.24281934650342521 -0.0022665153687314241 0.21630111668926769 0.02326955778564253 -0.016470011679448237 -0.005212985348082259 0.15540740378268378 0.047823474280232765 0.062102521103240667 0.074341704094390268 -0.33959955274825643 -0.016998865265485625 -0.081292351225166537 0.094966993949846062 -0.23549094681119356 0.10282424722811495
-0.67617927231386088 -0.052272448266577815 0.22590256882456738 -0.081083432179589313 0.2427917662908155 -0.063200752509444291 -0.042337626227608269 -0.09002477201466183 0.25173310612588801 -0.030415839780844955 0.24974614171809423 -0.0055787846834212179 0.21298730017390707 0.020251752617899348 0.0093234483750329906 0.0023690729477543033 0.15039792132839941 0.047075772123116921 0.05204318314260175 0.076880238240025281 -0.33740184078500163 -0.021474499945772458 -0.091018254218558775 0.099730328929655152 -0.24798844243427637 0.097743364521861276
-0.66047286998681354 -0.083146135864991103 0.22726610469764236 -0.08114446963120428 0.24528110080172383 -0.058125307942655732 -0.055969667383193013 -0.099159465735285682 0.25729109820444479 -0.023096148851386392 0.25028526638619086 0.0049271784216291985 0.22326277223006871 0.025944673876390774 7.6987162838029126e-05 0.002925512187842262 0.15220362093063644 0.054968834266299678 0.046115310539934957 0.086995494006888843 -0.32919710829509446 -0.030101980669640302 -0.095002158942036105 0.1020079907602901 -0.26114045634634242 0.097003825175822997
-0.67475635437247827 -0.039232714664211833 0.22180385140869388 -0.094451988256557262 0.23987561367527965 -0.07336826561220719 -0.051280556175269026 -0.095455975049145422 0.25292744197892469 -0.038228727871623736 0.24891149480857241 -0.0081091240939808358 0.22381182499386984 0.013978585342957333 -0.0010812165458640951 -0.0010812165458641452 0.15453673630529116 0.047110149498364673 0.045102175913188408 0.081245700446360022 -0.32536895055182002 -0.01212507126433323 -0.090436041086204899 0.10734935705365055 -0.24404602035218398 0.11236929101659113
-0.68650718121253729 -0.045919718971308553 0.21948444453649593 -0.091027352880423545 0.24059865615352827 -0.066074193696657804 -0.036765305542944833 -0.093906563555473416 0.24827655128699483 -0.037282086946158983 0.23867918237016167 -0.0046510326289267512 0.21468576007807921 0.0164631789881058 0.0131410128245867 0.0039865993962229281 0.15038338833529835 0.047174759521971324 0.058248646733701774 0.078846076947520133 -0.33332400507308368 -0.015208138437443026 -0.091470308368892639 0.10092002545623592 -0.23543084212138726 0.1066784468063357
-0.67953745581483183 -0.048867369022410602 0.22263536174427345 -0.093519341994964797 0.24090207796031823 -0.063074814968223397 -0.039187570685703062 -0.097578612265197054 0.24597616579810858 -0.036689558211714074 0.24191689552787637 -0.0072598487525305988 0.21350200363625096 0.017095772868862574 0.013582942827315418 -0.0021857609147403548 0.15261294958276803 0.044495847192929892 0.060264550934985658 0.081029279625019615 -0.328410577439747 -0.012333936590320872 -0.097032172036511821 0.10842935394908693 -0.24722517203510305 0.11045898908420308
-0.6609808636100849 -0.063157973788113497 0.23085328350138049 -0.094736960682170274 0.25372082573500793 -0.063157973788113622 -0.052268667962576676 -0.099092683012384997 0.25807654806522262 -0.031578986894056721 0.24936510340479306 -0.0043557223302146796 0.21669718592818274 0.021778611651073608 -0.0032667917476610062 -1.5474634303610651e-17 0.14156097573197857 0.057713320875345163 0.046824015049808376 0.083847654856633452 -0.3332127582614266 -0.019600750485966285 -0.096914821847277635 0.10344840534259975 -0.25045403398734667 0.10889305825536823
-0.68188663401626404 -0.010263238193455751 0.21705656945308482 -0.10205007054769451 0.24071296954438348 -0.075554902445440025 -0.045056343558504068 -0.092587510511175003 0.25206804158820684 -0.053791014361445261 0.24828301757359905 -0.024457078248234888 0.20475524140560952 0.010554393886887063 -0.0053135914051224437 -0.0045857021715440737 0.15554992921570834 0.040834586003749368 0.059031816843209968 0.074899802135219462 -0.32893314465408807 0.0039306018613235218 -0.081014071697278117 0.10801876226303757 -0.23525380029254539 0.12505137032877259
-0.66907345100381799 -0.053702710917875714 0.23539325919198426 -0.087620212550218332 0.24858339871567336 -0.059355627856599584 -0.053847657506048231 -0.099868199250786507 0.25235201000815577 -0.035801807278583855 0.24858339871567336 -0.0065950697618444593 0.20901298014460692 0.024495973401136295 -0.0057978635268961754 -0.001884305646241295 0.14777304664176613 0.051818405271634518 0.05638422279906536 0.081025142788373958 -0.33366704597287444 -0.022611667754895058 -0.088707311961511368 0.10457896336638968 -0.24698898624577684 0.10552111618951028
-0.67042148221988829 -0.064549555531684122 0.23129541136586143 -0.08913167654641331 0.24470384101025905 -0.062314817257617831 -0.033521074110994378 -0.095835891368612189 0.25587753238059063 -0.033263219694755979 0.23799962618806017 -0.0019768838578278643 0.21230013603629794 0.023722606293934516 0.0022347382740663256 -0.00085951472079471745 0.14972746436244169 0.051656834719763241 0.050281611166491484 0.082943170556691273 -0.33297600283587786 -0.024324266598490771 -0.093859007510784478 0.10752529157142054 -0.25364279410652452 0.10640792243438744
-0.68651228854125024 -0.07144468206273924 0.21475729667437127 -0.085750548494733222 0.23786677321836183 -0.058239266894744783 -0.014136566237532544 -0.098955963662727672 0.2521726396503558 -0.024125277710759039 0.24667038333035812 0.0088882602092271046 0.20815458909037404 0.03419863928121647 0.012274264098456432 0.0022855526252298134 0.14322796451440142 0.057308115825206771 0.049689607074440686 0.079317141105197525 -0.33216698153339896 -0.037330692878753576 -0.087866800925501573 0.099125263857189214 -0.24413088041343595 0.094723458801191027
-0.67476100602335243 -0.07691258152878605 0.23161474095498746 -0.080332867366440228 0.24643597958482194 -0.056390866502861452 -0.061389745804048101 -0.099714487113146802 0.25441664653934809 -0.025608293963974359 0.24301569374716769 0.0017539927372585372 0.21109302592906268 0.031396469996927488 0.0138565426243423 -0.00052619782117747287 0.1506679761305067 0.057618661418942348 0.060600449072281772 0.081560662282521193 -0.3087904213943623 -0.022188008126320217 -0.10129308057667948 0.098662091470791691 -0.26546680078407681 0.090681424516265444
0.67615206569918507 -0.018436267783100192 -0.22691389503503487 -0.092259129074923368 -0.23803788783243288 -0.072033687625108811 0.050174652827424615 -0.089225312857451181 -0.25118442477481234 -0.044729341667859114 -0.24815060855734014 -0.016413723638118796 -0.22084626260009049 0.0078568061016587136 -0.00038895079711179903 -0.002255914623248549 -0.15106848959823022 0.043251328638834199 -0.057020186856592582 0.073589490813556035 0.3414210097047542 -0.00023337047826715128 0.095681896089507279 0.099882564698314871 0.23018108173077415 0.11100655749571291
-0.67782026208334378 -0.06745754686896463 0.23131961325066483 -0.078558155847401862 0.24797052671832068 -0.049696572503465215 -0.03731512402751589 -0.091878886621526393 0.25019064851400813 -0.023055110955215657 0.24353028312694577 0.0058064723887211222 0.21577876068085289 0.0246775076520644 0.01263761637545161 -0.00085389299834127443 0.14362480232101096 0.053539090996001182 0.050379686902138301 0.07907049164640674 -0.33148126195610234 -0.034155719933652913 -0.097258412511076892 0.092391222420531341 -0.25155687731135418 0.090171100624843958
-0.67403603318730776 -0.06986504069554908 0.22128073387558223 -0.084948596338004445 0.23959648001284978 -0.056936278716301497 -0.036217108877763853 -0.098954755148855947 0.2525252419920973 -0.024614373768182724 0.24606086100247329 0.00016575335870833911 0.21481635288595852 0.028178070980411279 0.015497939039226194 0.0023205470219162883 0.15017254298972108 0.058345182265322156 0.051052034482156852 0.082047912560609323 -0.33357863440045665 -0.027846564262994589 -0.087932156794753968 0.099286261866272665 -0.25923825301978359 0.092821880876648902
-0.67280745203387571 -0.067414472862507985 0.21585217448625699 -0.089912184926308869 0.24346300292819412 -0.060256109933116864 -0.033667904766806964 -0.092980054753190794 0.25573448223572187 -0.027532165113042996 0.24755349603070348 0.0021239098801490537 0.21789742103751147 0.025644245219577193 -0.010147569427378718 7.8663328894375495e-05 0.15040428484610896 0.05734556676402372 0.060413436590905624 0.081888525379079216 -0.3363643943524906 -0.0265095418374157 -0.088889561650681626 0.099273121064743522 -0.24944141592416924 0.09825049778911614
-0.67686615606568334 -0.028217138326552545 0.22841212584215492 -0.094402291526753848 0.23626460164556878 -0.074210210889404299 -0.04754630953495554 -0.098889420557276023 0.24636064196424343 -0.04504387219101056 0.2385081661608297 -0.0080250576892030578 0.21382895649295791 0.014410587463407619 0.0062992388313097411 -0.0024161464010503731 0.15998340812669257 0.045820490677062418 0.061266569455205803 0.076108611633086742 -0.32574830942732719 -0.0091468399468335564 -0.085686906294393683 0.10864029710437223 -0.25507602719660394 0.11537099065015542
-0.67691867055036026 -0.057558993277182703 0.22053901751798444 -0.10035014592992594 0.24251285266398773 -0.067967652030552689 -0.054712180626688305 -0.10035014592992594 0.26217365253146446 -0.034428640491916157 0.25060847613883092 0.0014234063252470974 0.20087821765050767 0.033805900224620364 -0.011921027973945101 -0.0078287347888594833 0.15461751207997457 0.055779735370623654 0.056313512742591477 0.081223123434416997 -0.32533730821430767 -0.02055042882075617 -0.083625121608271555 0.10666651149821024 -0.23512893235176788 0.11013606441600032
-0.66710259001870253 -0.070568691029375602 0.23159053638777125 -0.080468615310475056 0.24369044384244851 -0.061768758335064948 -0.035707419201914246 -0.095868497525518737 0.25249037653675915 -0.034268968665344277 0.24919040177639254 -0.0023692126484682009 0.21399067099915012 0.022930593847674943 0.0038922779224834902 -0.0012692210616794338 0.14469120103145375 0.059230316211706255 0.052291907741191988 0.080130156360694024 -0.33270514763489833 -0.024369044384244823 -0.098406939648877562 0.10542996285683708 -0.25790571973325777 0.10322997968325948
-0.68129064718066901 -0.052035896209504384 0.22340639330068388 -0.090074294502470356 0.2398554304003446 -0.06540073885297891 -0.050058848481179696 -0.097270748233572027 0.25424833786254791 -0.035586859109843424 0.25322027304381911 -0.0047449145479791345 0.18845218946390413 0.035349613382444446 -0.0048239964571121811 -0.0047449145479791345 0.15863830972076859 0.049742520844647753 0.067140540853904501 0.079556400587783224 -0.33688893290651772 -0.018109757191453676 -0.075760468949400001 0.10011769696235945 -0.23613858067109436 0.10320189141854588
-0.67556589323682081 -0.072821217265527552 0.23186452292128046 -0.079521652827876405 0.24717980420664942 -0.057505935980158872 -0.048596565617035695 -0.092922523952574096 0.25579464992966933 -0.028789783570092268 0.24622259912631378 0.0047123942416519753 0.21942085687691851 0.024813700928698588 -0.007436747162606866 -7.3631160025719442e-05 0.14380165553040983 0.053529853338765025 0.049995557657526009 0.081288800668496031 -0.32427162875367399 -0.024960963248749999 -0.088799178991128838 0.095646876873529241 -0.24960963248750112 0.096604081953864801
-0.67376249020248813 -0.084158186629669118 0.22861869596248691 -0.084158186629669118 0.25015523978503978 -0.052930198086967119 -0.024435693952512168 -0.094926458540945613 0.25553937574067837 -0.020625382353137479 0.24261744944714642 0.0019879886605434021 0.2113894609044443 0.027831841247607059 -0.0039759773210866593 0.00091116146941580827 0.14462617505452985 0.063367138554819805 0.046634900661913135 0.083826855186245122 -0.33671557937953212 -0.032470481455541565 -0.10089042452257553 0.095671954288649358 -0.23980113217804314 0.09567195428864933
-0.67484640275443719 -0.056289392526733276 0.22586216611908949 -0.086821886386852842 0.24723491182117327 -0.059342641912745228 -0.043841529645299818 -0.09598163454488863 0.2553769101838716 -0.032881147233974936 0.24621716202583574 -0.0023486533738553343 0.2167024179610535 0.016988592737553727 -0.01229128598984295 -0.0023486533738553343 0.15258418085480258 0.044467837211661317 0.052844700911745361 0.07398258127644354 -0.33390022131643565 -0.017614900303915094 -0.10083551818418979 0.10451507513656309 -0.23110749198736644 0.11367482329459903
-0.67177901348209601 -0.057050655379966786 0.23469251088848767 -0.081576400086963055 0.24842692792440588 -0.057050655379966786 -0.041957889406430533 -0.098253906487720602 0.2572561960189243 -0.031543880884690734 0.24057868961816695 -0.0030940170245749542 0.20820470660493184 0.021431727682421419 0.012979778737241102 0.0018111319168242533 0.14541880015502134 0.050862621330816912 0.055164059633274878 0.077350425614372928 -0.33234270673726701 -0.025657702155011564 -0.1067058554329009 0.098933080956529793 -0.24993620452175933 0.10383822989792899
-0.67234393245627277 -0.064735415797559703 0.23418988656175993 -0.079173952164172223 0.24965974695455914 -0.054422175535693576 -0.038079656351505786 -0.097737784635531316 0.25584769111167871 -0.024513778776281709 0.24037783071887961 0.0064259420093165619 0.21562605409040092 0.024989774480675592 0.0021419806697721773 -0.0038872982525495086 0.15065264044064441 0.050772875135340977 0.046488913795796616 0.0734620037114464 -0.32994435576231723 -0.022451130723908572 -0.099959097922702453 0.096151132287551941 -0.25465770185069453 0.095119808261365346
-0.671795048472693 -0.069988513976424624 0.22369496857177421 -0.08537494038612331 0.24523596554535268 -0.056653611088019043 -0.037874280393104691 -0.095632557992589087 0.25241629786987851 -0.028958043550561304 0.24831325082729233 0.0018148092688362451 0.21959192152918799 0.025407329763707708 0.0011046665114656127 -0.00023671425245686285 0.14778859828392704 0.056180182583105198 0.047263945740561898 0.079772703077976667 -0.33534519098061355 -0.024854996507974826 -0.089162368425433625 0.10131370005155488 -0.25123272660759388 0.097210653008968556
-0.67972773090658178 -0.051503378358020525 0.22855145858064868 -0.082973027695093016 0.23940306180032861 -0.06235498157770069 -0.021035415471995396 -0.095994951558709157 0.25242498566394478 -0.035225973528500265 0.24699918405410484 -0.005926644835363799 0.21118889342916009 0.020117202891868673 0.0082639132211410667 0.0027546377403803684 0.15041991539895125 0.050501691906973081 0.041903883202149654 0.077630699956173513 -0.33030610723288029 -0.014607927411107904 -0.096996638009756594 0.09716358575159785 -0.25108940372921501 0.10041906671750189
-0.66813435712345148 -0.071555034375801893 0.22845884469382513 -0.079705881665049799 0.2457793951834773 -0.057291051619617887 -0.054783098607541589 -0.090913296687765766 0.25494909838388102 -0.028763086107250053 0.2508736747392572 0.0018025912274298222 0.22336456513804528 0.021160853539393752 -0.0089345826055217525 -0.0022728324171941484 0.15102579544596942 0.051726530874073695 0.050159060241525943 0.08229220820875352 -0.33394961826428471 -0.024687662462626082 -0.092480767320313628 0.10063161460956148 -0.246328009904869 0.097575046876093557
-0.67178455630964162 -0.081078799704154714 0.23020727931489415 -0.080058446948923279 0.2485736289090589 -0.04740715878151934 -0.052430433884196714 -0.097404443787856718 0.25775680370614129 -0.019857634390272133 0.24449221788813341 0.010752948266669131 0.21184092972072927 0.029119297860833893 -0.0065145598987848274 -0.0035319903065701218 0.15368082267254102 0.054628116741618216 0.056747310925560318 0.080136935622402636 -0.32894603055189947 -0.033122220208280061 -0.095285249603914615 0.096462579706104584 -0.24833816288862084 0.091360815929947645
-0.65966379613304471 -0.066133171976422808 0.23150780000825921 -0.082395427380461267 0.24993835613283608 -0.058544119454538225 -0.060128646904162544 -0.097573532424230378 0.25535910793418243 -0.024935458286192209 0.24560175469175929 -0.0010841503602692264 0.22066629640556709 0.020598856845115303 -0.0080894296112396721 -0.0032524510808076175 0.15561727478941362 0.050955066932653649 0.05804374236518324 0.081311277020192044 -0.33550283841254597 -0.023851307925922903 -0.09807390951358555 0.10082598350503809 -0.25527571175262337 0.10407843458584586
-0.67207244254482668 -0.065154659554783043 0.22808389318654737 -0.088405930219430967 0.24579914702627922 -0.062940252824816509 -0.035430507679463742 -0.099477963869263372 0.2535495705811619 -0.03193855860528573 0.24579914702627934 0.0034919490741778863 0.21147584271179878 0.027850423103809165 0.0033216100949496571 -0.00093686438575507343 0.14615084417778768 0.057744913958356708 0.048716948059262542 0.083210591352971222 -0.33216100949497201 -0.028616948510336072 -0.0930050826585921 0.10424745528765272 -0.25022796048621226 0.10092584519270306
-0.67211957016446489 -0.061185365670984738 0.22651959148684231 -0.087264373989765179 0.24499222237931198 -0.064445241710832282 -0.048396621206967513 -0.093784126069460225 0.25368522515223851 -0.032933106658972658 0.24499222237931184 -0.0079407236868080724 0.21565333802068393 0.018138284631972243 0.0015881447373616005 0.0040121551259662052 0.14828256653050129 0.056170171763526976 0.059179288108001549 0.08224918008230736 -0.32657270994062487 -0.018806977152966607 -0.090775009724985548 0.10398168701462433 -0.25702868775721055 0.10180843632139254
-0.65950310699379944 -0.071301510588626937 0.2329134857960482 -0.077829113670684333 0.25249629504222021 -0.049853671890438413 -0.049638476184436398 -0.097411922916856589 0.25995641285028598 -0.022810744836200606 0.24969875086419568 0.0032996674920290504 0.22265582380995799 0.022882476738201207 -0.015135431322133058 -0.0060254797680529505 0.14712213100329377 0.057385521600504662 0.0482755700464245 0.079765875024701408 -0.34338061487701954 -0.030270862644266195 -0.1018593008408957 0.09375359591482435 -0.24360153919414207 0.098416169544865387
-0.66680452099755494 -0.072511441271094698 0.22263017394869494 -0.088801453999047861 0.24760819346488999 -0.055135427694611168 -0.032580025455906554 -0.099661462484350191 0.25412419855607132 -0.025813404784295176 0.24435019091929933 0.0013366164289601962 0.21285616631192295 0.026314635945155321 0.0021720016970603545 0.0024226172774904778 0.15529812133982146 0.057808660552531629 0.051042039880920306 0.08278668006872672 -0.33666026304436819 -0.030157408178416115 -0.098826077216250127 0.10233469534227077 -0.25521019940460188 0.09907669279667998
-0.66535811042080495 -0.068036136215705242 0.22641270801971669 -0.08576725190399638 0.25040186453916935 -0.057606068163769189 -0.04998409535658524 -0.095154313150738565 0.25874591898071808 -0.030487891228735717 0.24831585092878214 -0.00024069387812158634 0.21911166038336155 0.026877483056911834 -0.0093068299540351243 0.0018453197322655399 0.14714419082500377 0.05608167360233237 0.054316585162773962 0.083199850537365783 -0.32950991914846828 -0.029444884423542168 -0.094833387979909867 0.10093096622565687 -0.25545643597972323 0.097801945810076188
-0.66792655615089158 -0.058410027363703571 0.22993028339252508 -0.080984713615080903 0.24634823702989053 -0.056357783159032962 -0.063540637875380307 -0.099454911457116962 0.25353109174623789 -0.034809219009990899 0.24737435913222589 -0.0081300443492722894 0.21659069606216577 0.018549130311446369 0.0041834208787516741 0.0011050545717457688 0.15297112571737509 0.050358915483841735 0.056515648097853671 0.080116456451566481 -0.32828014027789632 -0.020443509577296261 -0.09227205674076959 0.1037172648052791 -0.25542547101208768 0.10474338690761442
-0.67244023389074858 -0.078373776788273536 0.22758864555471686 -0.081674616199442732 0.24299256280683948 -0.055267900910089228 -0.044180465964879748 -0.098178813255288724 0.24629340221800855 -0.027760905817012602 0.2396917233956703 0.0052474882946792886 0.21328500810631679 0.027253084369140482 0.0075326848101040676 0.0041472084909561632 0.15717073811644056 0.058060918873386137 0.070248633622318632 0.084467634162739627 -0.33465433414776846 -0.032162025031904913 -0.10689641477709452 0.099871551414862508 -0.24663194984992357 0.094370152396247284
-0.67435668033865781 -0.065294186670399226 0.22723496690116465 -0.078031101969448236 0.24088166186443119 -0.057106169692439236 -0.035691356057774508 -0.093497356261150577 0.25270879749926234 -0.028903000101687986 0.24906967884239134 0.001119728817498831 0.21085893294524446 0.027503339079814473 -0.016585983109201077 -0.0043389491678079151 0.14990369544265314 0.052977169677912328 0.067113745998834684 0.077541220611792527 -0.34683600122025621 -0.030722559430123628 -0.090278135910841675 0.097556373224583701 -0.23402332285725125 0.10119549188145487
-0.66981281786505364 -0.055135717483425571 0.23286225680890549 -0.088734045324888058 0.24182181089996191 -0.065215215835864385 -0.043763975752469056 -0.096573655154562704 0.25078136499101883 -0.034976720778548138 0.24742153220687257 -0.0058581699826140404 0.20822348305849969 0.023260380813320124 -0.0023260380813319749 0.0031013841084426251 0.15334621425077749 0.051258987347872251 0.064870617601592892 0.079257593882424315 -0.33270959518904669 -0.017057612596434825 -0.096401356037427083 0.1005365348486839 -0.25431349689230076 0.10613625615559441
-0.66717392319521673 -0.070024988571749228 0.22301099789609072 -0.087143929361966632 0.24717891430580946 -0.058948026883961467 -0.044850075644958791 -0.10325587363511246 0.25523488644238229 -0.026724138337669789 0.24516492127166625 0.0024787606574070433 0.22099700486194748 0.027653673584197475 -0.0025562219279509669 0.0014717641403354856 0.15050724866693446 0.057863569096345949 0.04980759695977309 0.087066468091422683 -0.33385807604451229 -0.031759120923027864 -0.094192904981467818 0.10317841236456847 -0.24927036861049656 0.098143429779210464
-0.66579667783045671 -0.056108886372332072 0.23418985958174909 -0.085285507285944737 0.25102252549344845 -0.058353241827225288 -0.040743683642678052 -0.099873817742751031 0.26112212504046833 -0.026932265458719348 0.23980074821898206 2.392065697406964e-17 0.22072372685238928 0.022443554548932834 -0.016055773638851963 -0.0022443554548932888 0.1432934636585711 0.052742353189992063 0.056885778645179796 0.07630808546637155 -0.33587642596114453 -0.0201991990940396 -0.097974747742456667 0.099873817742750934 -0.25059091867519973 0.097629462287857724
-0.66755768895166923 -0.06076262864197117 0.23689944135378643 -0.079132725673264764 0.24986656866999368 -0.053198471040850272 -0.057022111146911414 -0.099664010590592905 0.25851132021413159 -0.031586592180504858 0.24986656866999368 -0.00024936783300401149 0.21420696855042351 0.021362511027341338 -0.0073147897681169662 -0.0056523375480903946 0.14072658042524919 0.051619141431825007 0.051037283154815732 0.078633990007256793 -0.33905713027441903 -0.027264216408435744 -0.092681711266481309 0.1002458688676022 -0.23748129963079548 0.10564883858268848
-0.67217124913290671 -0.064515727458146613 0.21714468367378656 -0.091370796276931773 0.2409010907057888 -0.062449952933624681 -0.031781146531106717 -0.10169966889954145 0.25226285059065945 -0.029397560541273647 0.24606552701709353 -0.0025424917224885191 0.21198024736248172 0.025345464358557605 0.0074685694348100105 -0.00047671719796658408 0.15207278615134548 0.054266307701864643 0.061178707072380385 0.082154263782910755 -0.33958155068487506 -0.019068687918664 -0.099951705840330515 0.10384489629039116 -0.24558880981912695 0.10591067081491308
-0.67834653393063349 -0.080546084576177499 0.2260617063104943 -0.077398492092739704 0.24704565620007951 -0.050119357236278861 -0.039385259792760315 -0.10257923196024209 0.25019324868351722 -0.023889419874297182 0.24599645870560014 0.0033897149821638011 0.20822534890434655 0.029619652344145452 0.010976219942244601 0.002340517487684535 0.15366707919142469 0.054800392211647814 0.044550539765581126 0.081030329573629475 -0.32896376826903773 -0.033332197324610582 -0.09604192449464069 0.09991588447425627 -0.24397877121621722 0.096768291990818545
-0.67779873033496385 -0.022744433009729541 0.21398781667674829 -0.097852255199415386 0.24060831061739668 -0.070281029332315545 -0.056020050435539669 -0.092147863640705083 0.25486928951417248 -0.036054679980053662 0.24726343410255872 -0.014187845671664118 0.2177907443825555 0.0086297205631771373 -0.0027790625542434087 -0.0018283306277917708 0.16074682879545218 0.041905337988987323 0.059018512665118268 0.077082419267700916 -0.33078157718008661 -0.0084834541129537762 -0.086443472081994793 0.10655510898770426 -0.24046204416717332 0.10940730476705943
-0.64950474786036838 -0.05610454366785373 0.22416002493061193 -0.093019956602683904 0.2487703002204987 -0.062816436928731956 -0.053264896519020624 -0.096375903233123006 0.25883814011181605 -0.030375619501153927 0.24765165134368566 -0.0068839930880802216 0.221922727176986 0.017726282201806543 -0.012993536953751442 -0.0024093975808280824 0.16375298558270815 0.050167099629384607 0.054125395655030745 0.085963863687401734 -0.34187630673678365 -0.01918913073302354 -0.096892202714728981 0.10609954347003632 -0.26468953423668429 0.10721819234684936
0.65834521417083558 -0.09044716602530041 -0.23330377459047522 -0.080378356867393516 -0.25679766262559123 -0.047934416247471218 0.06092920413502631 -0.099397218610106544 -0.26015393234489359 -0.022203015066153655 -0.24561009689458363 0.0057658992613655036 -0.20980988655535912 0.035972326735086192 0.0038726189068872584 -0.0065404230427429898 -0.15275330132722009 0.058347458197101409 -0.050946453175050331 0.085197615951519812 0.33614332111781486 -0.028915554504758301 0.097848171047351579 0.096385181682527535 0.25223657813525729 0.094147668536325946
0.68149423677814813 -0.04098691128431272 -0.22662442849480602 -0.082128198882313902 -0.23665888888456246 -0.06506961621972808 0.040292217872714205 -0.097179889466948555 -0.25271402550817268 -0.032959342972507598 -0.2476967953132945 -0.0048628538811895539 -0.21357962998812274 0.017212958976274388 -0.0058662999201653009 -0.0028559618032383315 -0.15236942161060871 0.050326678262470503 -0.053028263752020313 0.07942661339276412 0.33329846125360102 -0.019914544465824281 0.094478303977398731 0.10049898021125261 0.23897453358989088 0.098492088133301417
