C:/Users/vmc04/Documents/GitHub/wingproj/Metric disparity/Field 13/FieldRMO13 coord_Aug10_Format - {Procrustes residues OP} - 1 45 26 0	from C:/Users/vmc04/Desktop/Wing saga/Wing field landmark repeat/13 landmarks field repeat/RMO field collected/coord_Aug10.txt - TPS like internal (simplified) format - can be converted to other format by using TET - Orthogonal projection of the preshape data to the Kendall tangent space
2.7512046016083674e-05 -0.0070392435890041117 -0.0029636238105807643 -0.0037295786698135665 0.0013441592730799928 0.0021642924483351853 -0.0014404697038661075 -0.00031339850664959218 -0.001902740483352866 0.0012447992690459834 -0.0032050207535044162 -0.0027630236474583472 0.00046295467632876319 -0.0033592146196222924 0.00065466930708248528 -0.00036897588735598015 0.00029464868327086675 -0.0007847930910710139 0.0033987682329952012 0.0040187685421559163 0.00050640806019383155 0.003850222746004865 0.0072805837171822565 0.0031976715261901709 -0.0044578492448461545 0.0038824734792432813
-0.0060537298026087857 0.0045340273677414826 0.0019726429569867331 0.0068570072704078186 0.00051676650300414408 0.0035593506527100442 -0.0054063540978332185 -0.0029187148158790772 -0.00105606152822016 0.0019256263514200905 -0.00011662077250691781 0.0025302709377287148 -0.0020525070065776831 -0.00021777877584065028 0.0026710475915268589 0.00081051708205373085 0.0049384793776859164 -0.0037345670369655672 -0.0013670779541877745 -0.004214308340850511 0.0033268367556685569 -0.0018564366251892863 -0.0028670355444789688 -0.0071748703170427391 0.0054936135215415639 -0.00010012375029389009
0.0028610467345535871 0.0010788311948613846 0.0031589749025496428 0.0020977817052178719 -0.0012509963706215919 -0.0010261717319760325 -0.0068270122331466412 -0.00099105492476603014 -0.00061689106763920159 -0.0021940666354434888 0.0029065652140083495 -0.0018906029125897285 0.003885818785046831 0.00076866194939142465 0.0016069279214023968 -0.0021153683078312777 -0.0021535279149131796 0.0040693533930784625 -0.002233674651623383 0.0014935461961578024 -0.00081391318370717218 -0.0019751230832238684 -0.00028561304658403664 0.00089664807813155385 -0.00023770508932541073 -0.0002124349210079618
-0.0031358966803067823 -0.0035079149977247158 0.0032087034908032056 -0.0022528603143807009 0.00072497093685512269 -0.0049873207956838339 -0.0010663330931720153 -0.0024487871714783615 0.0011602346965211801 -0.0033469622802329967 -0.0022432687878649825 -0.001000941037688244 -0.0059009985431556014 0.0031805002016606497 -0.0018753500202402719 -0.0015124909054014966 -0.010232152551672881 0.0067694599002079883 0.0062988531897092831 0.0026070711498830416 0.0034609816282407235 -0.00055713197628895353 0.0082642898242614709 0.0046521124258181246 0.0013359659100208622 0.0024052658013097861
-0.0076789795413795131 -0.0047697180956769577 -0.0097589281909285699 -0.0045907195001171509 -0.0050397189772922579 -0.0034220931303417862 0.017426148239104197 0.0034997383861336906 -0.0026038303757821551 -0.004211093742044955 -0.00030784562985847978 -0.0023770512557511657 -0.00038059283704563714 0.0024189350797674154 0.010830357726948943 0.0062881892244379053 -0.00170344213014181 0.0012472370582054509 -0.0036404271561648253 0.001552709984431252 0.0042502088587803091 0.0003629312700097467 0.0036532836117108818 0.00019289486141146526 -0.0050462335979509082 0.0038080398595354281
-0.0084498724469080633 0.0056947028785383448 -0.0053991170848474868 -0.0030515179049927133 0.00078716457319047677 0.0045788581338134559 0.0161497912303246 -0.0021471795423898951 -0.00098859870221218536 0.00206496541591163 -0.0019403902547477842 0.0025111678482987467 -0.0033233798067330424 0.0014689426623053844 0.0056712462218559377 0.00043407492009323772 -0.0014012201534992393 -0.00092636630702089685 -0.0027354534151077638 -0.002763882162825141 0.0012507829585059003 0.00025944532960510338 0.0011809901501785177 -0.0045108005583928516 -0.00080194326999997144 -0.0036124107129445193
-0.0065974608582715852 -0.010718911603598821 -0.0033276262704341527 -0.0037408466344966778 -0.0044005302525211504 -0.0046386727791416123 -0.0033427944266420568 0.0018573446988865113 -0.0019945078040399396 -0.00062682923483343912 -0.00064352232353556693 -0.0031893713458870359 0.0017353652694827699 -0.0013149601507136185 -0.0025843295424139586 0.0031574904902670715 0.0023415840559588225 0.0030517549256566523 -0.0030979957528987742 0.0068099765098785063 0.0026490257130809686 0.00046581110725581578 0.0047104500055393074 0.0044811786543988066 0.01455234218669443 0.0044060353623275317
-0.014391872860946927 -0.010259393170623439 -0.0010501629286687564 0.0047680983008875216 -0.0051926566796974679 0.0052110095673020499 0.002506151396034796 -0.003900105081863876 -0.0067610175579871368 0.0027259132875042348 -0.0083783174336765527 0.0033220420957286085 -0.00699606414808012 0.00075137821633207836 -0.010739901013299033 -0.0036270944766851007 0.0045009787376113254 -0.004238098789593546 0.01922285458448655 -0.0045460374797943598 -0.0080516475031151835 0.0083355209962111178 0.013677530924351004 -0.00093060172795697105 0.021654124482988715 0.0023873682625521614
-0.00058805018144899614 0.0025799504688945873 0.0025241728371566954 0.003087973055779084 -0.00069790480008564753 -0.0019197673044771425 0.0079464176256725961 -0.00087667341879642019 -0.00069129003889875206 -0.0033643652676366158 0.0027168707002611947 -0.0014784563243220971 -0.0018905609067240282 0.0005265510369042971 -0.005283583809996154 -0.00066020536522510599 6.0764868086773949e-06 0.0018855907842031069 -0.0025728869364511188 0.0012193930030556257 0.00014982310294870023 -0.0046311571960909138 -0.0054438903025308162 0.0013526676222070466 0.00382480622328737 0.002278498905504675
0.00099842120258708707 -0.00023087895381024824 0.0072828533305380576 -0.0036765833406110417 -0.0006615997569598066 -0.0052761078396323449 0.0024054596979328283 -0.0077301416012270658 0.0016912788211075553 0.0016793211778863264 -0.00083219364204860412 0.0028643821432693907 -0.0046337307224767078 0.0025408891013614203 -0.0064964642799716279 -0.0034769643558125053 -0.00061761285450496247 -0.00070889746798862832 -0.0064024145180198375 0.0020237977445381888 0.0057964385540750151 -0.0036001685241049781 0.00090298007649604198 0.0062542862786143126 0.00056658409124514704 0.0093370656375172667
0.0086205866494797143 0.0020128022870453972 -0.0015792413091345169 -0.0017405266406844947 0.0012647631173650399 -0.0025044842945734667 -0.00064886173736835163 0.0055647756516745478 0.0047130271678140342 -0.00033283895565721082 0.0077142498248184317 -0.0027811727916540216 0.0070300075351981475 -3.0339261478472198e-05 0.0076459999054386682 0.0034131217147600704 -0.0036471427198199804 0.00065251520997346559 -0.013969700072441672 -0.0021911344439051387 -0.0029566580884729477 0.00069466371288200938 -0.0032313160555064537 -0.001650775348088193 -0.010955714217370517 -0.001106606840294469
-0.0081453478196368487 -0.0072124320603734193 -0.0029877776186650975 0.0032934822119453817 -0.0063029675027672745 0.00088186210609502748 0.0057178284910185655 0.0017438806181612437 -0.0065168838181067943 -0.0013381277567571953 -0.0091290663699284194 -0.00039677776477394422 0.0028123685521986479 -0.0058252988482773663 0.0073996100390948654 0.0041104136829389695 0.0057091633372366741 -0.00055530755421017515 0.0025434199970137865 0.0013297831508604491 -0.0046433313202821156 0.0020064503536961625 0.0087258296981762955 -0.00016511141435000885 0.0048171543346476591 0.002127183275044936
-0.0017134006394348596 -0.0011368514221414905 0.0001138618112299151 0.003624925383897856 -0.0015494835623577011 0.00046781205415005603 0.0059417791385904389 0.00340830219165834 -0.00052895552797673114 5.1814693433076329e-05 -0.0026687658726265787 -0.0022067180209891083 -0.0016777624824601332 -0.0022202627885101393 0.00099101518921491331 0.0023673518240018873 0.002646355022290367 -0.0018706408249863373 0.0050816286826885371 -0.00097735800280382098 -0.0056837507736405167 0.0018840077876505824 -0.0035814693918749313 -0.0013678843332463955 0.0026289484063569762 -0.0020244985421143669
0.0044443937964278382 -0.00040807212337437115 0.0020660651784097169 0.002309328038891978 0.0035907971117425776 0.0032877831011638384 -0.024696892134588106 -0.00077768847313530644 0.0046752404949664374 0.003214640349470884 0.0028742328606426583 0.00032973796764159844 0.005957468020279447 -0.0011134405126467779 -0.0074927526598846323 -0.0034589373280289556 0.0015841793800836237 -0.0026416117705996677 0.0051390422089841398 -0.001634313739801192 0.0069950304931853972 -0.00086922252878872115 -0.0064085472191005213 -0.00097723618810733313 0.001271742468851323 0.0027390332073143064
-0.0032144763537580289 0.0040647360745048895 -0.00013591158688497926 0.0017935806745935947 -0.0013852150085410559 -0.0013999921892475118 -0.0010424005897171937 0.00063132599561053593 -0.00076838294330486799 0.0010062468935072583 0.00011278054908948074 0.001489915255830195 0.0022278440367665712 0.001774706622996566 0.010848397202247645 0.00057647969439227195 -0.0048381213926046076 0.00056351045847656555 -0.0022743805377585997 -0.0019082522059508504 -0.0016823038550572945 -0.0014937794108286894 0.0026653925616998762 -0.0015725266017397872 -0.00051322208217687926 -0.0055259512621446821
0.0028454977663137076 0.0041061029565123064 0.009945857074225203 0.0035368456735079563 0.0016615056650629159 -0.0022899355870818795 0.0049489621931634448 0.00040222460888599074 -0.0011909864680598233 -0.001689062215038797 -0.0065141731976413181 0.0026744709679355147 0.0028981693144554161 0.00015171662734210709 -0.0018027341356936834 -0.0054058027472563804 0.0031243031858509715 -0.0034356317562475019 -0.0046542875703900356 -0.0012435207676020554 0.0084424443475932878 0.0031887370690640345 -0.00058401350443433304 -9.8109553195961131e-05 -0.019120544670445709 0.00010196472317430816
-0.0036510867356505106 -0.00070126423957587731 0.0014269337054368036 -0.0017322393299715627 0.0010842249631134366 -0.0015344191572611754 -0.010028969438425361 0.0014912441852106856 0.00024848519920136081 0.0024032179647428876 0.00077446053294994745 0.0016603179118606093 -0.0027291181025275975 0.00096595912279860956 0.001434092934682779 0.0016044982817783561 -0.0023067017021787188 -0.00062431234220407825 0.003209771756735578 -0.0020077066056983011 0.0026916656971694933 -0.0041345952574384903 0.00073372335516044417 0.0026833672434086438 0.0071125178343323971 -7.4067777649899913e-05
3.5260386387420822e-05 0.0053907048435110367 0.0035997403309743973 0.002041768511584286 -0.0032449121121950696 -0.0043113169059063299 0.010155491264226024 -0.0009136656229901184 0.00014163538207406616 -0.00022800174931079627 0.0011778122128181831 -0.00040363856549512198 0.0011506495827552153 -0.00082169296264204058 0.0053332772460173107 0.0021410077155653534 -0.0038310155700915119 0.0004963675412043622 -0.0033925731090064613 -0.00048676788332238912 0.0023848698098868264 -0.0052617966579358534 -0.009855137896605512 0.0013544285682369028 -0.0036550975272416513 0.0010026031675008235
0.0069842095435659699 -0.0027723465863152665 0.0031001069992301791 -0.0042107013700058782 0.0033616192200457318 -0.0040950167968625802 -0.0054491924062479227 0.00058415011801923379 0.0034202412648830513 -0.0025377297962169551 0.00055266389794470221 -0.0031023761232400198 -0.0025898985085382482 0.00086234338958961372 0.0034260482588501688 0.00067132879689483767 -2.8979095944953095e-05 0.0036804423677450665 -0.0053836351303628337 0.0062371471897107629 -0.0013071149135578889 0.0038770366437311746 -0.00034702885523432377 0.001935397663578682 -0.0057390402746333178 -0.0011296754966282491
-0.00018641395174780716 0.0013093879424123005 0.003052267518839369 0.0055852831395476633 0.002405741947885703 0.0051275299435499903 -0.0027636360814003278 -0.0021589203730106414 -0.0018818114506903108 0.0010183156213128433 0.0029597076709944924 0.0012502172472440844 0.0015864199640948711 -0.0019814818708976502 -0.011544947176207973 -0.0041597801748491838 0.0033112131378652712 -0.0034372674186000669 0.0010378361822885019 -0.0027411463286831509 0.00031989944960481367 0.002043701085826485 -0.0019302063346635367 -0.0033881721683727646 0.0036339291231363121 0.0015323333545201878
0.0046631672386113088 0.00094769023352045433 0.0015283572575881675 0.0034070971146532335 0.00014805135959405436 0.0035201435807280567 -0.0080282382149931188 -0.0011833692276125038 -0.0018531691380153565 0.00024024228470196989 0.0014471067551049448 0.00029314805051086201 0.0014743119664271925 0.0013844329001425784 -0.0097509656176107597 -0.0011014388731461148 0.0039771251534369478 -0.00030847610941112167 0.012640626219814419 -0.0039872159592816842 -0.0050351450067677326 0.002094698997834348 0.0048993189969241064 -0.00061002582884364469 -0.0061105469701135985 -0.0046969271637958693
-0.00053581487780082586 -0.0086637758789216528 -0.0094781129777004886 -0.004404293401070721 -0.0010531053818269454 -0.00062778262337268357 -0.0089413943802413558 -0.0051513696871568256 -0.0015392360871916313 -1.9790397284157502e-05 -0.0010519280751136568 0.0031022323121504053 0.0012193738668627098 0.00067175422030556827 -0.0074852377844613601 -0.00021420737608762123 0.009778481341436572 0.0007004615720814447 0.0048322952892618535 0.0029059020441941736 0.0020639560056944931 0.0023016016907896281 0.011662003212059768 0.0060335326343316413 0.00052871984902165894 0.0033657348900409806
-0.0029360021545494896 -0.0019093911576514085 -0.0045365036538502612 -0.0024568739779302711 -0.004040725881753927 -0.00016107476183731338 0.01068086782316135 -0.00042085829705007429 -0.002480618517886952 -0.0024911729631996522 -0.0026241600268830994 0.00090178921276412962 0.0026836358601036751 -0.00084122328627612064 0.012118741764052653 0.0059097284215768771 -0.0019216435724040302 0.0011270490080085307 -0.0036372163713852853 -0.0013227610725306993 -0.0051525743838260257 -0.0012382566701796428 0.0011844050427326962 -0.00095149477537288026 0.00066179407249095665 0.0038545403196785927
0.0045079382165870673 -0.0023711849060022829 0.0013952953600712501 -0.0001786627397714559 0.00095635028737857137 -0.0028388054972917987 -0.0097745852765516103 0.0012774702243005638 0.0026348839077391445 -0.0019820873470317861 0.0018179767142297953 -0.0020022271703710741 -0.0053245404717330632 0.0007168973558170158 0.016515006876276085 0.0025893056145175376 -0.00019048052607156286 -0.00023001199862233176 -0.00090837633916140764 0.0022324536916164227 -0.0018921034922433373 0.0019956464400844353 -0.0050430874756183016 -0.00015587936569055644 -0.0046942777809020845 0.00094708569844467738
-0.012221174766744976 0.0036792404748149867 -0.0028879612454633767 0.0017908693142363592 -0.00093529102221189854 -0.00041976115448357008 0.019055893993842332 0.0050538178291933767 -0.0042343570908011472 0.00065096474772599264 -0.00413103252845721 0.0022349687578433878 -0.0067599237437788676 -0.00017990132883813551 0.011517621813128976 0.0028101715094597788 -0.0065476631087599477 -0.0015217736401357067 0.0047313477798305303 -0.003492375023660873 -0.0056576360148956313 -0.0035225707212416771 0.00093120170003742602 -0.003604497181499783 0.0071389742342746424 -0.0034791535834137466
-0.0032948610907446597 0.0014116640359999573 0.0021994723366174623 0.0052663877025412066 0.00084214537770830244 0.0035009672463710106 -0.012041221638973634 -0.0021303911776973296 -3.3908717495043442e-05 0.0032073446941620455 -0.00019298397294374974 0.0025286954499791335 -0.0040390566059001886 -0.00064218830462020116 -0.0092722873208285986 -0.0044263296567272903 0.0016583638837368816 7.6353261039898064e-05 0.0098750645806305846 -0.0018319455896919383 -0.0015545318692586404 -0.001035947481048881 0.012330004167724864 -0.0033773202290199042 0.0035238008697263123 -0.0025472899512875014
-0.0014970034432115423 -0.0021647199002892445 -0.0030751446486772696 -0.00036448819763802449 0.00016977434142341355 0.00066777316376597624 -0.014888798918917315 0.0017056110095313643 0.0030926220636788414 0.0013036194614827385 0.0040388088728838655 -0.0013740034422198382 0.0006490074735630352 0.00032107283147075492 0.0074380005922458445 0.0021830371596808416 -0.0003284653978646618 0.0005291455631319281 -0.001006395239975377 -0.00078343036739111048 0.0031581124620663949 -0.00041985578182961061 -0.0025110516754399035 -0.0024739918874219112 0.0047605335182247252 0.00087023038772621186
0.0038873210906479622 0.0015621493903423076 0.0056093259789535277 0.0018117045199526349 0.0023281192581616427 -0.00040332791091709749 -0.0034216115223138915 0.0022838700794684265 0.0033515551619523842 -0.0029559601769944682 0.0078198249585630427 -0.0011881899962116909 0.0025029933619000089 -0.0011774303719848814 -0.0038511090390005156 0.00021337655933069779 -0.011791780871795995 -4.2332521891485717e-05 -0.0060092761883650276 -0.0034029695001810568 0.0069558274377339527 -0.0017404458792547391 0.0044830754225171901 0.0020598174820398015 -0.011864265048954029 0.0029797383263015786
0.0014348132706839337 -0.0025621284277215477 -0.0026888174792563716 -0.00049003414475773345 -0.0018962317505775675 0.0014061136031710605 -0.0063875841914114752 -0.0025700255778942078 -0.0038653075435210234 0.00029975907998397097 -0.0016129854929218053 0.00090368401643661875 0.004807165928855734 -0.00055881376770031187 -0.0020681390921851403 -0.0024307600623722186 0.010378617252222144 -0.0017251276061276445 0.0026769666526467346 0.0033334814604208405 -0.00055151832942070857 -0.0015387767582598689 -0.0037352643541899095 0.00375154947134028 0.0035082851290758085 0.0021810787134814991
-0.002441631772430777 0.0027288143755279243 0.0028982578238408684 0.0042045177783467799 0.0011362857784262257 0.0069535483981116837 -0.0073638066109722646 0.003798049346399573 0.0018114981737374601 0.0018151090110204889 0.00038734577258166822 -0.0014998377092286016 -0.00077998346490551485 -0.002723114527232224 -0.0055375195372025458 0.0010064316305335849 -0.0015567639518389896 -0.0047429712838565037 0.0064724564857558181 -1.139957594915148e-05 -0.0041748066720377428 -0.00086790109713104845 0.0043729889748735061 -0.0019826695484364424 0.0047756790001707771 -0.0086785767981054501
-0.00092872890851043548 -0.00090694538117566984 -0.0072470669964411691 -0.0007593177364069476 0.0028745265551698537 0.0043600118857727178 0.003051106940555973 0.0022877249034336049 -0.0010505202323432866 6.4369830756400188e-05 -0.0048932601620237859 0.0021574594709992479 0.00085814356360943041 -0.0032994852545319107 0.0022317381044249678 0.00056178605405255713 -9.7083531626243873e-05 -0.003611380520951479 0.011149218499526731 -0.0020333331166247455 -0.0052947299100079637 -0.0048594527412345366 -0.00214640964541886 0.0030064998991548436 0.0014930657230845606 0.0030320627067556977
-0.0045946946505930116 -0.00014588871329258759 0.0021900623832330755 0.0028360571876024916 -0.0019756060387577908 0.00078409210688986915 0.0070136975739902834 0.0029563536396198208 -0.0016430910501682985 -0.00064795863120093865 -0.0013614569253670222 0.0004801481121518449 0.00033302010960136645 -0.001361489489384954 0.0035386946003070161 0.00081873603369077492 0.00073409744038927622 -0.0043892767938065874 -0.0022763734914022834 -0.0009546036113059651 -0.0011984140902577102 0.002769253590093845 -0.0060839942292484281 -0.0011198322851322432 0.0053240583682731667 -0.0020255911459253068
0.010892136929782997 0.0015074144562694826 0.00093950932055790254 -0.0025759582191827324 -0.00080032957097454609 -0.0030778152924770524 -0.0070093097897900121 -0.0024851292730466426 0.0040161136415750682 0.0034632267369266501 0.0036134944562506177 -0.00045951118213498739 0.0043238874299163736 0.00086868181543426032 -0.012325780544415951 -0.00067642399969175461 0.0067176805987029225 0.0021314849069185983 0.0050527786478602186 0.00073500597414690014 0.0020560190945537998 0.0027285064717524335 -0.0031564039639372945 0.00086635437235120689 -0.01431979625008134 -0.0030258367672665598
0.0019406788286457921 0.0012421060486469868 -0.0052566338298385574 -0.0053234988529479374 -0.0012854552644944476 -0.0038209131409977174 0.0058875185926543349 0.0011490499094674335 -0.00044470143224863753 0.00087082372601460722 -0.001255471211788148 -6.6676946239308259e-06 -0.001125323290900634 0.0027826004989198717 0.0048959783066298019 0.00062334151811957916 0.0057695273714752689 0.0014220584620974882 0.0026576224356126446 0.004446097388341886 -0.0070110244096754561 -0.0041708466526772644 -0.0097691528117547725 0.0031504372817256088 0.0049964367156831255 -0.0023645884920871912
-0.0042275091626745552 0.004500001467855892 0.0026265987241096841 -0.00091236200847399137 0.0042314518296323834 0.0011686151442246709 0.0086763058540465371 -0.0021395383634179267 0.0028269721016154483 -0.00054934600713343548 -0.0016422740322984157 0.0008654879898108887 -0.0023910800967827553 0.0015121923678534331 -0.0079761364170914464 -0.0012819019454531561 -0.0015239458722082081 -5.2273095796030321e-05 -0.0057196732942853597 0.00014983362657446651 0.0049250438490392118 0.00039154722394917822 -0.0046399236161736952 -0.00067699627146630692 0.0048341701330715716 -0.0029752601285272795
0.0069243824789926318 0.0036953516971522157 -0.00075951436767249811 -0.0019133696556551478 -0.00030937663541020675 -0.0010649453649341951 0.0053485845317734508 -0.003494715347143019 0.0044412183629128268 -0.00017412503704912176 0.005294364806214545 0.0049081458171859283 0.0017209954560801627 0.002465776417152463 -0.00010980142978679509 -0.00078390966520803325 -0.0020186683161243181 -0.0020960677620414639 -0.0063579160410566129 -0.0019242209159461053 -0.0058082935841216486 0.0023311982116903129 -0.0019654373694705986 -0.0017188660665144967 -0.0064005378923301989 -0.00023025232868902068
0.0023339224879572445 0.00069256288259449876 -0.000165635469480212 -0.0018223633846242279 0.00026976333681215728 -0.00082437136564242352 0.0034509395970203148 0.0035238830667484026 -0.0018537479114980743 -0.0013189817183036636 0.0004431661694931999 -0.00047705822962601388 -0.00034000060845263552 0.00041479384473521114 -0.0091501224981189785 -0.0049847970962815175 0.0053169931962450618 0.0034575503508246837 -0.00028198485968985412 0.004121576780111361 -0.0033732406318212494 -0.0029119961464744624 0.006724913592440044 0.00069109069750742237 -0.0033749664009067697 -0.00056188968156957453
-0.0010677122846790253 -0.00098161326311272247 0.0036596198102436801 0.00043018768042212148 0.0019401444324880848 0.00040251226789011184 0.0046749046848419571 -0.0010381271348410023 -0.0015112290412532497 -0.0052094804284036978 0.00097009759407236168 -0.0042468316470572953 0.00056933383256077682 0.0002978580608658844 -0.0058719345451028297 -0.0031675268199851995 -0.00095744298251860009 0.0030345660209570159 -0.0070370626291011195 0.0025534441214852808 0.0097720408980470873 0.00096285958271488887 -0.00013294501171638457 0.0041349697553543334 -0.0050078147578826743 0.0028271818037104157
0.00805470746446167 0.0014447202354229054 0.0056627780811235023 -0.0050204898200530944 0.0051056239626117942 -0.0031018371522927757 0.0060431410097112276 -0.002865620001991971 0.0042439946347424045 -0.0025231519368144571 0.0014564053225120514 -0.00024818594615589413 -0.0022965189752918902 9.3979182513306364e-05 0.008913323008421627 0.0022403182060875375 -0.0058689323986513033 -0.00036665586818024603 -0.012359339078209816 0.0013029885134389751 0.0021656046187109607 0.0040129620007738741 -0.0091192064572813425 0.0020785232825956913 -0.012001581192861809 0.0029524493046558797
0.0012872431338490312 -0.0051644415116464653 -0.003407057508813626 -0.0018980394202321783 -0.00080886419810512157 -0.0036654557035990854 0.0099567211425225684 -7.9509725886038954e-05 -0.0016237449760230266 -0.0042858266405163947 -0.00088542147263186502 -0.004293171332917226 -0.00022769969291935995 -0.0004639462379541796 0.0042580596048374776 0.003593941585476552 -6.7062320359440909e-05 0.0015523766286970947 0.001047668033783086 0.0011459907237166291 0.0033941110019679501 8.440266458426953e-05 -0.0066813500387942629 0.0066309119746100348 -0.0062426027093135036 0.0068427669956672155
0.010773447345058142 0.0047784678798094161 0.00071921561047881815 -0.0044509891264678039 0.0043244065758912213 -0.0042240995592722781 0.0017894114559952128 -0.0023925667332990383 0.0044591894609748023 -0.0013563881870313943 0.0079779519478774229 -0.00082944830210019739 0.0034782598951369659 0.0033650610486840177 -0.00072798550306140482 0.0020195087810017001 -0.0062753722076722383 0.0056605341919322176 -0.0083481832536061208 0.00076141958072979427 -0.0061151567281139928 -0.00058627645742457114 -0.0097472053843899609 -0.0011905101367426548 -0.0023079792145684883 -0.0015547129798192671
0.0035513490753949859 -0.0018074353218896666 0.0029730299996782719 0.0031557130848202308 0.0050561470725521401 0.0051121788460260394 -0.021868562057690652 0.0086536143961622493 0.0050054368835821582 -4.3713603083873171e-05 0.0058703512438905026 -0.0037956862872539922 0.0015618917369651921 -0.0023755090297007207 -0.0049286442151489909 0.0023194878721546882 0.0054681917387787654 -0.0034793911844355602 -0.0034988723282030074 -0.0016184386923956712 0.001807977267085455 0.0040798910596207948 -0.0025480670538103197 -0.0050015546240029457 0.0015497706369248811 -0.0051991565160216108
0.00087447587293398507 0.0076944526900695779 -0.0038305704681434408 -0.0056658195761029491 0.0043670614540086217 0.0015176839277573489 0.0037331069799232852 -0.0085239340512567041 0.0029080491614664112 0.0068143449914294758 8.2004132061759636e-05 0.006064180459779028 0.0013554753285616884 0.0025817300116316383 0.0033931933551199366 -0.005219084586673888 -0.0050466344082229688 0.0030868721929926436 -4.3280993831564061e-05 -0.0056445074911746947 0.0010260083182839965 0.00034202967046697208 -0.0061470688791977011 -0.0028712022567871703 -0.0026718198529629817 -0.00017674598213161807
-0.0020457309157207362 0.0035441881628694603 0.0075075127237776151 0.0039106391287027824 0.00026559192939878788 0.0029937755123775459 0.0029432954567665025 0.0031230161550589537 -0.00081555036674401619 0.0027746751117494052 -0.0033483118569737711 -0.002151231020317299 -0.00043483556744083581 -0.0029096790081467069 -0.00061615190781994466 -0.00046084327068714051 0.00085821696049263483 -0.0035974713516100506 0.0002117617360713344 -0.00056175114606321045 -0.0027807782741014735 0.00031135784784891326 -0.004943825666220863 -0.0030747790863143009 0.0031988057485150987 -0.0039018970354679633
-0.003938711408347258 0.0042623949420994688 -0.0057034187516746514 -0.00093037914116632847 -0.0023741445226089638 0.00243702802066844 -0.0041000547042578123 0.0024488914113905726 0.001376658222490135 0.0037020918975176741 0.0016252083282275519 0.00083849127403473633 0.0035688157044914833 0.00087391715353381174 -0.0058589169350139478 -0.0029817052147013156 -0.00059267750785105115 0.0050067028946487241 0.0033308250251759338 0.0031324357461286262 -0.0066533134384241339 -0.0044390922031359347 0.012498668116839541 -0.006290009474519344 0.006821061870953847 -0.0080607673064988228