C:/Users/vmc04/Documents/GitHub/wingproj/Metric disparity/Field 13/FieldARS13 coord_Aug10_Format - {Relative warps} - 1 17 26 0	from C:/Users/vmc04/Desktop/Wing saga/Wing field landmark repeat/13 landmarks field repeat/ARS field collected/coord_Aug10.txt - TPS like internal (simplified) format - can be converted to other format by using TET	
0.02521 -0.01679 -0.01314 0.00394 0.00803 0.00569 0.00750 -0.00140 0.00138 0.00207 0.00145 -0.00002 0.00112 0.00130 0.00060 -0.00014
0.01485 0.02164 -0.00326 0.01121 -0.00815 -0.01051 -0.00184 -0.00136 0.00202 -0.00022 0.00062 -0.00053 0.00136 0.00144 0.00037 -0.00048
-0.01471 -0.00411 -0.00257 0.00844 0.00065 -0.00610 -0.00042 0.00164 0.00087 0.00553 -0.00128 0.00075 0.00119 -0.00190 -0.00007 0.00111
-0.00432 0.00355 0.01153 0.00734 -0.00107 -0.00118 0.00948 0.00111 -0.00432 -0.00167 0.00243 0.00248 0.00000 -0.00037 -0.00125 -0.00027
-0.00794 -0.00756 -0.01440 -0.01429 -0.00722 -0.00883 0.00712 -0.00170 0.00124 -0.00216 -0.00196 0.00080 -0.00087 -0.00071 0.00074 -0.00030
0.01258 -0.00953 -0.00015 0.00788 0.00063 -0.00142 -0.00776 -0.00590 -0.00522 0.00034 -0.00150 0.00163 -0.00212 0.00049 0.00040 0.00007
-0.02191 0.00615 0.00003 -0.00568 0.01557 -0.00305 -0.00383 0.00162 -0.00222 -0.00296 0.00090 0.00073 0.00147 0.00056 0.00127 0.00033
-0.01701 0.00286 -0.01323 -0.00343 -0.00880 0.00362 -0.00135 0.00153 -0.00376 0.00149 0.00430 -0.00198 -0.00124 0.00035 0.00021 0.00060
-0.01994 -0.00198 0.02209 -0.00028 0.00182 -0.00012 0.00516 -0.00565 -0.00036 0.00134 -0.00141 -0.00306 -0.00013 0.00059 0.00026 -0.00023
0.00914 0.00230 -0.00820 -0.01137 -0.00066 0.00233 -0.00242 -0.00009 -0.00446 0.00004 -0.00287 -0.00093 0.00205 0.00046 -0.00189 -0.00003
0.01962 0.01347 0.01264 -0.01386 -0.00511 0.00824 -0.00138 -0.00366 0.00198 0.00108 0.00114 0.00160 0.00065 -0.00110 0.00075 0.00054
-0.01351 0.00612 -0.01256 0.00876 0.00447 0.00699 -0.00284 -0.00406 0.00295 -0.00180 0.00045 -0.00057 -0.00008 -0.00221 -0.00053 -0.00119
-0.00110 -0.00637 0.00355 0.01155 -0.00930 0.00918 0.00046 0.00506 0.00008 -0.00383 -0.00284 -0.00041 0.00059 0.00004 0.00086 0.00062
0.02751 0.01398 0.00015 -0.00022 0.01022 -0.00271 0.00278 0.00393 0.00085 -0.00081 -0.00092 -0.00168 -0.00245 -0.00080 -0.00034 0.00074
-0.00003 -0.00064 0.00678 -0.00474 -0.00024 0.00141 -0.00269 0.00746 -0.00049 0.00344 -0.00073 0.00050 -0.00069 0.00014 0.00055 -0.00192
0.01231 -0.02460 0.01135 -0.00323 -0.00168 -0.00664 -0.00626 0.00121 0.00302 -0.00230 0.00281 -0.00100 0.00048 -0.00063 -0.00072 0.00002
-0.02076 0.00150 -0.00061 -0.00201 0.00087 0.00309 -0.00170 0.00026 0.00643 0.00040 -0.00057 0.00169 -0.00131 0.00233 -0.00121 0.00051