C:/Users/vmc04/Documents/GitHub/wingproj/Metric disparity/Field 13/FieldTPN13 coord_Aug10_Format - {Relative warps} - 1 17 26 0	from C:/Users/vmc04/Desktop/Wing saga/Wing field landmark repeat/13 landmarks field repeat/TPN Field fix/coord_Aug10.txt - TPS like internal (simplified) format - can be converted to other format by using TET	
-0.00262 0.00928 0.01415 0.01207 -0.00384 -0.00478 -0.00180 -0.00059 -0.00319 -0.00288 -0.00229 -0.00054 0.00034 -0.00138 0.00070 0.00074
0.00967 0.00128 0.00390 -0.00388 0.00159 0.00271 -0.00195 0.00192 0.00625 -0.00456 -0.00311 0.00072 0.00217 0.00108 -0.00087 -0.00012
-0.01362 -0.00241 -0.01499 -0.00292 -0.00065 -0.00389 -0.00542 -0.00175 0.00071 0.00058 -0.00250 0.00208 0.00029 0.00039 0.00185 0.00005
-0.00153 0.00612 0.00113 -0.00534 -0.00768 -0.00487 0.00108 0.00385 -0.00093 0.00621 -0.00077 0.00125 0.00190 -0.00006 -0.00127 0.00063
0.01626 0.00793 0.00484 -0.01266 0.00589 -0.00613 0.00027 0.00097 -0.00397 -0.00095 0.00211 0.00007 0.00085 -0.00002 0.00088 -0.00125
0.03165 -0.01975 0.00073 0.00681 -0.00311 0.00067 -0.00239 0.00013 -0.00006 0.00316 -0.00145 -0.00137 -0.00114 0.00050 0.00046 -0.00007
0.00876 0.00097 -0.00764 0.00238 0.00667 0.00004 0.00515 0.00507 0.00445 -0.00061 0.00254 0.00030 0.00009 -0.00166 0.00089 0.00105
-0.00085 -0.00746 0.00281 0.00562 0.00747 0.00721 -0.00047 -0.00045 -0.00408 0.00017 0.00051 0.00532 -0.00017 -0.00049 -0.00065 -0.00021
-0.01152 -0.01450 -0.00048 0.00182 -0.00066 -0.00440 0.01095 -0.00004 -0.00191 -0.00181 -0.00161 -0.00021 -0.00035 0.00153 0.00002 -0.00016
-0.00429 -0.00912 -0.00920 -0.00381 -0.00579 -0.00388 -0.00357 0.00286 -0.00121 -0.00349 0.00055 -0.00087 -0.00197 -0.00157 -0.00166 -0.00040
-0.01486 -0.00527 0.01594 -0.00409 0.00207 -0.00319 -0.00238 -0.00063 0.00581 0.00179 0.00222 0.00064 -0.00244 0.00049 0.00018 -0.00001
-0.00391 0.01823 -0.00607 0.01779 -0.00024 -0.00057 -0.00013 0.00183 0.00195 0.00133 0.00136 -0.00062 -0.00019 0.00089 -0.00033 -0.00132
0.01212 0.01703 -0.00442 -0.00412 -0.00651 0.00208 0.00065 -0.00492 -0.00148 -0.00184 0.00178 0.00083 -0.00194 0.00159 -0.00027 0.00112
0.00038 -0.00222 -0.00291 0.00023 0.00518 -0.00153 0.00163 -0.01143 0.00215 0.00139 0.00017 -0.00138 0.00142 -0.00137 -0.00080 -0.00015
-0.00801 -0.00581 0.00276 -0.00291 -0.01573 0.00945 0.00109 -0.00032 0.00023 -0.00049 0.00246 -0.00074 0.00161 -0.00055 0.00097 -0.00051
-0.01168 -0.00673 -0.00107 0.00106 0.00975 0.00261 -0.00471 0.00191 -0.00370 -0.00010 0.00224 -0.00331 0.00149 0.00136 -0.00027 0.00086
-0.00595 0.01243 0.00051 -0.00804 0.00559 0.00845 0.00201 0.00161 -0.00103 0.00209 -0.00420 -0.00216 -0.00197 -0.00074 0.00016 -0.00024