C:/Users/vmc04/Documents/GitHub/wingproj/Metric disparity/Field 13/FieldAPR13 landmarks_Format - {Aligned specimens} - 1 50 26 0	from C:/Users/vmc04/Dropbox/Wing project/Landmark txt files/Field collected/13 landmarks/APR Field 13 landmarks.txt - TPS like internal (simplified) format - can be converted to other format by using TET	
-0.67274366913877903 -0.064088841912467845 0.22278577546630385 -0.089729242699320477 0.24441956137200616 -0.062441354217593358 -0.050251816656760762 -0.096417832638009321 0.25785657349130364 -0.03095117966896508 0.24976387212376441 -0.0038703965539703344 0.21651001029974901 0.023210733051357124 -0.016736907559750002 -0.0033998184819131225 0.15098768297277801 0.055687689882376316 0.057035788969555648 0.084585409198355319 -0.32925434265111553 -0.022175597507644543 -0.091492574977786206 0.10642837941278659 -0.23887995371126966 0.10316205213500816 
-0.66719456660602905 -0.062805025083838659 0.22804724866612291 -0.083961384853270482 0.24520649284647145 -0.061366042125549546 -0.030924565920070566 -0.10049001946426604 0.25483282617414982 -0.032334499779445809 0.24511835725892017 -0.0054828205807556964 0.21821244077558311 0.01919238530081125 -0.0031354975107431341 -0.0037249913045010264 0.1515299034872887 0.052402298021204115 0.042940034785834545 0.08232207703873394 -0.34271319714736326 -0.017156712539188056 -0.10217360915090878 0.10251213290472753 -0.23974586765925546 0.11089260246533877 
-0.67877302984131682 -0.057687822310424311 0.22420483088415946 -0.083023187052501071 0.2435113051691177 -0.055285415176532265 -0.043796275870834879 -0.095130137130713319 0.25496110987146625 -0.027643414635296827 0.24282893440914274 0.00069335559956465421 0.21600141772995024 0.025904303488322407 -0.016405247566465348 -0.005413349540115105 0.15481294304368026 0.049714168089795327 0.061191763495460273 0.075093143331145695 -0.33936712714920542 -0.021136950054939818 -0.082443856140848953 0.093969074126613261 -0.23672676803430545 0.09994623126508112 
-0.67587732869789352 -0.056041535550732706 0.22635112197661808 -0.079822698247344684 0.24314035571406364 -0.061846134233374768 -0.041835053446053913 -0.090259417647391885 0.25189877098371755 -0.029011880432923867 0.24977336351934112 -0.0041862892701604931 0.21287108038849692 0.021438905142303608 0.009310095185879462 0.0024210171134361443 0.15013312245919869 0.047913553422203076 0.051613744185268214 0.077169199520502524 -0.33727687015979868 -0.02335528137785834 -0.091572865726047892 0.09922132518834148 -0.24852953638278913 0.096359236373000312 
-0.66262054886901511 -0.063809874740693426 0.22479779118163007 -0.087751127491499617 0.24347777393797926 -0.065268242140724297 -0.05884346428908032 -0.097481536828018273 0.2565062862240966 -0.030605006690678522 0.25032236161626936 -0.0023889185961019454 0.2239255944255383 0.019409269114965381 0.00016244543257298648 0.0029220130160373418 0.15374495269628857 0.050497569103955711 0.04863785276935112 0.08561073017843146 -0.32993617630965982 -0.020469120944697237 -0.091980644794479066 0.10474063855921055 -0.25819422402149139 0.10459360745981326 
-0.67314402931851824 -0.060929955348669053 0.22472894750420369 -0.087264120570825846 0.24211275055739373 -0.065609667371269553 -0.048181661817115293 -0.097057024881093121 0.25402682293164131 -0.0300682518936762 0.24904353313707522 -9.3509422378227326e-05 0.22324595698001221 0.021174903715376916 -0.0010458565612290591 -0.0011154561808671844 0.15294039389126091 0.052059628984802889 0.04246385148303343 0.082655256519780618 -0.32481012293457812 -0.022591046358725518 -0.093844310438985529 0.10438298417562705 -0.24753627541419448 0.10445625863191729 
-0.68534016618543736 -0.060906379466393643 0.2214206706904632 -0.086210712541404944 0.24198470983432005 -0.060802241915468021 -0.034705023282105577 -0.094687336690038829 0.24903177250553046 -0.031849273284934407 0.23872382733361364 0.00056432667422952375 0.21427486455029671 0.021149332487078263 0.01305078429698559 0.0042727300447689704 0.14931690568702272 0.050448816628477305 0.056512252718776627 0.080099775211738153 -0.33291221350900579 -0.022486394313621434 -0.093653204116753611 0.098897655229299067 -0.23770518052370551 0.10150970193626978 
-0.67837880032995723 -0.062939469916382121 0.22452562414573002 -0.088885407847098641 0.24215749121361999 -0.058068863412335067 -0.037156955459822123 -0.098369771417877339 0.24668368665382392 -0.031584118816065883 0.24201539285730264 -0.002244853197988356 0.2131018624370779 0.021516673361051765 0.013625323005542426 -0.0019038013607417987 0.15165805141894059 0.047649010877236803 0.058572374193030352 0.082260787969340138 -0.32808444169330653 -0.019137201595674093 -0.09925840114305487 0.10639519260974153 -0.24946120729892729 0.10531182274679339 
-0.66101944734939189 -0.062752863979726861 0.23079517833100027 -0.09487842685155351 0.25368207020809064 -0.063313460808991209 -0.052329389469312114 -0.099060630297531177 0.25805714565842236 -0.031737149354407822 0.24936238706350755 -0.004508550885870711 0.21671049277443374 0.021645799502531003 -0.0032667911341338262 2.0021315330710269e-06 0.14159632013621867 0.057626551003264574 0.046875394298601367 0.083818941890794932 -0.33322470847085278 -0.019396529388428382 -0.096851402814090229 0.10350778248305396 -0.25038724923249334 0.10904653455533223 
-0.6791646049722545 -0.061726453495462401 0.2241430927957023 -0.085367705799725246 0.24573116952592694 -0.057161781933695775 -0.037935967774755205 -0.095725563704329414 0.25541032398252811 -0.034602560877588236 0.24942096164018912 -0.0056382077272546776 0.20337358742956541 0.025986305035882101 -0.0049521311174288178 -0.0049738632291698934 0.1520221699414368 0.052464309195932451 0.053207220077126631 0.079143714162083184 -0.32829075462229695 -0.02091993576812002 -0.088939764017843634 0.10159257448386981 -0.24402530288789628 0.10692916965757816 
-0.66871742559070158 -0.057967824777472268 0.23594716572652283 -0.086117495934280905 0.24895681395585775 -0.057769381684721122 -0.053209774368501821 -0.10020951727324401 0.25257516267432922 -0.034192010172045706 0.24862039739894831 -0.0050098961454338141 0.20885253777344684 0.025828202558249896 -0.0057857307866254742 -0.0019212361930965036 0.14743963348408878 0.052759595494682399 0.05586643686667702 0.081383017739284025 -0.333516084419125 -0.02473876554432514 -0.089372334329269221 0.10401121396639351 -0.24765679838564747 0.10394409796600958 
-0.67069732018815142 -0.06161747831323728 0.23090346638343931 -0.090142178224122307 0.2444290262530483 -0.063384204499315713 -0.033939802128930413 -0.095688402199118477 0.2557296407458306 -0.034381742330054588 0.23798870693409657 -0.0030175333105743546 0.21240183510058591 0.022794083800652041 0.0022309586284047322 -0.00086927803790630626 0.1499519057753165 0.051001648130445637 0.050643804725195217 0.082722518134126649 -0.33307917907275159 -0.022868075527575804 -0.093387949139182053 0.10793466808215998 -0.25317509401690241 0.10751597429452077 
-0.68807028409019866 -0.054431140583528437 0.21256912130111291 -0.09103967108521567 0.2363524416436556 -0.064108792991564384 -0.016581464220814537 -0.098575759158634285 0.25149827040580769 -0.030359334573350993 0.24681480761052924 0.0027802744595051389 0.20893726192011131 0.029036192405272904 0.012327072945926122 0.0019810559172238475 0.14460250286569193 0.053745568406627767 0.051637539086602242 0.078062990471757784 -0.33298918424341789 -0.029097893888051625 -0.08538646439096842 0.1012696614907396 -0.24171162083403708 0.10073684912921875 
-0.67644120531430074 -0.060375957135311686 0.22957936342872728 -0.085977169612754811 0.24498210121138755 -0.06240506345584311 -0.063811695240867328 -0.098182215195065925 0.2537137271211915 -0.031827023523202699 0.2429858328864489 -0.0041939139736393242 0.21179817382930782 0.0262209360383301 0.013839514622174172 -0.00086515470862394981 0.15203296419523027 0.053914070269137512 0.062578352005406762 0.080053144348071037 -0.30924094660316631 -0.014624260442809098 -0.098848160790923345 0.10111151059279218 -0.26316802135061695 0.097151096798919895 
-0.67404627582715115 -0.056419233977373889 0.2317416826958256 -0.079356506720882694 0.24171104286556089 -0.058537679775001843 -0.045079205776418725 -0.091904937013361415 0.25330178451418206 -0.030537439601648942 0.24868091022121913 -0.0024371587130850884 0.22005529802654228 0.020259983144042346 0.00051515936825822009 -0.0022304807408395932 0.14839805846897194 0.051675741128256972 0.052792933011626263 0.076678687334807205 -0.34086793286062939 -0.019427111903613303 -0.10114580371918006 0.09434552644401023 -0.2360576509888071 0.097890610394689576 
-0.67928411526503407 -0.050635156451930355 0.22930125427940581 -0.084267918631428851 0.2466624662457432 -0.055827942691103784 -0.039581132533656783 -0.090925696232436362 0.24954228870563719 -0.029249699016736661 0.24359938454232544 -0.0002318881014749896 0.21632416032007293 0.019321247545070072 0.012612567170105131 -0.0011668891486706085 0.14490778703060431 0.049962499580391388 0.052324189389319327 0.077797395241181483 -0.33222605423176688 -0.025928538751487901 -0.094938354684208914 0.094773654537483362 -0.24924444096854667 0.096378932121144026 
-0.67520739413734365 -0.057451482561634369 0.21968028834075096 -0.089005607232566897 0.2385083385425702 -0.06133502681397475 -0.038031667500521484 -0.098271637867512973 0.25202960950185377 -0.029256472335368704 0.24602225759629115 -0.0043616004721389653 0.21529844309504417 0.024220849536128252 0.01553801178592683 0.0020350043451783473 0.15122062714563003 0.055572249254961986 0.052553009282386202 0.081094706335778519 -0.33403452109025306 -0.021704266625063567 -0.086090482745020583 0.10088733703832499 -0.25748651981731502 0.097575947397888871 
-0.67345716645569953 -0.060580719813367455 0.21492827101590492 -0.092098862896248648 0.24283874234981448 -0.062724618715828878 -0.034610094713957866 -0.092633469853957276 0.25544179974660347 -0.030126939147559515 0.24756230085524528 -0.00038933977387741082 0.21814653036702414 0.023430849248573221 -0.010146247920585333 0.0001816764618815173 0.15097870111340811 0.055815721241105176 0.061241648108114 0.081270993881491407 -0.33661618326016596 -0.023093435515441185 -0.08787716945199095 0.10017040393994436 -0.24843113175371498 0.1007777409432847 
-0.67497250867135172 -0.057931965790710714 0.23233962825753859 -0.08427448616505126 0.23929726221957667 -0.063756863828174082 -0.043155099919822144 -0.10088313238325709 0.24810195709117061 -0.03417506720586172 0.23863042715831675 0.0024629475342069014 0.21298921274441224 0.023792497145598449 0.0063993221625939381 -0.0021370187515609741 0.15781549378605464 0.052806042862369368 0.057863116256971069 0.078727206698560287 -0.32503176016977964 -0.023451666395152775 -0.090377892375059499 0.10477020871923774 -0.25989915854062262 0.10405129755979604 
-0.67634303190025402 -0.063968956898809701 0.2214797527989211 -0.098256445773720516 0.24314583800484513 -0.065667243666023625 -0.053759094490930928 -0.10086393932719444 0.26248803586567188 -0.031943487523944845 0.25058374690325058 0.0037973920157638617 0.20054895592442323 0.035707331096925546 -0.011846330350398986 -0.0079413130890990686 0.15408216487774229 0.057241946039649209 0.055541547744070732 0.081752944730117599 -0.32512803281452357 -0.023631473060442821 -0.084631836206553304 0.10586953263098481 -0.23616171635626357 0.10790371282579361 
-0.66795306382534581 -0.062004115102095032 0.23053908215506899 -0.083433243934652027 0.24287790845298665 -0.064890164985826823 -0.036934450363749621 -0.095402489381511107 0.25202993264065737 -0.037505539726905283 0.24913949577718586 -0.0055660713203465528 0.21426725261475937 0.020183257066103358 0.0038756737645993301 -0.0013190535999949035 0.14543920314173384 0.057369087529441795 0.053315654741062354 0.07945266850858089 -0.33299041345919811 -0.020098510672015006 -0.097046198903675579 0.10668382312890794 -0.25656007673608422 0.10653035249031342 
-0.68055392078342802 -0.06091831692098048 0.22456232759627362 -0.087152487757272468 0.24068812002394527 -0.062266467816867899 -0.048785776690070136 -0.097915447024089441 0.25469090665986632 -0.032267381547740254 0.25326062278861289 -0.0014414711852505518 0.18797505109691034 0.037804801879410516 -0.0047616927288479998 -0.0048074357241559658 0.15797596482778262 0.051807588515331571 0.066097084139805445 0.080425422403952174 -0.33662404481304753 -0.022502641492257325 -0.077059972225553733 0.099120949254316221 -0.2374646698922494 0.10011288741560362 
-0.6767673753103618 -0.060647551512164277 0.23039536013379794 -0.083682903192993027 0.24610449705823401 -0.061946467278654035 -0.050261526456448144 -0.0920326062097305 0.25523490876570532 -0.033390057173010863 0.24626753162421891 0.00027901204361727719 0.219832006269191 0.020859559104698944 -0.0074368675231288326 6.0260697802330589e-05 0.14474202169611669 0.050932391334760858 0.051450855856511137 0.080375582929407122 -0.32466843734239487 -0.019119223167101344 -0.087062906970907086 0.097229982386781169 -0.24783006780053426 0.1010820200365871 
-0.67628868262339425 -0.060597948283468699 0.22554303013053575 -0.092083929542121981 0.24815607035915069 -0.061626411589030199 -0.027732998878724609 -0.094016043541830505 0.25466411093376828 -0.029529130591029466 0.24253908116453735 -0.0064786559574537142 0.21223185429143901 0.020439070250893799 -0.0039417639451388535 0.0010493368772452407 0.14674912301553453 0.058282241323586281 0.049531399606592655 0.082148621797168628 -0.33764351174941409 -0.020701993536177219 -0.097490794729258354 0.099133977731212478 -0.23631691757562712 0.10398086506100515 
-0.67422672851317578 -0.063280973286234776 0.22674991973674735 -0.084476221146293093 0.24783670229872456 -0.056776929875619622 -0.042844350444000041 -0.09643088471324926 0.25570399692231227 -0.030232466926099648 0.24622827956478222 0.00020344850611770532 0.21651469545547805 0.019233743400367549 -0.01226628258894805 -0.0024759231415174363 0.1521150873839382 0.04604694326001206 0.052075052467217678 0.074526328618240142 -0.33369971198211457 -0.021074741538992463 -0.10191337286601998 0.10346432761752755 -0.23227328743494199 0.11127334922574131 
-0.67200820653544457 -0.054284349340090292 0.23435465855061707 -0.082541975587665795 0.24818993562494213 -0.058072985558938993 -0.042362060964254128 -0.098080326337144794 0.25712414438947656 -0.032602778767680654 0.24056391201593733 -0.0040844920529986804 0.20829117983489093 0.020574333692450923 0.012987125448650038 0.0017576767247995911 0.14562697726378301 0.050263477597373991 0.055482056260748203 0.077122650700214637 -0.33244552684834761 -0.024289176187200449 -0.10629762759815287 0.099371567655053256 -0.24950656744284599 0.104866377461827 
-0.67334203355309008 -0.053362378318784827 0.23281825525246114 -0.083120861943945606 0.24870425424446099 -0.058634088721142688 -0.039726156660630299 -0.097080210394731511 0.25539681878862597 -0.028834551318152452 0.24045210367073536 0.002362217631669372 0.21601762399649402 0.021341746744370629 0.0020759725481901887 -0.0039229461980905206 0.15148927103311186 0.048219328936676221 0.047723909658950583 0.072665765956727496 -0.33027668836512819 -0.016871286043351742 -0.09831969669812976 0.097826881473787666 -0.25301363391605303 0.099410382194968186 
-0.67273223890712974 -0.060318438110221299 0.22244382791384987 -0.088583648791945219 0.24439571278129096 -0.060175127921747326 -0.039245903399212564 -0.095077896116190427 0.25197366444860142 -0.032585704549005022 0.24831366646827377 -0.0017570185494043356 0.21993465390503769 0.02224617761041502 0.0011011474297082356 -0.00025257885286928588 0.14858138327622084 0.054048637739759577 0.048406475479738996 0.079084624643246768 -0.33566800420390092 -0.020028952019652952 -0.087695888240327632 0.10258569562618927 -0.24980849695214929 0.10081422929142543 
-0.67942221112578915 -0.055388132073971329 0.22902203130529755 -0.081665180591412187 0.23975559623623868 -0.060985439248504733 -0.020486326292916121 -0.096113629958807359 0.25262222709169663 -0.033782435935032634 0.24702902746667435 -0.0045146020054019466 0.211070444900509 0.021324114272976646 0.0082480315895514314 0.0028018325619208044 0.15012876988329871 0.05136072709203035 0.041459430455977317 0.077868970902220211 -0.33021720569772278 -0.016495850380476781 -0.097550479073084048 0.096607526693915827 -0.25165933673973179 0.098982098670543167 
-0.66903035252901588 -0.062626108838014269 0.22737404649500031 -0.082749708587581475 0.24499238942106122 -0.060568183216906268 -0.055992307424019651 -0.090173593235577651 0.25454224926206082 -0.032165217701390032 0.25087537583458902 -0.0015478411305957483 0.22362723763940437 0.01817606303887374 -0.0089641382226532135 -0.0021533135992484074 0.15170310549374552 0.049705056784072076 0.051253551794217769 0.08161502487081225 -0.33424952790830192 -0.020225758571863869 -0.091128643898422179 0.10185766757743796 -0.24500298595766704 0.10085591260998195 
-0.67416621847597347 -0.058035951990250009 0.22733195364344455 -0.087891576559384024 0.24680520087629471 -0.055888107081619259 -0.055733883885022047 -0.095552656969849575 0.2569260203898755 -0.028669069517605048 0.2447170149524171 0.0023776242475745265 0.2127135454746521 0.021850871480424736 -0.0066316430059994566 -0.0033069256480210106 0.15546069423795988 0.049335574822803388 0.059457160514448701 0.078147500355356253 -0.32988704062046664 -0.021842914595987455 -0.091927474630109127 0.099667685253383598 -0.24506532947152146 0.099807946203173611 
-0.66018987990337186 -0.060656762504222708 0.23081608121469113 -0.084313727058920346 0.2494439296476362 -0.060616183903614063 -0.060936277547720179 -0.097071203180423213 0.25514339181103379 -0.027053663338726684 0.24558430144424148 -0.0031222065624641653 0.22082963529136346 0.018766977640487344 -0.0081161411088515548 -0.0031852100353756485 0.15603476042223063 0.049661943165488116 0.058716494630323975 0.080826809022361598 -0.33568921327495949 -0.02106636094561426 -0.097233841599866408 0.10163636516901454 -0.25440324102675194 0.10619322253200983 
-0.67274349715410364 -0.057815955641460838 0.22710546999181824 -0.090889913240637235 0.24509759453847316 -0.06561909216038006 -0.036514074135416547 -0.099085359968222916 0.25318590091711929 -0.034703830400425323 0.24582261828030355 0.0008091532606946724 0.21176720018475259 0.025540772181701057 0.0033111875772586308 -0.00097305977636310441 0.14677235287118612 0.056146422633984526 0.049622185354644771 0.082673951533414253 -0.3324535450249313 -0.024990125472234639 -0.091861814025401653 0.10525627989932579 -0.24911157937570344 0.1036507571506038 
-0.67193786026761737 -0.063149643778352943 0.22677368905816558 -0.086601906711930646 0.24517954295953304 -0.063728878223897403 -0.048122292684975927 -0.09392518402220261 0.25378040172379002 -0.032191468988926088 0.2450143858045625 -0.0072246015694578513 0.21559940039323261 0.01876854067135646 0.0015764108180410562 0.0040167799783395386 0.14811775322017084 0.056603347196302965 0.058938629039722218 0.082421803984744829 -0.32651634397785007 -0.019761436762896718 -0.091078550218201798 0.10371591640210782 -0.25732516586857296 0.10105673182481256 
-0.66101262174432796 -0.055592872217444134 0.23099615279638688 -0.083347706589315021 0.25123890881808375 -0.055846023196876197 -0.051941693975374043 -0.096203541885114915 0.25934022095731696 -0.028988212359174637 0.24970658416608243 -0.002641176405473494 0.22313715161497752 0.017579396671100676 -0.015274484223982761 -0.0056637284039335488 0.14844560243647303 0.05386949635540423 0.050159403938023588 0.078594908730436883 -0.34400353694672059 -0.0220938535953852 -0.099600237339897479 0.096150125515218926 -0.24119145049704122 0.10418318738055644 
-0.66812572581676299 -0.059111697994674278 0.22080275504906818 -0.093252538558005832 0.24645153824502727 -0.0600946932322141 -0.034574019943124923 -0.098987384591166225 0.25355482743921576 -0.030909377874570231 0.24432778646410061 -0.003568628213899974 0.21334150519012965 0.022036555201412886 0.0022201945763879313 0.0023785293540770202 0.15642725463624654 0.054679628139944488 0.052693577626273781 0.081745404206909567 -0.33719779421737528 -0.02339336564240882 -0.096751943923554795 0.10429786553789541 -0.25316995532563275 0.10417970366670003 
-0.66626288567718472 -0.05851579362032884 0.2251632505440814 -0.088995766508347438 0.24955260753134656 -0.06118046198164169 -0.051339516098872599 -0.094429906208460396 0.25828354867722514 -0.034184361679736694 0.24828702568233996 -0.0037911256699310752 0.21947356016254826 0.023741844936830313 -0.0092794939235172173 0.0019782015142601386 0.14793101317934632 0.053972051538882064 0.055500636364946461 0.082414719051094668 -0.32989724268758658 -0.024730493385161381 -0.093380568024173036 0.10227659035417438 -0.25403193573050098 0.10144450165836569 
-0.66770859056288567 -0.060851078846176486 0.23022476710681034 -0.080143718848693896 0.24655259336111615 -0.055456941109691502 -0.063176680361030024 -0.099686504267696277 0.25365663460210175 -0.033882265751579814 0.2474024239391594 -0.0072257737460456311 0.21652144733953579 0.019340700556006809 0.00417935367562609 0.001120338658327181 0.15278602913611189 0.050917727490225495 0.056222424492403014 0.0803225003250784 -0.32820322097902432 -0.021643320533273169 -0.092650553340882902 0.10337929405586203 -0.25580662840904145 0.10380904201765688 
-0.67420002575145033 -0.061421839111559531 0.22546056044902488 -0.08737774429892553 0.24152432348211017 -0.061367154219111882 -0.046637886878300311 -0.097035562824243055 0.24551654087207478 -0.033951966454295587 0.23974786274257689 -0.00078785033846433901 0.21390345441154565 0.021875499568030952 0.0076346940695359933 0.0039562766814801257 0.15858248081521348 0.054086116508593171 0.072352647310447535 0.082672523694533262 -0.33535789182050707 -0.023727697143721589 -0.10434850971222275 0.10253076999148264 -0.24417824999004839 0.10054862794620109 
-0.67499828852360644 -0.058288709202776789 0.22641250753042563 -0.080386314077240742 0.24027573390337428 -0.05960420569646669 -0.036660230677086167 -0.093121726851311065 0.25239507018378421 -0.031525359558996761 0.24906787869197647 -0.0014664634859436812 0.21113313802133282 0.025312473063910362 -0.016630141048065428 -0.0041665002461267059 0.15044568542805387 0.051417838835652055 0.067915251533295695 0.076840187435559773 -0.3471363019458229 -0.027119647338664711 -0.089260325264907833 0.098488487214869636 -0.23295997783275491 0.10361993990753524 
-0.66934568106192871 -0.060543517922884142 0.2335713036663663 -0.086850489632759376 0.24234062080411237 -0.063260067275752521 -0.042982592169748451 -0.096923955831074965 0.25105566801358115 -0.032950198503706611 0.24746077511685774 -0.0038597323360099172 0.20802883467325975 0.02494129421420516 -0.0023510098797955236 0.003082497216383305 0.1529272309159502 0.052495783195932219 0.064228395083445786 0.079778922536270142 -0.33256098216771313 -0.019744113502392864 -0.097210173650369963 0.099754691238559443 -0.25516238934401797 0.10407888660323003 
-0.668281995449439 -0.058512540316470019 0.22147549776972544 -0.090975675292387467 0.24612591815662857 -0.063200616788663608 -0.046623535578530093 -0.10246731506029801 0.25473623106466137 -0.031120401830923239 0.24517121883059825 -0.0017482373002265517 0.22144090832415644 0.023839587689922399 -0.0025304688934238012 0.001515614531841566 0.15148244515137807 0.055260232905931392 0.051301215663568669 0.086194848177033948 -0.33435598390360072 -0.025998706310159141 -0.09240011606353378 0.10478695853190054 -0.24754133507218887 0.10242625106249827 
-0.66600911410322206 -0.053528340824815675 0.23385759899416425 -0.086192409623034524 0.25079450759925837 -0.059325577071792028 -0.041130413068663517 -0.099715176117218918 0.26101579524452412 -0.027943975043961924 0.23979894760690684 -0.00092928628719712489 0.22080904372409374 0.021588027840688525 -0.016064350503366409 -0.0021821185703243089 0.14349677715944675 0.052186660097578351 0.057181063913187259 0.076087066242347984 -0.33595218075222433 -0.018897444491192326 -0.097586976709701997 0.10025274381467232 -0.25021069910440263 0.098599830034249422 
-0.6678934995175938 -0.056952949178399881 0.23644410091643084 -0.08048304621494469 0.2495589827424895 -0.05462319646939981 -0.057589807125056722 -0.099337053922246399 0.25832689822029986 -0.033060991217893354 0.24986107909952365 -0.0016749550603953058 0.214325364010616 0.020140024693935624 -0.0073469196173795281 -0.0056105116740868665 0.14101879834091505 0.050815398402720431 0.051485091646598327 0.078341521522290861 -0.33920716532564621 -0.025329312624507074 -0.092108258970889811 0.10077302445424265 -0.23687466442030675 0.10700204728868348 
-0.67226752284763858 -0.063504684666925937 0.21700701309397077 -0.09169728637262177 0.2408068912482316 -0.062812206234242163 -0.031934070557376938 -0.10165175387933308 0.25221835027337963 -0.029776939723182062 0.24606142470218006 -0.0029125802808303725 0.21201812809269099 0.025026609748048479 0.0074678439875157671 -0.00048794965676802706 0.15215423263291297 0.054037523364007994 0.061302200853397507 0.082062155877663356 -0.33960984659166299 -0.018557923441778274 -0.09979540631648981 0.10399510980849418 -0.24542923857111099 0.10627992545746766 
-0.68049871336610113 -0.059692486489825676 0.22358020708571544 -0.08429894802279983 0.24539135968528705 -0.057676570710399666 -0.042514447400328205 -0.10132235331229286 0.24934235886731582 -0.031555572300712403 0.24598462978405095 -0.0041605015755047919 0.20903619623147027 0.023216123629994288 0.011042871852042254 0.0020026002072451141 0.15527631266479822 0.050059174373913357 0.047016047677513891 0.079625097582366439 -0.32983167986772921 -0.023221954437208325 -0.092930688325385244 0.10281596373266799 -0.2408944548886513 0.10420942732255635 
-0.67579307290494084 -0.056852006915503038 0.21864445388900466 -0.086950861509660068 0.24384257657346947 -0.058073919035821313 -0.051308052443245121 -0.094852298753523051 0.25636169261811353 -0.023172769448191723 0.24766419522865812 -0.001716744225113856 0.21707973139596376 0.019587512163682201 -0.0026834543127568595 -0.0019659741901322 0.15843232517195721 0.049947959521615064 0.055061460666453267 0.079956986853188569 -0.329934539089839 -0.025132065394783507 -0.091700277863163454 0.10206627335604429 -0.24566703892967415 0.097157907578198824 
-0.64910547333295088 -0.060549333625933906 0.2247915295084941 -0.091483317410824064 0.24919447372188053 -0.061112038803278368 -0.052603919195173265 -0.096738263425027143 0.25904000811870798 -0.028603063305924721 0.2476929724231775 -0.0051885630247893531 0.22179618448372176 0.019245011479131543 -0.01297673928358844 -0.0024982867803310894 0.16340573619217943 0.051286875045834908 0.053535672499703486 0.086332358272459456 -0.34173693979868536 -0.021528953139949684 -0.097616223855732667 0.10543379397332596 -0.26541728148173432 0.10540378074530667 
-0.66148207883643062 -0.063565479954812751 0.22983742090917192 -0.08981142154918545 0.25463288569184617 -0.058351018116190902 -0.064925955916442929 -0.096833853751098514 0.25903410997568899 -0.032777618303378976 0.2456411818830273 -0.0042396997498019779 0.2111006151580275 0.027399399026454229 -0.0041357219009744289 -0.0063773125322368037 0.15500242535494671 0.052079219257887985 0.054373300783300167 0.083052507589289754 -0.33704193777462049 -0.015204400861622678 -0.093842384952286556 0.1002894541402658 -0.24819386037525321 0.10434022480443003 
-0.68075652564809308 -0.051815774103993642 0.22790142087108289 -0.078515062295026652 0.2376634246632473 -0.061299112721110251 -0.038742210469076221 -0.097808153371180692 0.25320605985639821 -0.028937661096274592 0.24774280027023504 -0.00092448396869502765 0.21327899659143876 0.020606162076704109 0.0059109611802694879 -0.0027623414887075269 0.15155009876789152 0.052742608489986298 0.051758879245930409 0.080259591892823903 -0.33293975022746641 -0.025210634140612535 -0.096064045217870667 0.09898431270825897 -0.24051010988398747 0.094680548017827687 
