C:/Users/vmc04/Documents/GitHub/wingproj/Metric disparity/Field 13/FieldTPN13 coord_Aug10_Format - {Procrustes residues OP} - 1 17 26 0	from C:/Users/vmc04/Desktop/Wing saga/Wing field landmark repeat/13 landmarks field repeat/TPN Field fix/coord_Aug10.txt - TPS like internal (simplified) format - can be converted to other format by using TET - Orthogonal projection of the preshape data to the Kendall tangent space
0.0055471293729336697 0.0058365826598422614 0.0025258691783431931 -0.0031881899646406192 0.003265940201444687 0.0019054889509227031 -0.0087338409382392984 -0.0024927140654429835 0.0024923378884229449 0.0042780768310458446 0.0025943344275327859 0.0025373873478896883 0.00061922619935905841 0.0021431952473437463 0.0015429875041370602 3.8466217807933548e-05 -0.0014050504085535256 -0.0003453670310775719 0.0078678190984292646 -0.0036877981493850815 0.0014365632314730942 0.0015857329944613506 -0.011423312461076604 -0.0045476846126053135 -0.0063300032942043682 -0.0040631764261617326
-0.00022303301265682966 -0.0020561853508992783 0.0011359858028069172 0.0003761353314030776 0.00089048978025361297 -0.00097733780910383905 -0.0061693378618717177 -0.0010788870897923289 0.00095101076117477812 0.0026771608077726162 -0.00061132262090680739 0.00094077626809198063 -0.0012829117004373117 0.00094310176524132702 -0.0037422024723598531 0.000414903529964637 -0.0011856666163496705 0.0015036042664508028 0.0029889254277302439 -0.0030677046648687435 -0.0053706926189460514 0.0023915900782120057 0.0088167889515314429 -0.00075551035177680477 0.0038019661800323744 -0.0013116467806953414
-0.0033872656319047963 -0.00056471223684795107 0.0033897640738400157 -0.0027256980194862454 0.0013135780237611308 -0.0015458701946529699 0.0099271422439249548 -0.0018879787603903796 -0.0012911660161362406 0.00058198186862790796 -0.0026809435570800738 -0.0025682739385513012 -0.0014096060378413263 -0.0019522710677808922 0.0059547518058130243 0.0042120586911151654 0.00015662296956510022 -0.0014646722030729835 -0.014576787681694526 0.0022816426757830462 0.0061515042375802683 0.0013805779738367988 -0.00086904467991683618 0.0018467568502623819 -0.002678549749910812 0.0024064583611571044
0.0027362075086104845 -0.00098566263030624513 0.0019689613171710724 0.0014863278411078578 0.00039900198017127873 -0.002689022897134278 -0.0058817508730216548 0.0016039687462557379 0.001469658009358716 -0.0019744821472812962 0.00050651744823721704 -0.0013900469521098328 0.0029819216550716473 -0.00084873376058466541 0.0044303768846905255 0.00163719326102788 0.001245772845046618 0.0016469565399256504 -0.0053115700175493108 0.0029225282053038718 -0.0030199796408996475 0.00065558297369056723 -0.0063284830554158544 -0.0012963248769613275 0.004803365938528906 -0.0007682843029335612
0.00092573981816272168 0.00065530088361490481 0.0045688113774886921 0.0060435140559697564 0.0017242540863488397 0.0022524532936922005 -0.014112412252659114 -0.0011292351485582552 0.0010138384918470349 0.0011598822260913786 -0.0012419548951530328 -0.0026487060869158268 -0.0026986775537139627 -0.0032945747984634752 -0.0047091162221109279 -0.0012843614310715512 0.002460666266758079 0.00095138058121533198 0.002510152854373583 0.00035742694218454077 -0.0056335403493149331 -0.0090479386141457448 0.0049026024403996445 0.0032293268200821409 0.01028963593757396 0.0027555312763046791
-0.0066172003737081679 0.0030579741284093459 0.00036572665296874052 0.0063816277172441651 -0.0033691997407217546 0.0054493202815036629 0.011042242645241311 -0.0025885011490052552 -0.007799068559942883 0.00099599119074637171 -0.0022380096965657539 0.0016399077201279919 0.00093412594728145473 -0.00094559637742217266 -0.013960203222323799 -0.0019897994107939835 -0.0018236435600395935 0.0025439062686522045 0.016982319199444134 -0.0021577716401844967 -0.016216153116129294 -0.00016971431964616697 0.0061939168110669764 -0.0053161452110278441 0.016505147013429027 -0.0069011991986030474
0.0004112656123202215 0.00016174985397417456 0.00477476740734562 0.0067768161439096444 -0.00033249363440132152 -0.0017625501999879148 0.0025507372001013478 0.0025515118706793899 0.00058523387852065867 -0.0039785773712593189 0.0021428927936742032 -0.0035021415840873738 -0.0020305270528147398 0.00064814870048111786 -0.0094914650886675656 -5.1776996610164912e-05 -0.0022600469842829424 0.00021533148975646219 0.00028583989760207619 0.00033100960746025869 -0.0021130590111482425 -0.0018872783219846592 0.0065638307170232894 0.00035190815492193092 -0.001086975735273344 0.00014584865274616665
-0.0048067624076755053 0.0015813293372597462 -0.0038045290948089897 0.001253827296544142 -0.0049258933522948398 0.0020333355886554645 0.0035146861034954895 -0.00065518115516149337 -0.0019406626462677855 0.00095123342753123774 -0.0018011314427863706 0.00030015206763614206 0.00082886037867987592 0.0013890963966967785 -0.0003179166100218552 -0.0022096515227339074 0.0042371362641459688 -0.00043129762803141753 0.0069608434087798186 0.00086086807591052373 0.0037100712690115124 -0.0004682214209550113 0.0045215467319984978 -0.0033564704655781488 -0.0061762486022549894 -0.001249019997774159
0.00075815277508720254 -0.00053808958796381626 -0.0014661767074474344 -0.0033667724445633524 -0.0071751952418927078 -0.005032994366449898 0.012540613100093299 -0.001043943590255524 -0.0016076481820386204 -0.0042230473046121408 -0.00085446575940771943 0.0016253716163200363 -0.0041204449440377308 0.003530506592233397 0.0092456784433950275 0.00017515111972591743 0.002073136446775327 0.0018170574419752547 0.0030018770227305813 0.0019169026555990421 -0.0021374141686710344 -0.0019926602454153324 -0.0040761784179488177 0.0050527466395905874 -0.0061819343666379197 0.0020797714738155365
-0.0039878699573747522 -0.00126788529118602 0.00010000384730346349 -0.00073088555950859041 0.0018704443030360908 -0.0022195646278143221 0.010780461448290661 0.0026534557841665961 -0.00070649953817886624 0.00053851891770789382 -0.0031599069663894017 -0.00058082301149835701 -0.0056563235444285591 -0.0010482224216484674 0.0044155671090581128 0.0030537609441356446 0.0022664553449006967 -0.0024403275429530171 -0.0057247053655233226 -0.00065106320753037029 -0.0020741480705461319 0.00091685389302193269 -0.0020598763875650994 0.00172492400821833 0.0039363977774171041 5.1258114888916295e-05
-0.0013175446737638385 -0.0027954094054930905 -0.0055292787650815904 -0.0015748251700581648 -0.0017156189038951821 0.00049520194276542109 -0.0052537247335859485 -0.0015563061141341231 -0.0011818443486500633 -0.00026208884694410236 0.00060023125194218251 0.00049789161513752033 -0.00048379194071607916 -0.00066758407731885871 0.019518692675402821 0.0021526132519187648 -0.0041102153181447765 0.00048670374736227223 0.0056350856220521266 -0.0025410032155029176 0.0018747231745947631 0.0022000677112670041 -0.0014030521601166592 0.0039239746960339078 -0.0066336618800376286 -0.00035923613503370533
0.0060845338868814255 0.0054830623945901266 0.0066786885826856943 0.0016111441430853974 0.0055314286267323289 0.001581765213752528 -0.0019128482244580778 0.00029634782865246324 0.0065625119713145878 -0.0014407061795685999 0.0055657586053066612 -0.0015667881514399948 0.0029167997838114371 0.00053266560005682355 -0.01002974472431872 -0.0029417121470378125 -0.004496625087800691 -0.0002186221006651312 -0.0060891241387726752 -0.00064868838532649231 0.0084296948820849569 0.0053217084358004527 -0.008528924324788939 -0.0042645350219898924 -0.010712149838678801 -0.0037456416299093687
0.0045820355262312738 0.0025778104402963513 -0.0003635209968518671 -0.00029744178584487167 0.0055927981237445818 0.0025456600162259359 -0.0093500078434835352 -0.00050293184482077505 0.006383450852528498 0.0013224066254528223 0.0036203920115551007 0.00076408060787781708 0.0046195784990058723 0.00067501591254936902 -0.012454160468771297 -0.0010274380395663989 0.00095883767393255877 -0.0019168169091843944 -0.0087430506117968515 -0.00040783923035733998 -0.0030682740977891806 -0.0038151925151661769 -2.533406253093758e-05 -7.996159790356859e-07 0.0082472553942264763 8.348633851652798e-05
-0.00079812162792907045 0.0025581988846788361 -0.00092736192370418543 -0.0026307585963809303 0.0008843380282766212 0.0019097767221320293 0.003759501647258255 -0.0030711265517959366 -0.0014740291298536044 -0.0006609286588258646 -0.0012541559079439109 0.0023552124768597359 0.0030123852164890895 -0.0026250551471377541 -0.00080599254411408046 -0.0011670136689038589 -0.0050227781681373585 0.00350969963690343 -0.00056642933118606948 0.0004846108653767502 0.00091407525742670612 -0.0062797101373523109 0.0041309332967604234 0.0016802751614499762 -0.001852364813343992 0.0039368190129953629
-0.00067174636627899756 -0.0051796150636149573 -0.0090579074505043131 -0.0060307076655306859 -0.003407859079558703 -0.0030436515462857906 0.004275058968774401 0.006116271097986431 0.00019097466224898699 0.002323565773944387 0.0032947648922144312 0.0045956464103758324 0.0052069960006210832 0.0021758671687635285 0.0062342535596598084 0.00021767716356223669 0.0032980423518436091 -0.0033025461689028691 -0.0028329413489070485 -0.003504490035791365 -0.003209774694164857 0.0063138103102760084 -0.0056448432426312294 -0.0017141287195593215 0.0023249817466828283 0.0010323012747768257
-0.0045510571925554549 -0.0036802486791514752 -0.0010262035221783221 -0.00056419249365629622 0.00015973454936187665 0.0019978915461441086 0.0047591044113141382 4.6150528847741217e-05 -0.0030450330867511969 -0.00031143184652419496 -0.0040068467970647932 -0.0025441179728954598 -0.0038504291525276453 -0.0021767856354243144 0.0059748952942098137 -0.0015978440140221198 0.0020452964024138009 -0.0024191099534689332 0.0026655511895666787 0.0028875180449407368 0.0081047487179881257 0.002550050086005627 0.0011154209343003888 0.00077801007184210083 -0.008345181748077829 0.0050341103173624085
-0.00013143381181300248 -0.005152939965011605 -0.001527379340767437 -0.0035597331239447514 0.0012576582569418467 -0.0034281809481223769 -0.012069671688654325 0.001980054006965006 0.001425954063164433 -0.0022906957212701223 0.001515212277383425 -0.00054710636464524174 0.0021615462943937328 0.0016357799248855954 -0.0018205563574648761 0.00035977834524907341 0.0028253223940293646 0.00023797993858835432 -0.0045657918081316697 0.0052582664452989298 0.0094341360752476892 0.00022079590762728168 0.0033691917169907763 0.0035181996275198187 -0.0018741880713199315 0.0017678019268601297