C:/Users/vmc04/Documents/GitHub/wingproj/Metric disparity/Field 13/FieldAPR13 landmarks_Format_scaled - {Procrustes residues OP} - 1 50 26 0	from C:/Users/vmc04/Dropbox/Wing project/Landmark txt files/Field collected/13 landmarks/APR Field 13 landmarks.txt - TPS like internal (simplified) format - can be converted to other format by using TET - Orthogonal projection of the preshape data to the Kendall tangent space
0.0050535304740927387 -0.000523827947943764 0.0050021847608954133 -0.0035476676459525857 0.0023389805849796347 -0.00018083096680498675 -0.027298882783430418 -0.0055152512459741981 -0.0014365842109466849 0.0041310233670164452 0.0023554797962758779 0.0054503571380868192 0.0029433077951008784 -0.0039714025817182298 0.00088757361529244504 0.0059675491041395884 0.010154409967740311 -0.0018099492208487056
0.0028724115878789652 0.0033058731906468455 -8.6122985824719708e-05 -0.0007164507365950433 0.0073943716635530296 -0.0021696719029164696 0.0010936788587268906 -0.0053119895265160734 0.0023426067713426492 0.0015358593494957619 -0.015870561171681358 0.002133947534132213 -0.0056296335464708965 -0.00088540171745940988 -0.0097163449062121123 -0.0029970506741199042 0.017599593728687017 0.0051048844833318369
0.0019393287730587409 0.0069546182327483276 -0.004483128519277106 0.0062415056408229299 0.0030421088047887365 0.0068871604805151145 -0.02711214943489286 -0.0049367351604176777 0.005800100099406855 -0.0021792601700927759 0.0095561208578887405 -0.0057948931523775869 -0.015915392150688584 0.0032058512577366909 0.014950827448283629 -0.0091496483557246752 0.012222184121432611 -0.0012285987732105347
-0.0045855753228602148 0.0046348866449301513 0.0051695622379935822 -0.0021114483181666763 -0.0029077289112952173 -0.00070205425167338214 0.015450376940686602 0.008239095365235918 -0.0017603001404298273 -0.005373772305866149 -0.0045693921179979606 -0.0024078146610466882 -0.0078446693735100912 0.0030061309306905924 0.0032659797481357244 -3.0788732942583705e-05 -0.0022182530607231347 -0.0052542346711610816
-0.0022587698140089435 0.0010243466234103715 0.00093759959953083807 -0.0008788330757253897 0.0098482363258699784 -0.0065049959249457029 0.0008426936142644087 0.0049483503866163681 0.00035974863901170381 -0.0050251397252455447 -0.011017138208349434 0.0056181274467760898 0.010925903156214067 0.00029689795330667358 0.0035566083175654043 0.0014576360070541014 -0.013194881630097788 -0.00093638969124688887
-0.0016362207883719735 -0.00062218480116960919 0.0035688326872487502 0.00095603902484023577 0.012974661304029527 -0.0048325213150350165 -0.0022569005012648986 -0.0013965796873317685 0.001889816905094883 -0.0024513383757097914 -0.020307420055638126 0.0026450242764345091 0.010188213761279454 -0.0012565698642723183 -0.0019133454495135326 0.0040123143912715693 -0.0025076378628633208 0.0029458163509726992
-0.0040510802239295245 -0.0024704658746081028 -0.0077278220440823477 0.0038702300966266404 0.0030911602779017957 -0.0026306968523184772 0.019726148798480458 0.0075954896439799427 -0.0012907692143646326 -0.0024535579275767158 0.0021856973010468701 0.0011117188216522638 -0.012048476480774527 -0.0027261448450551333 -0.0055169616984903887 -0.0022270336121945847 0.0056321032842115903 -6.9539450506028722e-05
-0.0088708550284668578 0.00013738540247161166 -0.0036770117266280633 0.00095920576545186571 0.00010528837118011598 -0.00096550705737413593 0.022541529070037543 -0.0030926027000402513 0.0019794890042949564 -0.0069681691684687378 0.0060194677128912744 0.00320034310221599 0.0027813287755692291 -0.001288323090032119 -0.012067418079342768 0.0066510921646248927 -0.0088118180995361284 0.0013665755811502617
0.0070949967512514735 -0.0015162962130961706 0.0061270780574631811 -0.0047024372521141961 0.0047963486931236485 -0.0032766816573717747 -0.00048596516915867046 -0.0011202759900161706 -0.013328984496712529 0.0060088643050995299 -0.0095463723847420811 0.002381786262560844 0.006538977854685075 -0.0010746382577132485 -0.0014211857308023741 -0.001266139432030211 0.0002251064248917356 0.0045658182346813708
0.0056799865435220014 -0.0033501679959843699 0.0087461751441935479 -0.0030963481762206948 -0.015044931174334319 0.0076996710802182903 -0.007074574005004392 -0.0065429011342223401 0.0030041676987159864 0.0022598078496664595 -0.0022885118060266777 -0.00027187800106647734 0.0023547080428800125 -0.0027016000719948235 0.0046830804287242671 0.00046800989921796628 -6.0100872670277618e-05 0.0055354065503858546
-0.00017236052701131294 -0.0040327444992256638 0.006439606449034743 -0.0037372955079323445 -0.006558457810876041 0.005733441313278919 -0.0064921971287541461 -0.0013500626943133529 -0.0037832138165063661 0.0012144879031078543 0.0038509051416039594 0.0021729967994395926 -0.00056797890156530702 -0.0057560151300494944 0.0076878340453800653 0.0040740628525422415 -0.0004041374513041561 0.0016811289631517429
0.0055089072757323271 -0.0041895085128286656 -0.0099840798601186498 -0.00052970931312806466 -0.00041008062240001537 0.00048204512492971762 0.0080161370239947762 -0.0012838269660867671 0.0008577187393198015 -0.0025072718313025226 -0.0035365296477972729 0.0027168104090149539 0.0036285724726812952 -0.0062393208436257791 0.0028120293878142119 0.0077308983930941154 -0.0068926747692272805 0.0038198835399328862
-0.0023977162171047285 -0.0058168844423019802 0.0038264015098283914 0.0015773254243651672 -0.0062857197872280982 0.0051736261700046195 0.018026823897418068 0.0034040622944651691 -0.0088506943946801177 -0.00076537661943019476 -0.0047100728444795098 -0.0038635572489408706 -0.011809521034097305 -0.0059840281364057467 0.010130826768575664 0.0027642129175117361 0.002069672101768086 0.0035106196407317103
0.00047862275697184344 -0.0049965041434600951 -0.0036503312220913962 -0.0064100459055807038 -0.0032483594255155444 0.0032676849759092977 0.019031697072143975 -0.0012431584790763748 0.0012353266227951862 0.0012018776416303813 0.01065733575037113 -0.00027419756847121921 0.025613927017993917 0.012127793609335871 -0.014459706260140473 0.0015458068145435353 -0.035658512312528763 -0.0052192569448309273
-0.0018405530173475843 0.0038937843913107095 0.003843250036311475 0.0023562580395670237 0.0087985482010453121 -0.0012699707633266747 0.0020257461808179827 0.0011953438103889653 -0.0042618918745070677 0.001654467585255234 -0.0025418925583837841 -0.0028147815401028909 -0.012263509810552513 0.0075302226731156687 -0.011844554226496173 -0.0081374048521529446 0.018084857069112163 -0.0044079193440548226
-0.0051713559263274547 0.0021435945806300262 -0.0011684718949321318 0.0026016810501073959 0.0058362713085828074 -0.0053079077016086485 0.021046702588420344 0.0032957767586137723 -0.0073488721843113745 -0.0019650511913903257 -0.0016198664823057467 6.7908870134627966e-06 -0.0041972865935496493 0.0031642390641850437 -0.0021112371477891218 -0.0037606924158428848 -0.0052658836677876878 -0.00017843103170740726
-0.0065030211991367647 0.00049235585981828784 -0.0028341402656121301 -0.006114616408445221 -0.00081663144246045018 -0.00010292488073907787 0.024041598822680546 0.0044419979606230234 -0.0014097982820819835 0.0031468950852990289 -0.0041549761007067098 0.00042084150647133051 -0.0030091748984888344 0.0037565397797423563 0.011345695822878372 -0.00049225271226928315 -0.016659552457072048 -0.0055488361905006306
-0.001249509174032222 0.00026882645993910742 -0.0005558586978706313 0.0011927287688716277 0.003472878657830151 -0.00070005723037474318 -0.015618388053341259 0.0017451700932640955 -0.001793010681818313 0.003717332189828559 0.010056442673420481 3.5683575725041538e-05 -0.0038720327956373478 -0.00038174362860985659 0.0096462798239774893 -0.0029621555144224852 -8.6801752528126684e-05 -0.0029157847142216448
-0.008196295999635457 -0.0065660723351487881 -0.01014273914566112 0.0059561876470690129 -0.00068337932862653009 0.00037465598572051834 0.010935734709886982 -0.0027271224664648592 0.011949218221452699 -0.00037202354242745416 0.005776297045297989 -0.0028693809528144354 0.0089765439169424404 -0.0027270769466743163 0.0041876495142638345 0.0055928653246040579 -0.022803028933920767 0.0033379672861364174
0.014089074965248478 -0.0094159602774213837 0.0082960971732458887 0.0022437410432104587 -0.021603144496100624 0.01473894311798837 -0.022621882571928067 -0.015912318313739359 0.0043720208121278571 0.00243584555595746 -0.00069618564253128392 -0.0014172874170518338 0.00039694004685244741 -0.005484287396430536 0.0089243107736713956 0.0049979178132288074 0.0088427689394137456 0.0078134058742579254
-0.0030238984502724995 -0.0066147161134034868 0.0050494010286367798 -0.002465914902923401 0.00012762123229336994 -0.001929456074575973 0.010624945886302906 -0.00079223720795580882 -0.0080980524628355924 0.0087384527861278701 -0.00015035101236373478 -0.0020004562061647383 0.0075806278002681464 -0.0016514676423914642 -0.0023065067880094995 0.0053967354110426588 -0.0098037872340196522 0.0013190599502444916
0.0025778127334158242 -0.0052979932609702272 0.013446183905172217 -0.0017513721751495092 -0.041178042149189763 0.022733532807669495 -0.010716214251844339 -0.0075609710820203607 0.011047122459162832 -0.0021766877281011979 0.01649700795378032 0.00013245327371110807 -0.018421196454071039 -0.0013725595262757185 0.0207698053812394 -0.0026879569251014963 0.0059775204223349631 -0.0020184453837620159
0.0043557096828781092 -0.0033349683231569203 0.0029585449418407387 0.0046084308396326214 0.010867563130159155 -0.0021422386354578533 -0.011995021212674541 0.0021739125997496437 -0.0090369137519620574 -0.00099412529388974089 -0.0052286334179878179 0.0018256422916663176 0.0068110418300208544 0.0038265803956637084 0.0076238668019137177 -0.0051011607816379111 -0.0063561580041875849 -0.00086207309256995657
0.0063334863090128129 0.0023965950327566859 -0.00032427015273499456 -0.0068729016444676605 0.0014451130098446373 -0.0036360552298067466 -0.0024723322563171162 0.0019220857484782377 -0.0027758172026879414 0.0094338856437428918 -0.005022186476582086 0.0027756492465124262 -0.0085943048111610659 -0.0017800142549721277 -0.0052729019766233733 -0.0045811035760873562 0.016683213557249395 0.00034185903384352512
0.0056569493120698731 0.0056121406039707803 0.002979280753344575 0.0079350516961043775 0.0055332869311485663 -0.0019267015299305121 -0.017419402847713632 -0.0026752901019530704 0.0029100407346846309 -0.0074565970441652441 -0.0037597043419083445 -0.0080176462441656059 -0.0022780049863710006 -0.0052225971390277744 -0.014810104545187783 0.0018757558080469911 0.021187658989934174 0.009875883951119685
0.0078502778144531223 -0.0011397400094294446 -0.0055427897897463094 -0.0016746795856778058 -0.0065246848511098122 -0.0019749029468247598 0.024295746337944697 0.0059847968555284238 -0.0056082365967221205 -0.0017414848806871412 0.0043668438696883166 -0.0031445975126996872 0.0015782660958741611 -0.0016678484858538489 -0.018199903003975931 -0.00085118642508345268 -0.0022155198764060085 0.0062096429907277095
0.0053080243454223762 0.0041395661164205762 -0.0053760463274865116 0.0079572488148881102 0.0061125886847066772 -0.0014237265938869047 0.0066680848615504797 -0.0027525385854624651 0.0040119289109201376 -0.0053859208028953377 -0.0078711508062754947 -0.010031389860646462 0.0045277335842464029 0.011490042273253009 -0.0053722023925347603 -0.0027680125175263384 -0.0080089608605500764 -0.0012252688441442977
-0.0043656536527010275 -0.0016192933306679968 0.0028036507597133022 0.0010731311710381135 0.0081790467031568562 -0.00063705061035376439 0.0032377459063581953 0.0011785334684675437 -0.0042880832481699202 0.0025813975560205812 -0.0096336523095263277 -0.0021586875732523565 -0.0027018625722505987 0.002330195897222752 0.0098791078956195575 0.0010477096623469192 -0.0031102994821999505 -0.0037959362408216263
0.001909910849173308 -0.0026046899013137132 0.0059195050291493793 -0.0020134291531022403 -0.0011708738664799969 -0.00039990471723597534 0.016903897437414651 0.0073342216088050976 0.0021504594296092253 0.00026050802427032057 -0.018004928591015473 -0.0017096839351810203 0.0041372185333951881 0.0090483491509821424 -0.0048727381053552468 -0.005803728269057255 -0.0069724507158907658 -0.0041116428081674899
-0.0024202246787750981 0.0018239561295619372 0.0046113584900009221 0.004010858711298998 0.011778705949763036 -0.0047401937684538303 -0.013756766941113642 -0.00029435302044799531 -0.0013864508343724696 -0.0024408807712493247 -0.0067363960990596489 0.0031257291700228333 0.00028424230188598201 0.0020132427840596789 0.0033685393827711891 0.0004629959159404872 0.00425699242889928 -0.0039613551507323014
0.0040539467661124661 0.0031335593475950562 -0.0022677263222939652 0.0067607798345420776 -0.0029512814143046904 -0.0016053308038595413 -0.011695412434964497 -0.0025471526683367171 0.0064540688741641216 -0.0046056474443580426 0.0068128046798529105 -0.0022498113326270318 -0.00034431084362059744 0.0028105325681825519 0.00027891428784675024 -0.0005165921389838487 -0.00034100359279213253 -0.0011803373621546015
-0.0022439813107824518 0.0093403507832448204 -0.0044601923493256266 0.00068208351344159555 0.0069984017157676305 -0.0049080257194706262 -0.0099439682473082582 -0.0026127030601942169 0.0059557232847760036 -0.0039977108205382942 0.0067957015541159817 5.3174143776555782e-05 0.0045287682310064838 0.00048513280100421618 -0.002645663986979946 -0.0017566223365914708 -0.0049847888912697936 0.0027143206953272742
0.00016722196160958488 -0.0091819530655591775 0.0017535603472524268 0.0013505187040090275 -0.0019453193772102145 0.0013596398797360487 0.007662771809327765 -0.0017245570695552902 -0.0045717875012917164 0.0034136392702174144 -0.0056392208814789561 0.0020695031596193337 0.00036740553859299606 -0.00459279574081033 0.0043686058184539498 0.0052922542751840471 -0.0021632377152564176 0.0020137505871586914
-0.00046526363793147115 -0.0010203094324626634 -0.0016348817918444792 -0.0074826799413986829 0.0018421350287033513 -0.0059925119256992376 0.003492021391471296 0.0071114244342125165 -0.0049359690035813914 0.0067034325743293138 0.0065974873290590846 0.0028564299631181943 0.0095464879160414417 0.00030659698053693584 0.0030270266435777943 0.0022138454507984644 -0.017469043875496405 -0.0046962281034345355
0.0052114039624771838 0.0074671424843707852 0.0030364687166256153 0.0025775855920611426 0.011785179286939774 -0.0055621152532936754 -0.019477457313962172 -0.0041435593099217174 -0.0044097530200185933 0.004122180621827622 -0.0047633181422733163 -0.0015927001911094419 -0.0059741537146323015 0.002688851352856775 -0.0040052535502839506 -0.0079756621503781853 0.01859688377512685 0.0024182768535867399
-0.0024463500608122987 -2.4902578195027704e-05 -0.0040326911684543361 -0.0030630115680253785 -0.0024397903418298889 -0.0023914102986947079 0.0069282171020125117 0.004401850326248207 0.0086679140657922385 0.001776589254849978 -0.001260834286222782 0.00021906646253562262 -4.5139133574703845e-05 -0.0031206216324109887 -0.0014857783457514076 0.0021080961041743656 -0.0038855478311592478 9.4343929517876068e-05
0.0036675420972482192 -0.0051186174420529487 0.0010529237768147279 -0.0032250295009334795 0.0062085279123243308 0.00065722466807428684 -0.012764742629738406 0.005540379739138698 -0.0057763521679047129 0.0016312397247211605 0.0021904024898511177 0.00263192318023402 0.0093440880922503952 -0.0020476835366364794 0.0027081324491898522 0.0010818051613615252 -0.0066305220200361227 -0.0011512419939069957
-0.0030929128670929189 -0.00045281158909540615 -0.00029143949277846484 -0.0044498162553433052 0.00097713733714797305 -0.0023299505290923345 0.0068511453402686053 0.0046151932980368991 0.00046940732515533433 -9.1128568052914222e-05 0.00083037436745284608 0.001292204568285853 0.0085035972275186653 -0.0015419857816348964 7.1898187563674588e-05 0.0027690534930231883 -0.014319207425236374 0.00018924136387270252
-0.014325284616532898 -0.0049476348303351229 -0.010516984215290359 0.0017689361306968323 -0.0013472098195996839 -0.0018871896963286742 0.011926857713416703 0.0070102911752430259 0.01120640626093768 0.0021006987640148135 0.027325956425355652 0.003137296796178724 -0.00698430599743968 -0.0043884627357785744 -0.019243650431191302 0.0012911564565944627 0.0019582146803448332 -0.0040850920602858304
-0.0032938130979382656 0.002620707779370241 0.0043346083006453604 0.0041095454861864965 -0.005524702379478769 0.0068853111047675027 -0.024912568054796073 -0.0026938148462081345 -0.0012110171267124886 0.00085407306130618789 0.021350659188627354 -0.0035832390346384421 -0.021239818600528971 -0.0072354475172395809 0.0071523566865112171 -0.0033175543547320887 0.023344295083669891 0.0023604183211876628
-0.0039598886023523147 -0.0019798950606482804 0.0031808442410956404 -0.0020551007414861531 -0.009082144907383731 0.0038518433746864036 -0.00056852005536775117 0.0057854705935390235 0.0041149638714830343 -6.9773777488769842e-05 0.016905472384826276 -0.0016949258243203638 0.0038537376081104182 0.00075879460754348701 -0.0040345797186195718 -0.0044006854286501029 -0.01040988482179242 -0.00019572774317561104
-0.0019272039903936358 -0.0031434466186490767 -0.0038447917604245664 -0.0027297457177603247 0.0092822778631440235 -0.0018558125207371828 -0.0031054902508217495 0.0025157304009981634 -0.00038266594954392821 0.0012725331101686387 -0.0049593159979356774 0.0067328602282843604 -0.0001540994233196662 -0.0054297659759169935 0.0031900357197720999 0.0035086589625001208 0.001901253789522943 -0.00087101186888779991
0.012718074444837303 0.005517146454649494 -0.0078215491312268858 0.0023539709666449099 0.012663774692928819 -0.0018159997199257451 -0.020084125134921638 -0.00038729577798144994 -0.0087827297001011086 -0.00014133379688070974 0.0083889556111488971 -0.0064648824818676863 0.0021148772991337441 0.0072919659071736783 -0.00096834939289159585 -0.0012249888599074753 0.0017710713110927765 -0.0051285826919050398
0.007841255938560561 0.00049797085095034418 0.0072192290889351073 0.0042099392691785946 0.00097665693580802418 -0.00095973506390742913 -0.0092061275792448237 -0.005267571166794007 -0.014991966971313938 0.00030341427501216577 -0.0038265043664617703 -0.00086324836467193333 -0.0084545442129148243 -0.005492068949174935 0.0031548024768269217 0.00023020350032915745 0.017287198689806056 0.0073410956490780194
-0.0044551427498603661 0.0016668314148368072 -0.0014471151346745403 -0.0020316707668221203 -0.0051002737161398651 0.0022913181290810554 0.013394002924876773 -0.0020220514763363072 0.00066817700233833379 0.00048783624715317034 0.010278530262147619 -0.00024472881361770407 -0.0077726752772664196 -9.5706636929472795e-05 -0.0096203444526643204 -0.00028659049183290576 0.0040548411412417622 0.00023476239446723612
-0.0043250505939817106 -0.00098966863824994484 0.0031465221385819937 -0.0030644833057845784 -0.006059086929937018 0.0013192734299036825 0.017115511552057698 0.0040224876229950227 0.0079592328262374917 -0.0029641391414782317 -0.013012058337309952 0.00014571787838030975 -0.0040904741280861044 -0.0047221677045180795 -0.0032428641418591844 0.0032349773820157294 0.0025082676142957581 0.0030180024767360175
-0.00035312455751145347 0.010595661566138748 -0.0009990154144641529 -0.001291857125555497 0.0010156531210524502 -0.0066462073660207175 -0.006983704980103464 0.0001645807795326305 0.0089005342307801986 -0.0047354699710316249 -0.0015588258135352359 0.00033192924449726262 -5.2238691711428177e-05 0.0010509355771970682 0.00052642558818335799 0.0039798072465012102 -0.00049570348269012757 -0.0034493799512591294
-0.0014377506831513617 0.0074098546821774452 -0.0060802236437893743 -0.0027899681347163981 0.0044586203233053503 -0.0051334008782757557 -0.014089266771113615 -0.0015407284742326747 0.015407148178324555 -0.0034474901207589941 0.00012039317237759408 0.0057746656228156047 0.0090897287714917299 0.0006847212345538257 0.0031041904407285159 0.00077042254265091768 -0.010572839788174117 -0.0017280764742140936
0.0065969203286659218 -0.00042637993085105244 -0.0018959412562272373 -0.0015467794967209412 -0.0062891872876649135 0.0084739580219169979 -0.0040707404679315553 -0.0093001592239315822 0.0055417569414949949 -0.00043052286134549045 -0.00011750809742749099 0.0032389424229810355 -0.0016777976980877993 0.0064543491197327383 0.00080339753212129187 -0.0047289370470489367 0.0011091000050565169 -0.0017344710047332429
-0.0016665705779813902 0.0015298494586015231 0.0030587378232614466 0.00029581174088288715 -0.0013770474645144509 -0.0042869106461153501 0.0083126848181087308 -0.00035654030831939261 0.00114463125954541 0.0010235711491949342 -0.0045443261455559974 0.0025575825777157304 -0.0065290622393003248 0.0027420506021350838 -0.0055997456254203125 0.001429734200781102 0.0072006981518568268 -0.0049351487748764966