C:/Users/vmc04/Documents/GitHub/wingproj/Metric disparity/Field 13/FieldAPR13 landmarks_Format - {centroid size AND partial warps scores - U1, U2 last columns - first column is size} - 1 50 26 0	from C:/Users/vmc04/Dropbox/Wing project/Landmark txt files/Field collected/13 landmarks/APR Field 13 landmarks.txt - TPS like internal (simplified) format - can be converted to other format by using TET	
875.26628915038032 -0.00069024123599952913 -0.0013308892869878651 0.00012897419690641832 0.0010435863099077178 0.00012363949679123422 0.0014507412340253635 -0.0089368514955015851 -0.0022511453145340871 0.0065351871893289627 0.0039762219188290817 -0.0016170103134714969 -0.0017776401103645335 0.0023752999023401965 -0.00055190542462158225 -0.0018333141897262542 -0.0013480300820247577 -0.012292302029369605 0.0014372529718340982 -0.0078752397786958691 0.0025922283201448423 0.0091433145801109849 0.0078078020630860745
930.5106951809604 -0.0013702679426861749 -0.0011371434184271043 0.0018021983884778118 -0.00098873951202900229 -0.00025267070160121124 0.00022356368788116471 0.0018166089397525719 -0.00078330446154701162 0.0028325613824124545 0.0019243927613125276 0.0063856521836769065 0.0054413322309788802 0.0196117811676224 -0.0033499604470921328 0.0055825647339952985 0.0010667945881652351 0.00045870683191119414 -0.0077731363352241244 0.00018606081832228379 0.002972859038358385 -0.010793273092131543 0.0061612165565973764
1018.1675092650898 -0.0024358187188890908 0.00055804128201841926 0.0024759736037159585 0.0018772436319307978 0.00031959587050231741 -0.001221682062062939 -0.0084734843021840624 -0.0013992933425116048 0.014783931786560504 0.00013423484179221965 0.00032811849202681997 0.00022325613932731728 0.0041574813902032536 0.0029662181163338224 0.0066008938847950671 -0.0012051090694603461 -0.0038357647608301291 -0.0051391285060495345 0.00022867044299981743 -0.0051362238314615651 0.016844513901260374 -0.010349481574801799
1006.5605564724628 0.0025740754608760451 -0.0041812423221597632 -0.0038572869333839805 -0.0018454904832122998 -3.9662305934400657e-05 -0.0021421446087891249 0.0050005371377325391 0.0011284266796986859 -0.0064413160496006941 -0.00090335761644757054 -0.0020510182632301555 -0.00098956725973444641 0.0022516888258403787 -0.00067588200763598629 0.0030835165255194202 0.0032694521961618974 0.005157348498951584 0.004225117407183435 0.0059149131694117736 0.0026173071673088861 0.00068781521749541636 -0.011739678128596283
999.16757661257509 -0.0015172268170940708 -0.0024036294782837264 0.00083703681405251451 -0.0030909162724383895 -0.0025117713452257749 -4.2910870966241539e-05 0.010054333467956421 -0.0024381644658899183 -0.0036025212084002988 -0.00362884409430655 -0.010203284771796255 -0.00050637163568605949 -0.0045692936090270591 -0.0033657217212827678 -0.0068638238348752573 0.00027304495932610983 0.00098578384042738356 0.0011479515276298976 -0.017250307370016284 0.0055951740884058465 -0.0010175162282859077 0.0065566203194829774
996.02903881053919 -0.0010084949811774945 -0.0022507891283229014 0.00052020140104121757 -0.0042819724686407393 -0.0026691976318029137 -0.00012767153601354108 0.010308952674824087 -0.0020727151402461512 -0.00099009181382790829 -0.00059939784101267031 -0.0067371337758453135 -0.0015863192696375511 0.0048347176502365865 0.00054238937448788059 -0.0079165332795356723 0.00073094670190120025 -0.0085751760904354251 0.00046936543901970049 -0.0025351159727533558 0.0012483168326533783 -0.00067321242379389924 0.0047496590928998916
1041.9522357279443 -0.00036800147819116572 0.0016662934700368535 0.0045872512423501067 -0.00228268531529062 -0.0012334027738275513 -0.00037300150014071902 0.0025604708701634704 0.00021726102551338991 -0.0071477866107035083 -0.0051999676910418346 0.0062399044899403211 0.00054713479728038571 0.0055080010627720586 0.00067785088498516287 0.0001390737697252553 -8.719686569289703e-05 0.0029557145569995211 0.0020188032515391103 0.021469001727869193 0.0032694279738999842 0.0079603090788867726 -0.0024521322523641045
985.39878690343892 0.0023665087320818255 0.0021149168928075862 0.00063661688368951458 0.0023487557204373249 -0.0020948744709032925 -0.00060716467767602293 0.0034273863656364644 -0.0029805751727502686 -0.0073198547448751171 -0.0012746419342047144 0.0054196760037260837 -0.0031586761741076736 -0.0018291670232159934 -0.0029983682742945215 -0.0079822349363444269 0.0024301323780158606 0.0078902248410760538 -0.0041798710837166854 0.015130105610999615 0.0034066872155599946 -0.0014372916578133299 0.0046677242824678545
918.33218390732679 0.0022896944928171318 -0.0002208188340241868 0.0035344731174109744 0.0018403599530213092 -0.002853729447952352 0.0047037659619446042 0.0014076912095036757 -0.00057027199882499365 -0.0052836148286794348 -0.00096883756179330389 -0.0036060572642956602 0.0017696662383119449 -0.0029769142792415073 0.0014905845575532203 0.0062153330909640696 -0.0041259787574809198 -0.0067565786217842587 -0.0006406617106523944 -0.013973779658638752 0.0027947819421685724 -0.011803752302194902 0.011592144474298741
1056.7964653757929 0.0034648673664765166 0.0018895635363370858 -0.0053041106080412188 0.0046045381519998286 0.0088723067717679654 -0.0026924310196926003 -0.0053281630763257776 0.00074067092593335573 0.0040744908941538309 0.0046373881647056294 -0.0031294766948384792 0.0027899984173985204 0.00035969561478704922 0.0017124892676779909 0.0011294932216899178 0.00072505645763620234 -0.0058077101343398611 -0.0043557513366725194 0.0096677019870377214 0.0016849556173136396 0.0015036343830469186 0.0014729693421267447
1061.3989317441828 0.003319939538427272 0.0017075055828537282 -0.0048256461896842443 0.0040598230438548769 -0.0019622176674566846 -0.002579875851035425 -0.00060760773058897574 0.0020369742164787863 0.002980699597462911 0.0019639762366774199 0.00062083700120603609 0.0012658182852499388 -0.010299392170572654 -0.0013544280302380069 0.008064840473885785 0.0029968323700037733 -0.0048902243095139564 0.00091168453042919542 -0.0069124204060570637 -0.0031592647261728091 -0.00041215032586460723 0.0035107167058444563
894.95938885086173 -0.0052731104191426782 0.00076665046123730346 0.0024040061459208815 0.00028030360247049486 0.0012245697175553164 -0.001658274284245674 0.0025582011482755142 -0.0012853003084785759 0.0036344872820820756 0.00091711084486234367 -0.0007185418730816834 -0.0019088834436525931 -0.00028019494087780025 0.0017312386973044713 0.0022371045074686654 0.0028524899250055536 0.0053552844202148595 0.00072630241019394637 0.0076938473845748982 0.0045233759642336864 -0.010616847042478623 0.0082182319994838146
908.71811657114847 0.0010714685113243168 -0.0003886942533309443 -0.0015348185996108474 -0.00082556886017269874 0.0036118171999288294 -0.001800718578725351 -0.0047260867833823711 0.002699903471805556 -0.005781101852221986 -0.0044511537396501218 -0.0094667372467555719 -0.0038963428739253706 0.016285687938759272 0.0073964602521163821 0.001789424671385174 -6.9642147082875686e-05 0.0069811425485212814 0.0065477121578531323 0.034089977007483181 -0.007182971564828413 0.0032417424633388748 0.002654259317910428
877.11967431868914 -0.0011834229923747741 -0.002122565378965035 -0.00062714149562629077 0.0011656467253551395 -0.00034040762921780322 -0.0021323154958464256 0.008443044522761723 0.0031125913346553313 -0.013579487738750525 0.0011680139892479701 -0.00098452177082070103 -0.0029186720268328374 -0.029631633206891612 -0.0045204129693237199 -0.020105629107709255 -0.0077743305537905935 -0.0023205112037956929 -0.00072261447629401974 0.00074802365912058472 0.00065018243311257089 0.00076782394225476417 -0.0010781426638758142
988.85357086647809 -0.0019781782986559217 -0.00042761385559143171 -0.0025430174583257734 -0.0022446423194307317 -0.0077340765305566432 -0.00011907498823059235 0.00094090714281302925 0.00030285815433682818 -0.0045036452829676308 0.0018777187755611778 0.0099394463347069056 0.0030745400548143516 0.0096151544524128753 -0.00087721376589950436 0.0045675705460299131 -0.0013715301746875482 -0.0033480859802704297 -0.00089723122096589626 -0.0020273820565039694 -5.4615131300996163e-05 0.0020521337310559977 -0.013214485342985723
900.85147755630885 0.0020059131870763299 0.0022954338356040715 0.0026687417403744203 -0.0002287875312299549 -0.0056562133212634397 0.0023341789210927079 0.0060840349403319029 -0.0029637634185609293 -0.0083229170014804 -0.0011796297164972471 0.00068104585530247535 0.00083983879648993637 -0.0014423999859844426 0.0018818492420910626 0.0012500113100264844 0.0025900480458210069 0.0028449834933417465 0.0049666226329512803 0.012369781865733896 -0.0044216967726075466 -0.0044109009564241818 -0.014013325632411875
928.16311563796239 -0.00075226307872458867 -0.0023352288445354051 -0.00090694520979092404 0.0021276154759313328 0.00081374786998304781 0.0022397921148712189 0.0077431386740044461 0.0023416605019928993 -0.0076563404021544098 -0.0015996969000080276 -0.011035715752297497 -0.0015873554840406868 0.00041143762022236453 -0.0017999984079970317 -0.0023675142519974934 -0.0037112236250655874 0.014182258036718222 0.005042777533758324 0.011181569965467316 -0.0020527519474716214 0.0015174200568538977 -0.00013336885391663209
977.87721425230393 0.00041041595478265785 5.0648270820721824e-06 0.0042731513534077208 -0.00013538850171743684 0.000489880958025926 0.0029541827781387757 -0.012410866980058973 -0.0018243595072276503 0.007221321658233304 -0.00067188146490302345 -0.0081347002069067035 -0.0017873785540765152 0.0080643935953992711 0.0047120589666737444 -0.002145710912101187 -0.004297103492940945 0.0057226309468245634 0.0046082984588714671 0.00205615905105114 0.0015609939901815679 0.0066546961687612297 0.0013554606710243582
891.43859532262206 -0.0030080483409459799 0.0016008089506751313 -0.0025817443194653227 -0.0053316120914949899 -0.0015777756038944488 -0.0032701700076615955 0.0087080922139894674 0.002930262768303125 0.0048174545885209781 0.00079898308645312934 -0.00099247936865016432 -0.0017881235580762427 -0.012554388881021908 0.00044816561752587656 -0.0088423652204937236 0.0018915660101708992 0.0091088614244635973 -0.00086829143156064257 0.0085919406695802256 -0.0037580817551523876 -0.0020238009144832895 0.0037762976711373719
864.66471936992843 -0.0011954900892296614 0.00060596483713618976 -0.0075703778200547234 0.0026290378740315788 0.014052095493095976 -0.0036717233339542692 -0.0074485049157840717 -0.0015260571715172582 0.0033155029530066481 0.0023208208909175636 -0.0032409746588786086 -0.006460895667110448 -0.0048164213822273396 0.010660014641173204 0.002194958496091695 -0.0070495942259659094 -0.015736050457587452 -0.0022124398941901478 -0.0015840603397493398 -0.0057215868430370333 0.013665479686109476 0.017488013056894819
909.09786221117213 0.00084700351460098274 0.0002626171292495054 -0.0037863555887171969 -0.0037613980925370024 -0.0050748616229183401 -0.00044999023766664222 -0.00050178564558509876 0.0050556894627731526 -0.0029560191202732569 0.0066001245302452346 -0.003459696656440977 0.0024302342559805621 -0.00037206680041194538 -0.00070458288869269673 -0.00084817089914321678 0.00073689369130985156 0.0068599154306523743 -0.00011083365175666325 0.0025430303880583953 0.0060476502947691326 -0.012279055010880502 0.0056482309079298838
972.70131394680777 0.0053242775516397431 -0.0021865681784746949 -0.017752752121949412 0.0050321493952854386 0.017150748398942796 -0.010194016534860557 -0.010229849896814181 0.0010303821881756075 0.0051930459075195815 0.0018449516053006139 0.0008296834784475831 -0.0026865276530000761 -0.0093275219534639572 0.0047468242574025968 0.0114517353607189 -0.0060274468121151855 -0.00072990997406552176 -4.846428709425572e-05 0.0074125948711092834 -0.0050428627700576639 0.018992370611770375 0.0024582309340215078
1044.7082036479042 -0.0017678167047618756 0.0014863047750112647 0.0021672741713715535 -0.003922102047769889 -0.0065754623991800118 -0.0020169989651023213 0.0011548398454277614 -0.0014639020960277485 0.0033426019274305167 -0.00065058247967791786 -0.0079404332486150957 0.0014734274351555212 -0.0058165335189349823 0.00033084220199310608 -0.00015200058181632386 -0.0027436254003226739 -0.01184503897072242 -0.00011913698714862331 -0.00068877202123265142 0.0040801918959224998 0.0018592205339100359 -0.0052470427596357141
928.65411297127287 0.00052115472128814512 -0.0019238792737062585 0.0041077450348594091 0.0025633958496704317 0.0015917300020568373 0.0066186093631082866 -0.0059043817409876022 -0.00056897901029555396 0.0031752457542585403 -4.4839658939507012e-05 0.0056759576679260952 0.0033165320741932341 0.01411947728907478 0.0020344963846312507 0.0071880725836427177 -0.0045211059600959854 -0.0038124362077662736 0.0029684349412036843 0.01156868176046983 0.0035433971585707284 -0.0053631344516315033 0.0028183069265752141
982.55976525995231 0.00035386882045836999 0.002496586859072376 0.0024531920310637573 -0.00079996152828126397 0.00019178098567577972 0.00052893316305173367 -0.0056536071217740931 -0.00074679946412735951 0.004652322954876561 -0.002021434870408124 0.01032518368295117 6.3140041513237884e-05 0.010642154676986888 0.002735113179603902 0.00038362066448727195 0.0077753212803307803 -0.012527322283626206 -0.010781910348569353 -0.002857695092269782 0.0036632737935517619 0.0023853711704496555 0.00065182981892390388
1019.3370394526041 -0.0031826093992580306 0.00094690075819168313 0.00064113666570778571 0.00022135221379121468 0.00076050551965851183 -0.00040951121287652765 0.0016048203924885636 0.0032617148276655136 -0.012203379203064961 -0.0023937773056173632 0.011110834503875438 0.0043033782313540688 -0.0063623607009502675 -0.00054138859903641158 0.0013266399430033823 0.0054764311820582594 0.0029577956384247081 -0.00019793838300306474 0.0059490197364792585 -0.0021252755315222904 -0.012673095203119121 -0.0042517470391132415
969.62736696590343 -0.0025404268874471897 0.0009511568472937833 0.0038458661955528771 -0.0028999709715418565 3.2911882522722277e-05 7.8568551070185466e-05 0.0063382999823981857 0.00082994227921311277 0.0014849477025404424 -0.0012698106447580927 0.001623153575088656 -0.0037224536074754186 -0.0013358564026205617 -6.1200479289837606e-05 -0.0016465526239216228 -0.00057447854660646171 -0.00044859495370253716 -0.0062690241639823266 0.003726751598334709 -0.004981892880197826 -0.011904073343568744 -0.010720749205832769
974.88523979452668 0.0021048624786893949 0.0018936395398923501 0.0022706768944507176 0.0002213749461489577 -0.002910138453588102 0.0015649096305947602 0.0036077733196353888 0.0012976008428444844 0.00010470684364471489 0.00069506846688417864 -0.0091224221760366261 -0.0023031038099599532 0.0066199521757025429 0.00036963221296785998 0.0019832694231329859 -0.0021421921102037786 0.0028420942955517934 0.00087932489635218943 0.0027729680350909664 0.0020835282842225286 -0.00018541423513258353 -0.00021388236300025714
921.52281995201167 -0.0010644308171958302 -0.00028658982395204615 -0.0057149732846383432 -0.0013913669451363422 0.0018061398556457442 -0.0019035771368842574 0.0053225564652561739 0.0041421618104413782 -0.00017348053136693846 -0.0016870509450292327 -0.0035327372313290356 0.0025360623738553347 0.012205002259323819 -0.0038425984063803651 -0.0025268819525926375 -0.0031520126210926236 0.0036150534682383474 0.00028065892424375362 0.021327030073730515 0.0013028326837811648 -0.016294808248528272 -0.0082824510359747333
981.49305417033668 0.00027256234597344354 0.00085937140051534869 0.00055732421764119846 -0.0032770283856310041 -0.0055529958347787121 -0.00048184219844659142 0.0031052016368480584 -0.0037735191421356036 0.0025236449541417272 0.0026376926089261817 -0.003487155910161968 -0.00033003803202643906 0.0014710597029025348 -0.0016201547656907894 -8.8301713838580959e-06 0.0013529190532398582 -0.0069227941239774016 -0.00019413039568392382 -0.014150512497314444 0.0066418812775350788 0.0056424749852413796 -0.0042032499222339845
980.05321676545077 -0.001201170734687367 0.0032376881296655585 0.00051088117511646021 0.00059223347631813105 0.0032601994501425167 0.0018092055572821893 -0.0013533152426545656 -0.0033977730291740523 0.0029359139960429678 -0.0016148245335336545 0.0027587373813488057 -0.0035612821537488407 -0.0082066568235368616 0.0010255851916943883 -0.0019702799083260022 0.00054160968541398357 -0.0057938065472263279 -0.0020719283321548746 -0.0065156191833711276 -0.0029648699320724255 0.0084954443028733614 -0.0052032404074802141
922.3812827509189 -0.00011158335005751446 -0.0030728348319326417 0.0033943327562827659 -0.0012677138732432153 -0.0029013091946219721 0.0019485533097249974 0.0020994813200257479 -0.0034846316375541026 0.0034546044884221157 -0.00024122409764512181 0.002831795737244062 0.0015243750349228505 -0.0090961515301789878 -0.0014943285645390813 -0.0028733125050380065 0.0034231922127443393 0.0019713501607973543 -0.0045372770178458942 -0.0229955174927894 0.00084694473672427607 -0.00033581022385560449 2.6346737116364212e-05
903.17644583308982 0.00096327823907776163 0.0013472302531418383 -0.00059021385206375193 -0.0025301085734187822 0.00022720441204678913 -0.0015846484917655316 0.0013798963513996169 0.0010737605166582162 -0.0013913343963605051 0.00071228476746148172 -0.0036439018733104111 -0.0021362851122614505 0.0021518630378948599 0.0030676934943832971 0.0031422891733141993 -0.0014763952330914905 0.0013128495893911705 0.0047231730318666376 0.0077590729067804178 -0.0028937466216211647 -0.00638811903585936 0.008412643343134938
920.28039205450875 -0.0003296200064254366 -0.0025171702062847493 0.0015988329009286547 -0.00093505657308071632 -0.0029552905079052645 0.0034659427401497684 -0.00017219095886504316 0.0026402541204577279 -0.0017661536998429708 0.00098491984284890081 -0.0061520311556597113 0.0013531407641983368 -0.010721842906322027 -0.0034581989499109459 -0.0050677668475802417 -0.0021362243127196908 0.0026586395800957765 0.0044351362725500833 -0.00011456977480410425 0.0079381038010429457 -0.0013121511252654945 0.0026177367608244038
1072.369124164594 -0.00068620735054630768 0.0011893598144710063 0.0040580547663652813 -0.00038194647381470511 -0.0047392239909443351 0.0047690915071796269 -0.0036054605595129833 -0.0024915216809511826 0.0040159038216792597 0.0026075697139375693 0.0042481740824648088 0.0054298265454193438 0.0082439305383590206 -2.6830683413514621e-05 0.0081691845225348239 0.0018457219333201927 -0.0069954098631614201 -0.0034917359004075065 -0.022214461648538228 -0.0041449571390741128 -0.002912493430200429 -0.0060531683977946057
920.80959361439511 0.0020863783231704594 0.0009649854514420784 0.0029656928066913507 0.0030031359662796219 0.0059338960230991503 0.0041502072733273247 0.00040067722003816905 0.00081577222505968268 0.0014655621250483917 -0.002932133863302472 -0.00047898225793706469 -0.0010828851666436364 0.006159358224308303 0.00057980970734449236 -0.0028230447502757732 4.1087103003602861e-05 0.010649547915517053 0.0031158762368752625 0.0020112373089055408 -4.8975707962220299e-05 -0.006155191906292547 0.0062522320333152949
958.76651525240027 0.00016964668011822446 0.0013041804259189258 0.0045795004342934756 0.0016632695169608949 -0.0019255575342922674 -0.00054496360553263692 -0.0040544490892241184 0.00067648365373649535 0.0018038802581251544 -0.00011928082548593296 -0.0068386542320202914 0.00038897569203814918 -0.0048333511391335134 0.0012466567340158673 -0.002937864063161569 -0.00023441986866485915 -0.0035133363193503718 0.0061964570276944499 -0.012268023043432687 0.0014660733634648247 -0.0029825414610625397 0.0016329004799109212
974.54289087440714 0.00076565791722515194 0.0016057804181041926 -0.00084892134100300859 0.0019967704254850657 -0.0020487305376450694 -0.00052439685505127728 0.0084988733429107385 0.0035956178953931244 -0.0059129354677846585 0.00088226175698347576 -0.0022297883407733812 0.0042120968321270229 -0.015232227385949109 -0.0073099781924317667 -0.0043982113266703036 0.0056140681829411395 5.8872354707700456e-07 -0.0020349804883213187 -0.012241990360595926 0.0022159394588117066 0.0028300791819452784 -0.000520748649829174
908.8597251501468 0.0015358918648480432 0.0023593483235143536 0.0010206267723717316 -0.0016873705606258846 -0.0031344234239285666 -6.3200512318343745e-05 -0.0029286201988113943 0.0016456546419620396 -0.0039802471229178731 -0.002442795747316658 0.018544601510850925 0.00022798104952216126 -0.0051074272762097854 -0.0014765751367309303 -0.0087309141856963916 -0.00068801733258283689 0.012212730092079923 0.0051133629932125441 0.0032989406548579311 0.002190305983381055 0.0092355624661567357 0.0026797208534438794
1099.1672372230787 0.00046168743048344974 -0.00055214708269043578 -0.0051753246804418784 -0.00099793981252671474 -0.0030178518537418769 -0.0036850458696047013 -0.018671282823391751 0.00035270511557811021 0.012069650168221353 0.0034743033046192883 0.0073886648819473585 0.0030586969393189591 0.0096685924056778057 0.0049887928162243057 0.010806315242229414 0.0043005436622410654 0.0018765801083140254 -0.00044796766279872608 0.00067086306940486039 -0.0020625965082998669 0.01390016274655514 -0.0052751500577821889
892.90157955355369 0.00099712942928239525 -0.0013335914727649221 -0.0076455940622726024 0.00029379515360531777 -0.0014867877011242845 -0.0022970623907011454 -0.0056531300477003967 0.0030315098431148695 0.0038736016973083274 -0.0028120276874787449 0.0044361689086516599 0.0017355751292640075 -0.0089834666471247798 0.00064682208851335661 -0.0030246858643270757 -0.0027568469109512769 0.0075088448578542206 0.00029812366833468162 -0.00076985112252651096 0.0026730391164517158 -0.0047780463957387302 0.0011669262254779154
993.05209407083044 -0.0001526497590388904 -0.00059772963415109391 0.0059462692480613828 0.00012322990627838565 -0.0012334932555778603 0.00068085542892020172 0.0023720043749863974 -0.00037113019733958066 0.00014243495325343898 -0.0025442872488513507 -0.0038114051830178473 -0.00062887692402188429 0.0041341080870955357 -0.0017035850892861953 -0.0011549111937853092 -0.00018133000460320676 0.00023013072341663995 0.0059174098377581556 -0.005755548305044272 -0.0040309635691310498 0.0017199104230639199 0.0093168454119965868
891.12444093446857 -0.0066931593400029006 -0.00086334890522433592 0.008724250312144622 -0.00044799496706568947 -0.0064962064976354658 0.0027120322284418311 -0.010439962026098254 0.0015715665699969656 0.0096116621262748031 -0.00092027275709301651 0.0013225574834236412 -0.0032811869687079638 -0.00069402293517516114 -0.0020064152716096069 0.0045726365150859528 -0.001220279717277368 -0.0035705200083551488 -0.0019318092432824394 -0.0087715754069467612 -0.0060779951724828927 -0.010692288821549776 -0.0054168164687223653
925.41699540510706 -0.00081148844285630097 0.0038858177633985212 -0.0020014633760232249 -0.00030290195203148794 -0.0054933322409510743 -0.00069749873726772458 -0.0014223076150342965 -0.00019056167501001588 -0.0028788072905271554 0.0029984558208854366 0.0034327593411701378 0.0048720333414194895 -0.0024311215715572014 -0.00084270475871385487 0.015416315774646708 0.0076634543582578688 -0.012918801132492618 -0.0049045021742423808 -0.012873585499621795 -0.004612128798113414 0.0027751186221176239 -0.0018356923450517316
968.15987236692411 0.0014553242543836086 -0.001830138074090141 0.0003171271544192782 0.0018934999351241442 0.0026439208798328794 0.0010189856493880564 -0.0068229134033518891 0.00041955570785256417 -0.0062005167248050221 -0.0022584931767607452 0.0049509786724158426 -0.0013830215844006521 0.0095479442573663288 -0.00032683022042237606 -0.0026245342421791756 -0.0036114213980949924 0.01338735613894553 -0.0030369840991791562 0.0086669656464583543 0.0006822709108994479 0.00064559335426976497 0.0092116936365688514
953.10940529486891 0.0051282578491195748 0.00040482532536058303 -0.0019522904556522867 0.0023116798885807208 0.0061198979262510039 -0.0013194525499910013 0.010169769354357077 0.0031725173120865121 -0.0061535031908894061 -0.0029985507290381666 0.0028073814703786764 0.001382601779245982 0.002971504378618108 -0.0031110419956717787 -0.00062729546630130024 0.0041869138132199085 -0.0024804221694195018 -0.0014565471091964695 0.012399193837362829 -0.0009376788852537201 0.0038521003137938388 0.0013924451651968833
1051.8212044610275 6.001273682289442e-05 -0.003195628263565758 0.0016553300540017631 0.00086641186961709533 0.0049446770929912022 0.0050917267716594026 0.00174050777723627 -0.0042282522285181463 -2.8175047234031811e-05 -0.0012168982149325729 -0.0024206533585358009 -0.0043470106500581567 0.00064931299966547397 -0.0010684009152461954 -0.0072760971616770602 0.0035869804570506656 -0.0027327224861140257 0.0024421169074907256 -0.003628072345877175 -0.0028894289355613292 0.010510304812672294 -0.0052882372590364263
893.93555093796863 -0.00057805122819413167 -0.001887748803357416 0.0039790565565292731 0.0023311707727362036 0.0046277996388546325 0.003512241565036176 0.0016018492651325997 -0.0062281942620145588 0.010203595150177238 0.0002099093642322471 -0.0047378514459693643 -0.00080070996007534532 -0.00070107522140596366 -0.0021459809682002023 -0.0055834479482121122 0.0014243479384969423 0.012963152245044119 0.00078808030117117462 -0.031151739956846239 0.0021284939820084871 -0.0096045272293289585 0.006481286946881131
893.84949688240181 0.0018877182537603318 0.0012335342980961251 0.0026268689050153644 0.0056941714855419726 0.006706627532795841 -0.0025694907315509472 0.0040374003679662695 -0.0033065224113074986 -0.0017130229492044668 0.0030201922891821688 0.0039313519524254584 -9.997146327385539e-05 -0.011140541506515198 -0.00061980462727502094 0.0059197475338550283 -0.0064479776818644474 -0.0033522652909746568 -0.0055192293887881619 -0.021397917564573123 0.0014796014672291986 0.0016372963707813896 0.0035024087778952255
996.5657954271685 -0.0025378172412177436 -0.0025935818373048264 -0.0060696865434710897 -0.0049258871780022253 -0.0010340284996985321 -0.00067523259222743723 0.0028574713297809576 0.00022323904481596048 -0.0042627098827919593 0.0022590977638682445 0.0039407003394840547 0.00046991666351745356 0.0067024305449794553 -0.0041370963257718572 -0.00088268454335422002 0.0021576647186427014 -0.0014837844884384194 0.0046834822687650884 0.011119653651505473 -0.0075992537683248441 0.00223464904792204 -0.0085193707271544114