126 126
0.963722984	2.012384265	3.377930731	1.349212178	3.44653474	1.398215041	2.747427219	1.460285335	3.479203315	1.447217905	3.469402743	1.519088771	3.404065591	1.604027068	2.878101522	1.65629679	3.247256428	1.711833368	3.031643828	1.829440241	2.022184838	1.852308244	2.704958071	1.979715689	2.260665441	2.116923707
0.980057272	2.391339744	3.668681055	1.525622487	3.724217633	1.584425923	2.89443581	1.688965365	3.756886209	1.636695644	3.747085636	1.718367083	3.685015342	1.800038523	3.064312404	1.914378538	3.524939321	1.933979683	3.292992434	2.080988274	2.116923707	2.159392856	2.90750324	2.263932298	2.433808892	2.43707575
0.78077896	2.260665441	2.780095795	1.032326993	2.881368379	1.081329857	2.178994001	1.336144747	2.943438673	1.143400151	2.943438673	1.221804732	2.897702667	1.296942457	2.348870595	1.492953911	2.763761507	1.437417332	2.613486058	1.590959638	1.594226496	1.888243677	2.316202019	1.832707099	1.973181974	2.038519126
0.79384639	1.947047114	3.345262155	1.306743029	3.407332449	1.349212178	2.672289495	1.443951047	3.456335312	1.408015614	3.466135885	1.502754484	3.3648633	1.604027068	2.838899231	1.666097362	3.208054137	1.731434514	2.972840392	1.845774529	1.901311108	1.816372811	2.580817483	1.989516262	2.120190565	2.090788847
0.529230927	2.263932298	3.152517558	1.610560784	3.204787279	1.66936422	2.306401447	1.747768802	3.227655282	1.734701371	3.224388425	1.822906526	3.142716985	1.920912253	2.525280904	1.996049977	2.995708395	2.054853413	2.711491786	2.208395719	1.532156202	2.149592283	2.290067159	2.358671168	1.878443105	2.473011183
0.973523557	1.796771665	3.390998161	1.166268154	3.453068455	1.215271017	2.78662951	1.267540738	3.489003888	1.293675599	3.479203315	1.368813323	3.400798734	1.450484762	2.927104386	1.483153338	3.273391288	1.555024205	3.021843255	1.679164793	1.996049977	1.630161929	2.659222065	1.819639668	2.178994001	1.927445968
1.434150475	1.326344175	4.050903391	1.450484762	4.116240542	1.541956775	3.273391288	1.342678463	4.126041115	1.630161929	4.090105682	1.718367083	3.988833097	1.770636805	3.377930731	1.636695644	3.789554785	1.832707099	3.524939321	1.901311108	2.446876322	1.502754484	3.080646691	1.920912253	2.639620919	1.888243677
1.032326993	1.555024205	3.747085636	2.129991138	3.792821642	2.201862004	3.103514694	1.937246541	3.802622215	2.283533444	3.773220497	2.352137453	3.671947912	2.404407174	3.12311584	2.214929435	3.4726696	2.443609465	3.191719849	2.446876322	2.13979171	1.937246541	2.770295222	2.420741462	2.211662577	2.303134589
1.316543602	2.430542034	3.557607897	1.555024205	3.642546194	1.610560784	2.835632373	1.773903662	3.694815915	1.685698508	3.685015342	1.767369947	3.632745621	1.849041386	3.041444401	1.973181974	3.485737031	1.999316835	3.286458719	2.146325426	2.23453058	2.22146315	2.949972389	2.332536307	2.554682622	2.46321061
1.391681326	1.672631077	4.112973685	1.577892208	4.175043978	1.639962502	3.387731303	1.56155792	4.201178839	1.718367083	4.191378266	1.80330538	4.103173112	1.875176247	3.443267882	1.813105953	3.900627942	1.966648259	3.606610761	2.045052841	2.502412901	1.77717052	3.191719849	2.11365685	2.708224928	2.129991138
1.140133293	1.081329857	3.711150203	1.77717052	3.740551921	1.868642532	2.878101522	1.492953911	3.743818779	1.979715689	3.698082773	2.054853413	3.59354333	2.090788847	2.930371243	1.806572238	3.400798734	2.116923707	3.054511831	2.123457423	2.035252268	1.46681905	2.636354062	2.058120271	2.211662577	1.917645395
1.31981046	1.747768802	3.714417061	1.816372811	3.756886209	1.881709962	3.031643828	1.767369947	3.769953639	1.956847686	3.753619352	2.035252268	3.662147339	2.10058942	3.096980979	1.996049977	3.502071318	2.165926571	3.253790143	2.231263722	2.286800301	1.940513398	2.884635237	2.270466013	2.45014318	2.273732871
1.457018478	1.460285335	4.041102818	1.509288199	4.096639397	1.584425923	3.266857573	1.434150475	4.13257483	1.692232223	4.109706827	1.773903662	4.018234815	1.839240814	3.390998161	1.724900799	3.835290791	1.917645395	3.547807324	1.986249404	2.446876322	1.620361356	3.142716985	2.022184838	2.724559216	2.012384265
1.604027068	1.875176247	4.299184566	2.074454559	4.377589148	2.178994001	3.551074182	1.973181974	4.387389721	2.254131725	4.36125486	2.335803165	4.256715418	2.404407174	3.622945049	2.283533444	4.080305109	2.486078613	3.750352494	2.548148907	2.636354062	2.11365685	3.302793006	2.574283768	2.871567807	2.531814619
0.917986978	2.430542034	3.319127294	1.702032796	3.371397015	1.760836232	2.505679759	1.862108817	3.400798734	1.839240814	3.400798734	1.901311108	3.341995297	1.989516262	2.701691213	2.097322562	3.198253564	2.110389992	2.930371243	2.286800301	1.829440241	2.286800301	2.574283768	2.45014318	2.159392856	2.55794948
1.205470444	1.708566511	3.649079909	0.891852117	3.753619352	0.957189269	2.933638101	1.074796142	3.779754212	1.015992705	3.779754212	1.094397287	3.6882822	1.189136157	3.126382697	1.267540738	3.564141612	1.296942457	3.309326722	1.44068419	2.218196292	1.496220768	2.969573534	1.607293926	2.479544898	1.760836232
1.33287789	1.146667008	3.7960885	1.835973956	3.822223361	1.924179111	3.051244973	1.56155792	3.812422788	2.015651123	3.766686782	2.087521989	3.671947912	2.129991138	3.051244973	1.855575102	3.417133021	2.162659713	3.165584988	2.169193429	2.224730007	1.558291062	2.783362652	2.11365685	2.35540431	1.989516262
1.283875026	1.613827641	4.214246269	1.708566511	4.269782848	1.793504808	3.315860437	1.604027068	4.279583421	1.88497682	4.25344856	1.950313971	4.158709691	2.058120271	3.45960217	1.947047114	3.946363948	2.156125998	3.636012479	2.231263722	2.352137453	1.800038523	3.214587852	2.257398583	2.701691213	2.237797438
1.519088771	1.715100226	4.093372539	2.10058942	4.13257483	2.178994001	3.387731303	1.943780256	4.14564226	2.257398583	4.13257483	2.32926945	4.008434242	2.401140316	3.492270746	2.211662577	3.792821642	2.446876322	3.551074182	2.473011183	2.577550625	2.009117407	3.178652419	2.459943753	2.714758643	2.348870595
1.084596714	1.251206451	3.560874755	1.937246541	3.59354333	2.015651123	2.946705531	1.721633941	3.573942185	2.107123135	3.443267882	2.146325426	3.332194725	2.165926571	2.953239246	1.982982547	3.142716985	2.192061432	2.946705531	2.192061432	2.084255132	1.68243165	2.561216337	2.146325426	2.129991138	2.022184838
0.99639156	2.087521989	3.348529012	1.754302517	3.426933594	1.839240814	2.695157498	1.800038523	3.45960217	1.904577965	3.433467309	1.996049977	3.335461582	2.087521989	2.780095795	2.061387129	3.191719849	2.192061432	2.949972389	2.276999728	1.917645395	2.11365685	2.577550625	2.375005456	2.178994001	2.407674031
0.904919548	1.630161929	3.381197588	1.950313971	3.426933594	2.028718553	2.727826074	1.845774529	3.433467309	2.11365685	3.394265018	2.198595147	3.263590716	2.244331153	2.767028364	2.094055704	3.061045546	2.296600874	2.806230655	2.322735734	1.871909389	1.943780256	2.466477468	2.335803165	2.054853413	2.296600874
1.538689917	1.835973956	4.269782848	2.120190565	4.305718281	2.169193429	3.436734167	1.947047114	4.305718281	2.250864868	4.250181703	2.348870595	4.126041115	2.424008319	3.541273609	2.280266586	3.939830233	2.502412901	3.662147339	2.531814619	2.544882049	2.094055704	3.185186134	2.548148907	2.721292358	2.46321061
1.280608169	1.865375674	4.109706827	1.355745893	4.161976548	1.408015614	3.377930731	1.447217905	4.207712554	1.460285335	4.207712554	1.558291062	4.142375403	1.66936422	3.515138749	1.68243165	3.913695373	1.793504808	3.626211906	1.904577965	2.456676895	1.793504808	3.260323858	2.022184838	2.711491786	2.107123135
0.728509239	1.564824778	3.374663873	1.780437377	3.420399879	1.904577965	2.636354062	1.66936422	3.440001024	1.989516262	3.407332449	2.061387129	3.296259291	2.12672428	2.695157498	1.963381401	3.080646691	2.192061432	2.78662951	2.218196292	1.728167656	1.800038523	2.375005456	2.250864868	1.904577965	2.178994001
1.541956775	2.067920844	3.881026797	1.375347038	3.965965094	1.44068419	3.240722713	1.525622487	4.02476853	1.532156202	4.0117011	1.604027068	3.933296518	1.708566511	3.306059864	1.780437377	3.78302107	1.826173383	3.508605034	1.963381401	2.502412901	1.956847686	3.188452991	2.11365685	2.757227792	2.218196292
1.251206451	1.950313971	3.283191861	0.872250972	3.368130158	0.917986978	2.616752916	1.172801869	3.420399879	1.00945899	3.420399879	1.087863572	3.368130158	1.179335584	2.81276437	1.329611032	3.270124431	1.303476172	3.061045546	1.486420196	2.074454559	1.65629679	2.767028364	1.68243165	2.427275177	1.852308244
1.192403014	1.91111168	3.851625079	1.747768802	3.897361085	1.806572238	3.159051273	1.728167656	3.93002966	1.878443105	3.910428515	1.963381401	3.818956503	2.054853413	3.270124431	1.982982547	3.622945049	2.146325426	3.387731303	2.198595147	2.348870595	1.963381401	3.01530954	2.263932298	2.531814619	2.296600874
1.074796142	1.620361356	3.551074182	1.492953911	3.636012479	1.597493353	2.838899231	1.506021341	3.658880482	1.679164793	3.596810188	1.773903662	3.511871891	1.839240814	2.923837528	1.764103089	3.345262155	1.907844823	3.103514694	1.986249404	2.067920844	1.734701371	2.708224928	2.058120271	2.316202019	2.074454559
1.296942457	2.368471741	3.7960885	1.394948184	3.926762803	1.427616759	3.129649555	1.617094499	3.998633669	1.512555056	3.985566239	1.617094499	3.900627942	1.741235086	3.325661009	1.826173383	3.769953639	1.858841959	3.528206179	2.002583692	2.391339744	2.067920844	3.208054137	2.165926571	2.776828937	2.303134589
1.597493353	0.950655554	4.14564226	1.715100226	4.204445697	1.858841959	3.4726696	1.473352765	4.204445697	1.937246541	4.165243406	2.009117407	4.047636533	2.041785983	3.4726696	1.747768802	3.845091364	2.054853413	3.577209043	2.035252268	2.564483195	1.375347038	3.145983843	1.943780256	2.708224928	1.793504808
1.679164793	2.120190565	4.044369676	1.826173383	4.103173112	1.904577965	3.345262155	1.865375674	4.116240542	1.976448832	4.129307972	2.048319698	4.031302245	2.133257995	3.482470173	2.120190565	3.907161657	2.231263722	3.632745621	2.34233688	2.600418628	2.152859141	3.253790143	2.440342607	2.861767234	2.466477468
1.163001296	2.22146315	3.645813052	1.809839096	3.724217633	1.875176247	2.927104386	1.894777392	3.756886209	1.966648259	3.743818779	2.058120271	3.658880482	2.149592283	3.103514694	2.149592283	3.508605034	2.241064295	3.201520422	2.345603737	2.123457423	2.201862004	2.809497513	2.469744325	2.397873459	2.515480331
1.646496217	1.555024205	4.086838824	1.120532148	4.148909118	1.182602441	3.397531876	1.195669872	4.201178839	1.277341311	4.184844551	1.349212178	4.093372539	1.44068419	3.498804461	1.457018478	3.93002966	1.555024205	3.658880482	1.649763074	2.531814619	1.512555056	3.302793006	1.751035659	2.897702667	1.816372811
1.473352765	1.506021341	3.956164521	1.460285335	4.028035388	1.525622487	3.335461582	1.447217905	4.047636533	1.617094499	4.034569103	1.708566511	3.943097091	1.773903662	3.413866164	1.702032796	3.734018206	1.839240814	3.45960217	1.878443105	2.479544898	1.610560784	3.093714122	1.917645395	2.636354062	1.91111168
0.561899503	2.479544898	3.103514694	2.094055704	3.1492507	2.146325426	2.391339744	2.146325426	3.181919276	2.218196292	3.188452991	2.309668304	3.096980979	2.388072886	2.580817483	2.368471741	2.927104386	2.479544898	2.698424355	2.58408434	1.620361356	2.433808892	2.312935162	2.682090068	1.868642532	2.760494649
1.185869299	1.69549908	3.440001024	1.411282472	3.508605034	1.489687053	2.78662951	1.483153338	3.557607897	1.577892208	3.55434104	1.653029932	3.449801597	1.737968229	2.855233519	1.698765938	3.309326722	1.829440241	3.090447264	1.917645395	2.041785983	1.744501944	2.718025501	2.01891798	2.303134589	2.064653986
1.133599578	1.287141884	3.426933594	2.00585055	3.44653474	2.077721416	2.793163225	1.744501944	3.453068455	2.159392856	3.407332449	2.22146315	3.289725576	2.260665441	2.767028364	1.996049977	3.093714122	2.267199156	2.865034092	2.260665441	2.028718553	1.69549908	2.508946616	2.188794574	2.087521989	2.058120271
1.401481899	2.11365685	4.054170248	1.064995569	4.165243406	1.110731575	3.397531876	1.313276744	4.230580557	1.182602441	4.233847415	1.274074454	4.158709691	1.375347038	3.613144476	1.506021341	4.005167385	1.522355629	3.756886209	1.679164793	2.548148907	1.826173383	3.397531876	1.871909389	2.861767234	2.077721416
0.878784687	1.79023795	3.596810188	1.545223632	3.652346767	1.610560784	2.767028364	1.541956775	3.6882822	1.685698508	3.67521477	1.760836232	3.5804759	1.855575102	2.930371243	1.829440241	3.397531876	1.953580829	3.080646691	2.061387129	1.852308244	1.842507671	2.662488922	2.162659713	2.185527716	2.211662577
0.800380105	1.963381401	3.361596443	1.261007023	3.426933594	1.313276744	2.600418628	1.414549329	3.4726696	1.378613896	3.469402743	1.470085908	3.410599306	1.551757347	2.796430083	1.636695644	3.234188997	1.69549908	2.992441537	1.813105953	1.819639668	1.829440241	2.597151771	1.99278312	2.146325426	2.10058942
1.015992705	2.629820346	3.240722713	1.159734438	3.322394152	1.179335584	2.652688349	1.492953911	3.390998161	1.231605305	3.423666737	1.300209314	3.361596443	1.417816187	2.855233519	1.646496217	3.24398957	1.57462535	3.041444401	1.77717052	2.00585055	2.120190565	2.740893504	2.028718553	2.339070022	2.290067159
0.486761778	1.960114544	2.963039819	2.13979171	3.005508967	2.208395719	2.332536307	2.03198541	3.008775825	2.263932298	2.992441537	2.332536307	2.878101522	2.384806028	2.358671168	2.263932298	2.688623783	2.430542034	2.446876322	2.469744325	1.538689917	2.165926571	2.110389992	2.489345471	1.623628214	2.443609465
1.326344175	1.421083044	3.926762803	1.904577965	3.969231951	1.986249404	3.273391288	1.754302517	3.985566239	2.071187701	3.959431379	2.156125998	3.845091364	2.201862004	3.299526149	2.009117407	3.632745621	2.241064295	3.3648633	2.267199156	2.348870595	1.744501944	2.959772961	2.231263722	2.459943753	2.129991138
0.944121839	1.310009887	3.312593579	2.00585055	3.33872844	2.080988274	2.590618055	1.737968229	3.33872844	2.182260859	3.306059864	2.241064295	3.204787279	2.296600874	2.626553489	2.012384265	2.985907822	2.32926945	2.734359789	2.322735734	1.764103089	1.688965365	2.335803165	2.260665441	1.891510535	2.12672428
1.839240814	1.172801869	4.191378266	2.143058568	4.224046842	2.227996865	3.583742758	1.871909389	4.220779984	2.316202019	4.184844551	2.378272313	4.057437106	2.420741462	3.590276473	2.129991138	3.867959367	2.430542034	3.616411333	2.397873459	2.753960934	1.705299653	3.237455855	2.280266586	2.802963798	2.077721416
1.087863572	1.404748756	3.541273609	2.009117407	3.570675327	2.077721416	2.851966661	1.77717052	3.5804759	2.149592283	3.557607897	2.211662577	3.436734167	2.263932298	2.914036955	2.045052841	3.250523285	2.293334016	3.008775825	2.286800301	2.015651123	1.747768802	2.597151771	2.231263722	2.133257995	2.110389992
1.179335584	1.35901275	3.936563376	0.738309812	4.001900527	0.800380105	3.083913549	0.839582396	4.041102818	0.872250972	4.041102818	0.970256699	3.956164521	1.084596714	3.292992434	1.133599578	3.743818779	1.22507159	3.462869027	1.349212178	2.23453058	1.264273881	3.012042682	1.502754484	2.522014046	1.597493353
1.110731575	1.607293926	3.56740847	1.862108817	3.616411333	1.943780256	2.943438673	1.760836232	3.636012479	2.025451695	3.609877618	2.107123135	3.475936458	2.162659713	2.992441537	1.999316835	3.299526149	2.195328289	3.054511831	2.211662577	2.061387129	1.80330538	2.675556352	2.205128862	2.208395719	2.146325426
1.11726529	1.865375674	3.681748485	0.934321266	3.78302107	0.976790414	2.979374107	1.156467581	3.818956503	1.042127566	3.822223361	1.127065863	3.730751348	1.241405878	3.168851846	1.368813323	3.600077046	1.368813323	3.348529012	1.532156202	2.22146315	1.623628214	2.992441537	1.721633941	2.531814619	1.881709962
0.744843527	1.140133293	3.400798734	1.336144747	3.440001024	1.408015614	2.587351198	1.221804732	3.456335312	1.496220768	3.417133021	1.568091635	3.325661009	1.626895071	2.714758643	1.512555056	3.139450128	1.692232223	2.855233519	1.741235086	1.728167656	1.365546466	2.427275177	1.764103089	1.933979683	1.724900799
1.185869299	1.074796142	3.972498809	1.728167656	4.005167385	1.813105953	3.12311584	1.473352765	4.0117011	1.888243677	3.985566239	1.979715689	3.841824506	2.038519126	3.227655282	1.800038523	3.645813052	2.090788847	3.332194725	2.094055704	2.218196292	1.473352765	2.878101522	2.048319698	2.420741462	1.930712826
0.650104657	1.143400151	3.247256428	1.443951047	3.302793006	1.535423059	2.427275177	1.296942457	3.306059864	1.623628214	3.266857573	1.688965365	3.191719849	1.754302517	2.544882049	1.584425923	2.89443581	1.813105953	2.642887777	1.842507671	1.57462535	1.394948184	2.250864868	1.852308244	1.80330538	1.800038523
1.486420196	2.087521989	3.727484491	1.303476172	3.789554785	1.336144747	3.11004841	1.489687053	3.848358221	1.417816187	3.838557648	1.479886481	3.779754212	1.56155792	3.221121567	1.675897935	3.636012479	1.692232223	3.417133021	1.845774529	2.43707575	1.894777392	3.12311584	1.996049977	2.701691213	2.143058568
0.839582396	1.842507671	3.740551921	1.368813323	3.80915593	1.424349902	2.956506104	1.457018478	3.848358221	1.492953911	3.835290791	1.587692781	3.734018206	1.692232223	3.11004841	1.711833368	3.55434104	1.809839096	3.237455855	1.947047114	2.064653986	1.813105953	2.865034092	2.077721416	2.303134589	2.172460286
1.146667008	2.022184838	3.832023933	1.914378538	3.871226224	1.973181974	3.096980979	1.891510535	3.9038948	2.048319698	3.881026797	2.123457423	3.789554785	2.198595147	3.208054137	2.12672428	3.603343903	2.276999728	3.332194725	2.352137453	2.218196292	2.103856277	2.936904958	2.420741462	2.469744325	2.443609465
0.826514966	1.421083044	3.355062728	1.806572238	3.387731303	1.865375674	2.669022637	1.653029932	3.394265018	1.947047114	3.3648633	2.015651123	3.237455855	2.067920844	2.704958071	1.881709962	3.041444401	2.11365685	2.816031228	2.129991138	1.822906526	1.708566511	2.414207747	2.11365685	1.99278312	2.058120271
0.676239518	1.35901275	3.345262155	0.934321266	3.423666737	1.019259563	2.580817483	1.006192133	3.449801597	1.081329857	3.440001024	1.169535011	3.348529012	1.261007023	2.737626646	1.261007023	3.168851846	1.385147611	2.900969525	1.502754484	1.698765938	1.34594532	2.495879186	1.623628214	2.035252268	1.685698508
1.734701371	1.140133293	4.008434242	1.590959638	4.044369676	1.685698508	3.368130158	1.427616759	4.044369676	1.764103089	4.001900527	1.839240814	3.894094227	1.888243677	3.355062728	1.688965365	3.707883345	1.933979683	3.469402743	1.956847686	2.577550625	1.486420196	3.096980979	1.927445968	2.704958071	1.842507671
0.692573805	1.626895071	3.237455855	1.31981046	3.296259291	1.401481899	2.440342607	1.31981046	3.315860437	1.476619623	3.296259291	1.555024205	3.214587852	1.623628214	2.639620919	1.584425923	3.051244973	1.711833368	2.77356208	1.809839096	1.672631077	1.633428787	2.358671168	1.91111168	1.924179111	1.953580829
0.976790414	1.545223632	3.884293654	1.182602441	3.956164521	1.247939593	3.087180407	1.257740166	3.995366812	1.323077317	3.988833097	1.417816187	3.89082737	1.512555056	3.234188997	1.483153338	3.724217633	1.613827641	3.404065591	1.718367083	2.146325426	1.551757347	2.956506104	1.819639668	2.424008319	1.871909389
1.492953911	1.773903662	3.792821642	1.626895071	3.854891936	1.69549908	3.165584988	1.633428787	3.874493082	1.754302517	3.858158794	1.806572238	3.773220497	1.875176247	3.21785471	1.822906526	3.616411333	1.963381401	3.374663873	2.025451695	2.492612328	1.835973956	3.051244973	2.087521989	2.623286631	2.097322562
0.770978387	1.767369947	3.309326722	0.388756051	3.449801597	0.427958342	2.662488922	0.712174951	3.518405606	0.483494921	3.534739894	0.591301221	3.469402743	0.708908093	2.874834664	0.931054408	3.315860437	0.882051545	3.034910685	1.120532148	1.875176247	1.355745893	2.675556352	1.368813323	2.224730007	1.597493353
1.326344175	1.594226496	3.753619352	1.202203587	3.822223361	1.277341311	3.02837697	1.270807596	3.861425651	1.35901275	3.851625079	1.447217905	3.766686782	1.538689917	3.159051273	1.522355629	3.600077046	1.646496217	3.345262155	1.754302517	2.254131725	1.584425923	2.946705531	1.865375674	2.55794948	1.917645395
0.868984114	1.427616759	3.096980979	2.162659713	3.13618327	2.260665441	2.420741462	1.881709962	3.145983843	2.361938025	3.11004841	2.433808892	2.972840392	2.466477468	2.46321061	2.182260859	2.776828937	2.47627804	2.518747189	2.45014318	1.672631077	1.832707099	2.143058568	2.381539171	1.757569374	2.24759801
1.097664145	1.800038523	3.642546194	1.46681905	3.70134963	1.528889344	2.865034092	1.522355629	3.743818779	1.600760211	3.747085636	1.679164793	3.668681055	1.770636805	3.044711258	1.773903662	3.479203315	1.888243677	3.208054137	1.996049977	2.090788847	1.822906526	2.802963798	2.097322562	2.384806028	2.152859141
0.898385833	1.434150475	3.609877618	1.66936422	3.655613624	1.751035659	2.763761507	1.541956775	3.67521477	1.852308244	3.632745621	1.924179111	3.541273609	1.996049977	2.865034092	1.826173383	3.345262155	2.058120271	3.054511831	2.116923707	1.894777392	1.66936422	2.626553489	2.133257995	2.120190565	2.087521989
1.375347038	1.457018478	4.33512	1.424349902	4.390656578	1.512555056	3.45960217	1.375347038	4.423325154	1.587692781	4.403724009	1.66936422	4.286117136	1.77717052	3.56740847	1.68243165	4.086838824	1.878443105	3.776487355	1.956847686	2.486078613	1.617094499	3.279925003	2.03198541	2.793163225	2.03198541
1.23813902	1.819639668	3.985566239	1.097664145	4.047636533	1.140133293	3.224388425	1.254473308	4.106439969	1.208737302	4.126041115	1.290408741	4.03783596	1.391681326	3.413866164	1.473352765	3.818956503	1.54849049	3.557607897	1.688965365	2.407674031	1.666097362	3.152517558	1.845774529	2.646154634	1.973181974
0.931054408	1.414549329	3.521672464	1.551757347	3.551074182	1.607293926	2.868300949	1.476619623	3.577209043	1.675897935	3.577209043	1.767369947	3.453068455	1.842507671	2.900969525	1.715100226	3.257057	1.904577965	2.982640964	1.937246541	1.979715689	1.590959638	2.58408434	1.960114544	2.123457423	1.914378538
0.607635509	2.13979171	2.927104386	1.643229359	3.00224211	1.698765938	2.348870595	1.728167656	3.047978116	1.751035659	3.041444401	1.822906526	2.966306676	1.91111168	2.424008319	1.930712826	2.81276437	1.999316835	2.597151771	2.097322562	1.568091635	2.048319698	2.237797438	2.218196292	1.842507671	2.306401447
1.57462535	1.783704235	3.753619352	1.365546466	3.802622215	1.424349902	3.064312404	1.44068419	3.835290791	1.489687053	3.828757076	1.564824778	3.756886209	1.639962502	3.204787279	1.649763074	3.622945049	1.731434514	3.397531876	1.835973956	2.361938025	1.757569374	3.057778688	1.950313971	2.675556352	2.025451695
1.11726529	2.263932298	3.616411333	1.741235086	3.6882822	1.800038523	2.825831801	1.849041386	3.727484491	1.88497682	3.717683918	1.966648259	3.626211906	2.067920844	2.949972389	2.090788847	3.436734167	2.188794574	3.165584988	2.296600874	2.028718553	2.198595147	2.806230655	2.417474604	2.378272313	2.492612328
0.99639156	1.378613896	3.766686782	1.56155792	3.805889073	1.639962502	2.969573534	1.443951047	3.818956503	1.751035659	3.760153067	1.842507671	3.616411333	1.914378538	3.067579261	1.751035659	3.485737031	1.966648259	3.204787279	1.999316835	1.982982547	1.581159065	2.78662951	2.03198541	2.296600874	1.979715689
1.450484762	0.67297266	3.407332449	2.55794948	3.387731303	2.639620919	2.884635237	1.963381401	3.345262155	2.704958071	3.286458719	2.767028364	3.1492507	2.734359789	2.731092931	2.211662577	2.927104386	2.659222065	2.69189064	2.525280904	2.074454559	1.450484762	2.348870595	2.257398583	2.012384265	1.927445968
1.218537875	1.427616759	3.753619352	1.728167656	3.786287927	1.793504808	3.11004841	1.600760211	3.792821642	1.845774529	3.773220497	1.930712826	3.649079909	1.982982547	3.113315267	1.842507671	3.44653474	2.045052841	3.214587852	2.067920844	2.23453058	1.672631077	2.809497513	2.058120271	2.391339744	2.002583692
1.11726529	2.263932298	3.616411333	1.741235086	3.6882822	1.800038523	2.825831801	1.849041386	3.727484491	1.88497682	3.717683918	1.966648259	3.626211906	2.067920844	2.949972389	2.090788847	3.436734167	2.188794574	3.165584988	2.296600874	2.028718553	2.198595147	2.806230655	2.417474604	2.378272313	2.492612328
1.310009887	1.329611032	3.877759939	1.56155792	3.93002966	1.662830505	3.139450128	1.443951047	3.939830233	1.760836232	3.894094227	1.829440241	3.805889073	1.881709962	3.162318131	1.702032796	3.603343903	1.940513398	3.315860437	1.989516262	2.241064295	1.555024205	2.884635237	1.982982547	2.420741462	1.933979683
0.90165269	2.214929435	3.655613624	1.352479035	3.786287927	1.421083044	2.936904958	1.587692781	3.848358221	1.519088771	3.832023933	1.613827641	3.740551921	1.715100226	3.129649555	1.819639668	3.59354333	1.852308244	3.332194725	1.996049977	2.061387129	2.080988274	2.927104386	2.205128862	2.394606601	2.35540431
1.437417332	1.80330538	3.828757076	1.215271017	3.9038948	1.287141884	3.126382697	1.33287789	3.926762803	1.355745893	3.920229088	1.437417332	3.854891936	1.515821914	3.24398957	1.571358493	3.681748485	1.646496217	3.433467309	1.773903662	2.365204883	1.715100226	3.044711258	1.89804425	2.593884913	1.982982547
1.365546466	1.149933866	4.073771394	1.571358493	4.126041115	1.66936422	3.394265018	1.443951047	4.142375403	1.731434514	4.103173112	1.835973956	3.988833097	1.881709962	3.453068455	1.718367083	3.786287927	1.947047114	3.505338176	1.953580829	2.479544898	1.479886481	3.100247837	1.947047114	2.633087204	1.881709962
1.394948184	2.280266586	4.047636533	2.293334016	4.116240542	2.388072886	3.299526149	2.254131725	4.139108545	2.469744325	4.1195074	2.548148907	4.014967957	2.626553489	3.371397015	2.528547762	3.80915593	2.724559216	3.564141612	2.789896367	2.388072886	2.443609465	3.083913549	2.822564943	2.646154634	2.802963798
0.878784687	1.045394423	3.377930731	1.930712826	3.417133021	2.01891798	2.757227792	1.653029932	3.407332449	2.080988274	3.371397015	2.165926571	3.237455855	2.198595147	2.727826074	1.91111168	3.018576398	2.188794574	2.714758643	2.129991138	1.858841959	1.512555056	2.381539171	2.041785983	1.930712826	1.881709962
0.676239518	1.522355629	2.927104386	2.407674031	2.956506104	2.518747189	2.273732871	2.094055704	2.946705531	2.597151771	2.904236382	2.649421492	2.776828937	2.67882321	2.254131725	2.345603737	2.580817483	2.672289495	2.345603737	2.633087204	1.457018478	1.966648259	1.937246541	2.522014046	1.56155792	2.358671168
0.937588123	2.299867731	3.681748485	1.221804732	3.805889073	1.293675599	2.878101522	1.470085908	3.864692509	1.391681326	3.858158794	1.483153338	3.766686782	1.581159065	3.080646691	1.711833368	3.655613624	1.718367083	3.387731303	1.888243677	2.015651123	2.01891798	2.949972389	2.110389992	2.492612328	2.280266586
1.22507159	1.342678463	4.080305109	2.090788847	4.129307972	2.208395719	3.423666737	1.881709962	4.103173112	2.286800301	4.077038251	2.348870595	3.907161657	2.414207747	3.377930731	2.133257995	3.704616488	2.443609465	3.430200452	2.407674031	2.322735734	1.741235086	2.992441537	2.335803165	2.512213474	2.201862004
1.064995569	2.156125998	3.397531876	0.68604009	3.4726696	0.705641236	2.708224928	1.048661281	3.531473037	0.76771153	3.547807324	0.839582396	3.489003888	0.947388696	2.89443581	1.198936729	3.319127294	1.127065863	3.132916413	1.283875026	2.041785983	1.659563647	2.802963798	1.545223632	2.394606601	1.80330538
0.803646963	1.506021341	3.374663873	1.133599578	3.453068455	1.205470444	2.58408434	1.166268154	3.482470173	1.287141884	3.466135885	1.362279608	3.368130158	1.450484762	2.711491786	1.430883617	3.191719849	1.545223632	2.933638101	1.646496217	1.760836232	1.496220768	2.515480331	1.744501944	2.074454559	1.809839096
0.676239518	1.522355629	2.927104386	2.407674031	2.956506104	2.518747189	2.273732871	2.094055704	2.946705531	2.597151771	2.904236382	2.649421492	2.776828937	2.67882321	2.254131725	2.345603737	2.580817483	2.672289495	2.345603737	2.633087204	1.457018478	1.966648259	1.937246541	2.522014046	1.56155792	2.358671168
0.623969796	1.365546466	3.636012479	1.666097362	3.67521477	1.744501944	2.753960934	1.525622487	3.707883345	1.849041386	3.6882822	1.947047114	3.55434104	2.025451695	2.858500376	1.868642532	3.345262155	2.11365685	3.021843255	2.165926571	1.751035659	1.659563647	2.495879186	2.165926571	1.996049977	2.116923707
0.525964069	1.832707099	3.273391288	1.826173383	3.325661009	1.881709962	2.55794948	1.786971092	3.35179587	1.943780256	3.33872844	2.03198541	3.227655282	2.11365685	2.620019774	2.028718553	3.025110113	2.198595147	2.760494649	2.254131725	1.659563647	1.956847686	2.352137453	2.299867731	1.862108817	2.286800301
0.777512102	1.388414469	3.188452991	1.398215041	3.227655282	1.473352765	2.531814619	1.349212178	3.247256428	1.564824778	3.21785471	1.643229359	3.116582125	1.705299653	2.587351198	1.597493353	2.949972389	1.770636805	2.67882321	1.816372811	1.718367083	1.519088771	2.322735734	1.849041386	1.907844823	1.829440241
0.650104657	2.012384265	3.430200452	1.973181974	3.498804461	2.051586556	2.711491786	1.943780256	3.531473037	2.12672428	3.511871891	2.205128862	3.381197588	2.290067159	2.819298086	2.185527716	3.178652419	2.365204883	2.90750324	2.417474604	1.77717052	2.116923707	2.495879186	2.46321061	2.00585055	2.443609465
1.172801869	1.058461854	3.717683918	1.349212178	3.776487355	1.437417332	2.936904958	1.205470444	3.78302107	1.522355629	3.756886209	1.590959638	3.642546194	1.653029932	3.051244973	1.46681905	3.456335312	1.692232223	3.208054137	1.721633941	2.10058942	1.283875026	2.770295222	1.711833368	2.326002592	1.649763074
0.868984114	2.015651123	3.3648633	1.306743029	3.469402743	1.372080181	2.672289495	1.46681905	3.521672464	1.44068419	3.515138749	1.525622487	3.44653474	1.620361356	2.871567807	1.692232223	3.286458719	1.751035659	3.064312404	1.858841959	1.852308244	1.888243677	2.646154634	2.045052841	2.201862004	2.162659713
1.064995569	1.143400151	3.390998161	1.163001296	3.44653474	1.241405878	2.763761507	1.110731575	3.4726696	1.313276744	3.45960217	1.388414469	3.361596443	1.450484762	2.81276437	1.349212178	3.201520422	1.519088771	2.949972389	1.571358493	1.940513398	1.264273881	2.574283768	1.594226496	2.172460286	1.581159065
1.071529284	1.476619623	3.59354333	1.427616759	3.645813052	1.496220768	2.900969525	1.391681326	3.662147339	1.56155792	3.652346767	1.639962502	3.55434104	1.708566511	2.963039819	1.613827641	3.332194725	1.780437377	3.074112976	1.822906526	2.110389992	1.568091635	2.695157498	1.852308244	2.227996865	1.849041386
1.23813902	1.626895071	3.714417061	1.372080181	3.769953639	1.450484762	2.979374107	1.411282472	3.80915593	1.532156202	3.805889073	1.610560784	3.70134963	1.69549908	3.090447264	1.659563647	3.521672464	1.783704235	3.273391288	1.871909389	2.192061432	1.679164793	2.868300949	1.973181974	2.407674031	1.99278312
1.058461854	1.460285335	3.825490218	1.525622487	3.894094227	1.626895071	2.887902095	1.447217905	3.920229088	1.702032796	3.894094227	1.79023795	3.799355358	1.865375674	3.103514694	1.747768802	3.590276473	1.953580829	3.286458719	2.009117407	2.11365685	1.646496217	2.829098658	2.035252268	2.32926945	1.999316835
0.816714393	2.054853413	3.394265018	1.597493353	3.466135885	1.672631077	2.606952343	1.672631077	3.492270746	1.731434514	3.485737031	1.813105953	3.384464446	1.894777392	2.77356208	1.901311108	3.247256428	1.986249404	2.985907822	2.080988274	1.826173383	2.009117407	2.541615192	2.201862004	2.094055704	2.270466013
0.571700075	1.832707099	3.214587852	2.064653986	3.260323858	2.159392856	2.384806028	1.930712826	3.266857573	2.23453058	3.234188997	2.309668304	3.126382697	2.378272313	2.479544898	2.218196292	2.946705531	2.446876322	2.649421492	2.486078613	1.519088771	2.051586556	2.175727144	2.505679759	1.741235086	2.453410037
0.842849254	2.015651123	3.368130158	1.613827641	3.430200452	1.66936422	2.727826074	1.679164793	3.489003888	1.744501944	3.469402743	1.826173383	3.374663873	1.904577965	2.819298086	1.904577965	3.21785471	2.002583692	2.956506104	2.097322562	1.871909389	1.986249404	2.548148907	2.201862004	2.103856277	2.270466013
1.13033272	1.349212178	3.789554785	1.21200416	3.835290791	1.287141884	2.956506104	1.192403014	3.854891936	1.339411605	3.845091364	1.424349902	3.740551921	1.512555056	3.129649555	1.460285335	3.557607897	1.597493353	3.312593579	1.68243165	2.067920844	1.421083044	2.842166089	1.757569374	2.368471741	1.757569374
1.355745893	1.411282472	3.854891936	1.372080181	3.89082737	1.427616759	3.126382697	1.342678463	3.910428515	1.479886481	3.897361085	1.558291062	3.799355358	1.633428787	3.24398957	1.56155792	3.622945049	1.698765938	3.361596443	1.757569374	2.303134589	1.522355629	2.959772961	1.813105953	2.512213474	1.816372811
1.375347038	1.443951047	4.122774257	1.639962502	4.161976548	1.698765938	3.407332449	1.545223632	4.188111409	1.770636805	4.171777121	1.858841959	4.047636533	1.933979683	3.466135885	1.796771665	3.858158794	1.999316835	3.5804759	2.038519126	2.479544898	1.659563647	3.155784416	2.061387129	2.688623783	2.038519126
1.055194996	1.107464717	3.665414197	1.594226496	3.704616488	1.662830505	2.972840392	1.434150475	3.717683918	1.754302517	3.698082773	1.839240814	3.557607897	1.888243677	3.005508967	1.679164793	3.335461582	1.920912253	3.093714122	1.920912253	2.064653986	1.427616759	2.66575578	1.878443105	2.205128862	1.773903662
1.032326993	1.842507671	3.881026797	1.509288199	3.926762803	1.584425923	3.018576398	1.532156202	3.962698236	1.649763074	3.946363948	1.741235086	3.874493082	1.829440241	3.142716985	1.809839096	3.685015342	1.950313971	3.358329585	2.064653986	2.097322562	1.832707099	2.887902095	2.159392856	2.424008319	2.198595147
1.34594532	2.061387129	3.920229088	2.208395719	3.972498809	2.280266586	3.260323858	2.116923707	3.992099954	2.34233688	3.982299382	2.410940889	3.864692509	2.479544898	3.270124431	2.34233688	3.665414197	2.544882049	3.426933594	2.577550625	2.397873459	2.231263722	3.012042682	2.593884913	2.567750052	2.561216337
0.859183542	1.584425923	3.626211906	1.617094499	3.681748485	1.705299653	2.757227792	1.538689917	3.698082773	1.80330538	3.67521477	1.88497682	3.544540467	1.963381401	2.861767234	1.849041386	3.328927867	2.048319698	3.018576398	2.11365685	1.839240814	1.737968229	2.593884913	2.152859141	2.129991138	2.136524853
1.107464717	1.509288199	4.031302245	1.401481899	4.093372539	1.463552193	3.283191861	1.404748756	4.1195074	1.541956775	4.099906254	1.630161929	3.979032524	1.715100226	3.374663873	1.662830505	3.78302107	1.79023795	3.449801597	1.852308244	2.280266586	1.604027068	3.057778688	1.947047114	2.528547762	1.953580829
0.993124702	1.796771665	3.851625079	1.705299653	3.897361085	1.751035659	3.054511831	1.69549908	3.923495945	1.832707099	3.91696223	1.933979683	3.802622215	2.015651123	3.1492507	1.940513398	3.5804759	2.097322562	3.283191861	2.172460286	2.107123135	1.904577965	2.868300949	2.24759801	2.391339744	2.250864868
0.692573805	1.65629679	3.560874755	1.515821914	3.629478764	1.581159065	2.809497513	1.506021341	3.658880482	1.659563647	3.655613624	1.751035659	3.541273609	1.849041386	2.927104386	1.780437377	3.322394152	1.943780256	3.021843255	2.022184838	1.813105953	1.744501944	2.593884913	2.097322562	2.084255132	2.107123135
1.00945899	1.450484762	3.7960885	1.378613896	3.864692509	1.460285335	2.969573534	1.316543602	3.89082737	1.538689917	3.884293654	1.626895071	3.789554785	1.711833368	3.116582125	1.623628214	3.564141612	1.800038523	3.289725576	1.878443105	2.061387129	1.525622487	2.806230655	1.937246541	2.332536307	1.924179111
1.31981046	1.737968229	3.881026797	1.688965365	3.93002966	1.764103089	3.044711258	1.639962502	3.952897663	1.862108817	3.926762803	1.943780256	3.812422788	2.00585055	3.165584988	1.91111168	3.632745621	2.080988274	3.35179587	2.156125998	2.241064295	1.839240814	2.936904958	2.198595147	2.548148907	2.198595147
0.516163497	1.34594532	3.498804461	1.156467581	3.56740847	1.228338447	2.652688349	1.153200723	3.59354333	1.306743029	3.583742758	1.404748756	3.466135885	1.499487626	2.793163225	1.424349902	3.257057	1.594226496	2.956506104	1.679164793	1.760836232	1.411282472	2.525280904	1.751035659	1.966648259	1.770636805
0.725242381	1.767369947	3.606610761	1.662830505	3.665414197	1.731434514	2.783362652	1.692232223	3.70134963	1.80330538	3.698082773	1.888243677	3.587009615	1.973181974	2.917303813	1.930712826	3.407332449	2.071187701	3.103514694	2.156125998	1.865375674	1.914378538	2.636354062	2.214929435	2.123457423	2.218196292
1.303476172	1.881709962	3.975765666	1.888243677	4.028035388	1.963381401	3.198253564	1.835973956	4.03783596	2.022184838	4.03783596	2.090788847	3.913695373	2.162659713	3.328927867	2.074454559	3.730751348	2.22146315	3.433467309	2.273732871	2.352137453	1.996049977	3.012042682	2.326002592	2.55794948	2.306401447
0.99639156	2.041785983	3.70134963	1.960114544	3.747085636	2.038519126	2.868300949	1.901311108	3.769953639	2.116923707	3.747085636	2.208395719	3.665414197	2.283533444	2.966306676	2.185527716	3.4726696	2.384806028	3.181919276	2.456676895	1.960114544	2.129991138	2.704958071	2.505679759	2.263932298	2.499146043
1.528889344	1.509288199	4.168510263	1.506021341	4.194645124	1.564824778	3.449801597	1.463552193	4.210979412	1.646496217	4.184844551	1.731434514	4.050903391	1.796771665	3.541273609	1.711833368	3.854891936	1.868642532	3.590276473	1.917645395	2.548148907	1.643229359	3.204787279	1.973181974	2.744160361	1.956847686
0.643570942	1.496220768	3.172118703	1.368813323	3.21785471	1.443951047	2.492612328	1.329611032	3.260323858	1.522355629	3.240722713	1.607293926	3.129649555	1.65629679	2.58408434	1.57462535	2.949972389	1.718367083	2.682090068	1.780437377	1.587692781	1.528889344	2.293334016	1.842507671	1.822906526	1.852308244
0.999658417	1.927445968	3.466135885	1.917645395	3.524939321	1.982982547	2.724559216	1.865375674	3.541273609	2.051586556	3.541273609	2.120190565	3.413866164	2.201862004	2.816031228	2.103856277	3.214587852	2.270466013	2.976107249	2.319468877	1.982982547	2.054853413	2.574283768	2.361938025	2.146325426	2.352137453
1.058461854	1.66936422	3.854891936	1.666097362	3.913695373	1.747768802	2.989174679	1.613827641	3.923495945	1.842507671	3.900627942	1.943780256	3.80915593	2.03198541	2.989174679	1.878443105	3.613144476	2.110389992	3.263590716	2.188794574	2.022184838	1.819639668	2.802963798	2.224730007	2.322735734	2.192061432
0.806913821	1.672631077	3.4726696	1.584425923	3.521672464	1.646496217	2.750694077	1.571358493	3.538006752	1.715100226	3.518405606	1.816372811	3.430200452	1.88497682	2.78662951	1.806572238	3.237455855	1.966648259	2.940171816	2.041785983	1.80330538	1.760836232	2.548148907	2.103856277	2.103856277	2.11365685
1.251206451	1.381880753	3.645813052	1.368813323	3.681748485	1.430883617	2.927104386	1.339411605	3.698082773	1.489687053	3.691549058	1.577892208	3.583742758	1.662830505	2.953239246	1.577892208	3.413866164	1.741235086	3.1492507	1.809839096	2.054853413	1.512555056	2.750694077	1.852308244	2.368471741	1.839240814
1.342678463	1.675897935	3.678481627	1.594226496	3.714417061	1.653029932	2.956506104	1.56155792	3.727484491	1.724900799	3.717683918	1.793504808	3.642546194	1.871909389	3.00224211	1.806572238	3.449801597	1.960114544	3.198253564	2.028718553	2.123457423	1.760836232	2.825831801	2.080988274	2.433808892	2.084255132
1.594226496	1.068262426	3.877759939	1.133599578	3.926762803	1.208737302	3.253790143	1.055194996	3.920229088	1.280608169	3.9038948	1.349212178	3.835290791	1.414549329	3.270124431	1.296942457	3.639279336	1.486420196	3.371397015	1.528889344	2.388072886	1.195669872	3.025110113	1.54849049	2.672289495	1.515821914
0.970256699	2.012384265	3.394265018	1.342678463	3.456335312	1.404748756	2.721292358	1.470085908	3.475936458	1.457018478	3.466135885	1.522355629	3.404065591	1.604027068	2.845432946	1.65629679	3.257057	1.708566511	3.02837697	1.826173383	2.015651123	1.855575102	2.704958071	1.979715689	2.254131725	2.11365685
0.989857845	2.404407174	3.668681055	1.532156202	3.730751348	1.590959638	2.900969525	1.69549908	3.756886209	1.639962502	3.750352494	1.718367083	3.671947912	1.806572238	3.067579261	1.901311108	3.521672464	1.937246541	3.292992434	2.084255132	2.107123135	2.152859141	2.910770098	2.263932298	2.43707575	2.43707575
0.78077896	2.241064295	2.796430083	1.032326993	2.887902095	1.078062999	2.175727144	1.34594532	2.936904958	1.136866435	2.949972389	1.215271017	2.897702667	1.300209314	2.335803165	1.502754484	2.767028364	1.443951047	2.603685486	1.597493353	1.587692781	1.894777392	2.316202019	1.842507671	1.973181974	2.035252268
0.787312675	1.933979683	3.35179587	1.310009887	3.407332449	1.34594532	2.695157498	1.434150475	3.45960217	1.417816187	3.456335312	1.506021341	3.368130158	1.610560784	2.851966661	1.662830505	3.214587852	1.724900799	2.976107249	1.842507671	1.888243677	1.816372811	2.57101691	1.986249404	2.116923707	2.084255132
0.522697212	2.263932298	3.139450128	1.600760211	3.208054137	1.666097362	2.319468877	1.741235086	3.237455855	1.737968229	3.224388425	1.819639668	3.159051273	1.91111168	2.528547762	1.989516262	2.976107249	2.054853413	2.724559216	2.211662577	1.555024205	2.149592283	2.293334016	2.371738598	1.871909389	2.473011183
0.966989842	1.79023795	3.397531876	1.166268154	3.449801597	1.215271017	2.809497513	1.267540738	3.489003888	1.303476172	3.479203315	1.362279608	3.410599306	1.437417332	2.917303813	1.479886481	3.266857573	1.558291062	3.025110113	1.672631077	1.999316835	1.630161929	2.642887777	1.816372811	2.188794574	1.914378538
1.421083044	1.313276744	4.070504536	1.46681905	4.112973685	1.54849049	3.263590716	1.342678463	4.1195074	1.630161929	4.073771394	1.711833368	4.001900527	1.767369947	3.358329585	1.630161929	3.7960885	1.845774529	3.524939321	1.901311108	2.43707575	1.496220768	3.093714122	1.920912253	2.636354062	1.88497682
1.019259563	1.551757347	3.753619352	2.129991138	3.792821642	2.208395719	3.090447264	1.930712826	3.799355358	2.286800301	3.763419924	2.35540431	3.658880482	2.404407174	3.126382697	2.211662577	3.466135885	2.433808892	3.194986707	2.446876322	2.133257995	1.927445968	2.77356208	2.420741462	2.218196292	2.303134589
1.313276744	2.420741462	3.587009615	1.568091635	3.652346767	1.613827641	2.835632373	1.780437377	3.704616488	1.688965365	3.694815915	1.77717052	3.616411333	1.881709962	3.070846119	1.982982547	3.485737031	1.999316835	3.283191861	2.146325426	2.22146315	2.214929435	2.940171816	2.335803165	2.55794948	2.466477468
1.381880753	1.672631077	4.1195074	1.571358493	4.178310836	1.636695644	3.400798734	1.558291062	4.194645124	1.724900799	4.175043978	1.80330538	4.086838824	1.878443105	3.462869027	1.819639668	3.910428515	1.963381401	3.603343903	2.051586556	2.518747189	1.77717052	3.198253564	2.110389992	2.718025501	2.12672428
1.133599578	1.061728711	3.730751348	1.80330538	3.753619352	1.875176247	2.891168952	1.489687053	3.747085636	1.976448832	3.691549058	2.051586556	3.600077046	2.090788847	2.933638101	1.806572238	3.384464446	2.12672428	3.057778688	2.116923707	2.045052841	1.460285335	2.633087204	2.051586556	2.205128862	1.917645395
1.323077317	1.767369947	3.714417061	1.826173383	3.756886209	1.894777392	3.031643828	1.770636805	3.769953639	1.969915117	3.753619352	2.041785983	3.668681055	2.097322562	3.087180407	1.999316835	3.511871891	2.165926571	3.24398957	2.23453058	2.283533444	1.933979683	2.887902095	2.273732871	2.45014318	2.273732871
1.460285335	1.460285335	4.054170248	1.522355629	4.112973685	1.594226496	3.266857573	1.443951047	4.13257483	1.688965365	4.109706827	1.764103089	4.018234815	1.845774529	3.384464446	1.718367083	3.828757076	1.914378538	3.547807324	1.986249404	2.43707575	1.610560784	3.142716985	2.028718553	2.718025501	2.01891798
1.604027068	1.875176247	4.331853142	2.10058942	4.384122863	2.192061432	3.551074182	1.969915117	4.390656578	2.254131725	4.364521718	2.332536307	4.263249133	2.404407174	3.636012479	2.273732871	4.093372539	2.479544898	3.756886209	2.551415765	2.636354062	2.103856277	3.306059864	2.561216337	2.865034092	2.535081477
0.944121839	2.473011183	3.335461582	1.718367083	3.368130158	1.757569374	2.525280904	1.849041386	3.404065591	1.835973956	3.404065591	1.914378538	3.341995297	1.982982547	2.701691213	2.080988274	3.185186134	2.120190565	2.927104386	2.283533444	1.839240814	2.293334016	2.574283768	2.45014318	2.162659713	2.55794948
1.208737302	1.708566511	3.717683918	0.924520693	3.760153067	0.970256699	2.949972389	1.068262426	3.786287927	1.029060136	3.773220497	1.100931002	3.681748485	1.198936729	3.12311584	1.264273881	3.551074182	1.300209314	3.299526149	1.443951047	2.218196292	1.506021341	2.969573534	1.610560784	2.486078613	1.751035659
1.342678463	1.140133293	3.802622215	1.858841959	3.835290791	1.937246541	3.031643828	1.56155792	3.812422788	2.025451695	3.773220497	2.090788847	3.655613624	2.129991138	3.061045546	1.858841959	3.420399879	2.169193429	3.168851846	2.169193429	2.231263722	1.551757347	2.776828937	2.11365685	2.358671168	1.99278312
1.293675599	1.607293926	4.224046842	1.711833368	4.26651599	1.793504808	3.315860437	1.600760211	4.279583421	1.891510535	4.259982275	1.956847686	4.14564226	2.058120271	3.4726696	1.947047114	3.939830233	2.152859141	3.632745621	2.231263722	2.312935162	1.793504808	3.175385561	2.254131725	2.662488922	2.244331153
1.525622487	1.702032796	4.103173112	2.110389992	4.135841688	2.185527716	3.404065591	1.956847686	4.158709691	2.254131725	4.13257483	2.326002592	4.0117011	2.404407174	3.515138749	2.23453058	3.828757076	2.45014318	3.564141612	2.466477468	2.590618055	2.022184838	3.172118703	2.453410037	2.711491786	2.352137453
1.071529284	1.254473308	3.560874755	1.943780256	3.5804759	2.015651123	2.936904958	1.737968229	3.5804759	2.094055704	3.453068455	2.146325426	3.335461582	2.162659713	2.936904958	1.989516262	3.172118703	2.178994001	2.940171816	2.192061432	2.074454559	1.66936422	2.567750052	2.143058568	2.133257995	2.012384265
0.993124702	2.087521989	3.361596443	1.757569374	3.423666737	1.822906526	2.652688349	1.819639668	3.45960217	1.91111168	3.440001024	1.999316835	3.368130158	2.077721416	2.776828937	2.067920844	3.198253564	2.178994001	2.956506104	2.276999728	1.91111168	2.10058942	2.580817483	2.381539171	2.175727144	2.410940889
0.885318402	1.659563647	3.390998161	1.979715689	3.417133021	2.048319698	2.701691213	1.835973956	3.430200452	2.120190565	3.397531876	2.198595147	3.270124431	2.24759801	2.734359789	2.090788847	3.074112976	2.303134589	2.835632373	2.326002592	1.901311108	1.937246541	2.466477468	2.326002592	2.058120271	2.286800301
1.375347038	1.646496217	4.014967957	1.947047114	4.050903391	2.01891798	3.286458719	1.796771665	4.067237679	2.097322562	4.041102818	2.188794574	3.946363948	2.250864868	3.361596443	2.10058942	3.750352494	2.322735734	3.44653474	2.348870595	2.407674031	1.91111168	3.018576398	2.352137453	2.55794948	2.293334016
1.541956775	1.835973956	4.282850278	2.152859141	4.302451424	2.201862004	3.413866164	1.950313971	4.305718281	2.257398583	4.269782848	2.352137453	4.14564226	2.427275177	3.56740847	2.283533444	3.969231951	2.499146043	3.658880482	2.541615192	2.561216337	2.084255132	3.188452991	2.544882049	2.724559216	2.473011183
1.257740166	1.865375674	4.135841688	1.375347038	4.188111409	1.411282472	3.348529012	1.447217905	4.224046842	1.483153338	4.217513127	1.57462535	4.13257483	1.662830505	3.498804461	1.688965365	3.956164521	1.783704235	3.649079909	1.89804425	2.43707575	1.793504808	3.257057	2.025451695	2.711491786	2.116923707
1.538689917	2.051586556	3.926762803	1.388414469	3.985566239	1.450484762	3.172118703	1.532156202	4.02476853	1.532156202	4.0117011	1.617094499	3.956164521	1.68243165	3.325661009	1.770636805	3.779754212	1.819639668	3.521672464	1.963381401	2.492612328	1.956847686	3.194986707	2.11365685	2.747427219	2.231263722
1.247939593	1.924179111	3.302793006	0.872250972	3.361596443	0.927787551	2.616752916	1.153200723	3.417133021	0.989857845	3.430200452	1.064995569	3.374663873	1.166268154	2.816031228	1.339411605	3.263590716	1.300209314	3.061045546	1.476619623	2.061387129	1.662830505	2.767028364	1.68243165	2.420741462	1.858841959
1.192403014	1.871909389	3.861425651	1.760836232	3.907161657	1.813105953	3.178652419	1.731434514	3.933296518	1.89804425	3.910428515	1.969915117	3.812422788	2.051586556	3.263590716	1.966648259	3.619678191	2.133257995	3.377930731	2.201862004	2.35540431	1.960114544	3.01530954	2.270466013	2.528547762	2.286800301
1.091130429	1.636695644	3.56740847	1.532156202	3.626211906	1.604027068	2.842166089	1.502754484	3.649079909	1.688965365	3.619678191	1.760836232	3.518405606	1.839240814	2.936904958	1.757569374	3.377930731	1.914378538	3.12311584	1.999316835	2.097322562	1.747768802	2.718025501	2.067920844	2.326002592	2.084255132
1.287141884	2.358671168	3.874493082	1.411282472	3.939830233	1.447217905	3.119848982	1.610560784	4.001900527	1.506021341	4.001900527	1.600760211	3.874493082	1.751035659	3.335461582	1.822906526	3.760153067	1.862108817	3.528206179	2.002583692	2.430542034	2.061387129	3.178652419	2.165926571	2.737626646	2.303134589
1.594226496	0.953922411	4.168510263	1.77717052	4.201178839	1.875176247	3.475936458	1.479886481	4.204445697	1.947047114	4.168510263	2.00585055	4.050903391	2.048319698	3.466135885	1.747768802	3.845091364	2.054853413	3.55434104	2.025451695	2.597151771	1.391681326	3.1492507	1.937246541	2.701691213	1.796771665
1.672631077	2.103856277	4.031302245	1.829440241	4.103173112	1.89804425	3.322394152	1.865375674	4.126041115	1.969915117	4.122774257	2.051586556	4.03783596	2.129991138	3.479203315	2.12672428	3.89082737	2.237797438	3.655613624	2.345603737	2.593884913	2.146325426	3.273391288	2.443609465	2.855233519	2.473011183
1.156467581	2.214929435	3.681748485	1.835973956	3.734018206	1.907844823	2.897702667	1.88497682	3.756886209	1.99278312	3.743818779	2.061387129	3.658880482	2.146325426	3.087180407	2.143058568	3.518405606	2.237797438	3.208054137	2.352137453	2.13979171	2.201862004	2.806230655	2.46321061	2.420741462	2.518747189
1.630161929	1.555024205	4.077038251	1.127065863	4.158709691	1.192403014	3.377930731	1.21200416	4.197911981	1.293675599	4.181577694	1.365546466	4.1195074	1.434150475	3.531473037	1.45375162	3.939830233	1.551757347	3.649079909	1.662830505	2.567750052	1.522355629	3.312593579	1.764103089	2.969573534	1.822906526
1.100931002	2.538348334	3.440001024	1.770636805	3.475936458	1.813105953	2.78662951	1.907844823	3.498804461	1.862108817	3.498804461	1.937246541	3.420399879	2.009117407	2.953239246	2.090788847	3.302793006	2.107123135	3.087180407	2.231263722	2.071187701	2.319468877	2.734359789	2.391339744	2.326002592	2.531814619
1.685698508	1.460285335	3.995366812	1.79023795	4.031302245	1.871909389	3.263590716	1.613827641	4.047636533	1.943780256	4.014967957	2.022184838	3.923495945	2.084255132	3.374663873	1.917645395	3.737285064	2.146325426	3.482470173	2.172460286	2.541615192	1.724900799	3.090447264	2.162659713	2.685356925	2.097322562
1.182602441	1.698765938	3.485737031	1.450484762	3.528206179	1.499487626	2.793163225	1.483153338	3.560874755	1.584425923	3.547807324	1.659563647	3.45960217	1.734701371	2.861767234	1.702032796	3.306059864	1.835973956	3.080646691	1.927445968	2.054853413	1.741235086	2.727826074	2.015651123	2.309668304	2.058120271
1.123799005	1.283875026	3.440001024	2.01891798	3.453068455	2.090788847	2.78662951	1.744501944	3.453068455	2.162659713	3.417133021	2.224730007	3.286458719	2.257398583	2.77356208	1.996049977	3.096980979	2.270466013	2.851966661	2.250864868	2.025451695	1.685698508	2.512213474	2.188794574	2.084255132	2.054853413
1.411282472	2.11365685	4.063970821	1.064995569	4.171777121	1.11726529	3.410599306	1.300209314	4.233847415	1.185869299	4.233847415	1.267540738	4.155442833	1.372080181	3.629478764	1.502754484	4.0117011	1.519088771	3.756886209	1.68243165	2.57101691	1.813105953	3.394265018	1.875176247	2.865034092	2.074454559
0.865717257	1.796771665	3.613144476	1.555024205	3.665414197	1.617094499	2.780095795	1.545223632	3.6882822	1.675897935	3.67521477	1.767369947	3.583742758	1.855575102	2.943438673	1.832707099	3.394265018	1.956847686	3.096980979	2.067920844	1.835973956	1.845774529	2.66575578	2.159392856	2.185527716	2.201862004
0.810180678	1.943780256	3.381197588	1.267540738	3.440001024	1.31981046	2.606952343	1.414549329	3.479203315	1.391681326	3.469402743	1.470085908	3.397531876	1.558291062	2.79969694	1.639962502	3.221121567	1.698765938	3.00224211	1.822906526	1.822906526	1.826173383	2.597151771	1.99278312	2.13979171	2.107123135
1.015992705	2.620019774	3.24398957	1.156467581	3.309326722	1.172801869	2.649421492	1.492953911	3.394265018	1.228338447	3.423666737	1.300209314	3.3648633	1.408015614	2.858500376	1.646496217	3.247256428	1.57462535	3.038177543	1.77717052	2.002583692	2.120190565	2.737626646	2.03198541	2.339070022	2.290067159
0.496562351	1.947047114	2.969573534	2.136524853	3.005508967	2.201862004	2.332536307	2.025451695	3.012042682	2.260665441	2.992441537	2.32926945	2.874834664	2.381539171	2.378272313	2.267199156	2.685356925	2.43707575	2.453410037	2.466477468	1.512555056	2.146325426	2.087521989	2.489345471	1.623628214	2.433808892
1.33287789	1.404748756	3.93002966	1.91111168	3.979032524	1.996049977	3.263590716	1.751035659	3.992099954	2.071187701	3.962698236	2.149592283	3.848358221	2.198595147	3.312593579	2.012384265	3.649079909	2.237797438	3.35179587	2.257398583	2.35540431	1.737968229	2.959772961	2.224730007	2.46321061	2.123457423
0.947388696	1.310009887	3.328927867	2.035252268	3.35179587	2.107123135	2.597151771	1.744501944	3.345262155	2.188794574	3.302793006	2.24759801	3.198253564	2.296600874	2.639620919	2.022184838	3.005508967	2.326002592	2.721292358	2.319468877	1.786971092	1.692232223	2.32926945	2.260665441	1.894777392	2.129991138
1.839240814	1.179335584	4.204445697	2.152859141	4.224046842	2.224730007	3.596810188	1.878443105	4.220779984	2.306401447	4.181577694	2.381539171	4.077038251	2.424008319	3.587009615	2.13979171	3.858158794	2.427275177	3.636012479	2.391339744	2.757227792	1.705299653	3.23092214	2.276999728	2.806230655	2.077721416
1.091130429	1.411282472	3.541273609	2.012384265	3.570675327	2.067920844	2.878101522	1.783704235	3.577209043	2.152859141	3.55434104	2.214929435	3.443267882	2.263932298	2.92057067	2.041785983	3.260323858	2.293334016	2.992441537	2.286800301	2.022184838	1.751035659	2.600418628	2.23453058	2.13979171	2.11365685
1.179335584	1.372080181	3.933296518	0.728509239	4.005167385	0.797113248	3.061045546	0.846116111	4.044369676	0.868984114	4.044369676	0.973523557	3.969231951	1.081329857	3.299526149	1.123799005	3.743818779	1.22507159	3.45960217	1.355745893	2.231263722	1.264273881	3.02837697	1.502754484	2.515480331	1.604027068
1.107464717	1.607293926	3.564141612	1.862108817	3.616411333	1.943780256	2.946705531	1.760836232	3.632745621	2.025451695	3.600077046	2.107123135	3.489003888	2.156125998	3.005508967	1.999316835	3.306059864	2.195328289	3.054511831	2.211662577	2.071187701	1.829440241	2.672289495	2.201862004	2.208395719	2.146325426
1.11726529	1.875176247	3.714417061	0.937588123	3.805889073	0.99639156	2.976107249	1.146667008	3.838557648	1.045394423	3.825490218	1.120532148	3.753619352	1.22507159	3.185186134	1.365546466	3.613144476	1.365546466	3.345262155	1.532156202	2.224730007	1.620361356	2.989174679	1.721633941	2.538348334	1.888243677
0.757910957	1.143400151	3.407332449	1.34594532	3.44653474	1.427616759	2.600418628	1.218537875	3.453068455	1.499487626	3.417133021	1.568091635	3.328927867	1.630161929	2.714758643	1.502754484	3.142716985	1.69549908	2.868300949	1.744501944	1.734701371	1.349212178	2.417474604	1.767369947	1.930712826	1.718367083
1.205470444	1.068262426	3.985566239	1.751035659	4.018234815	1.839240814	3.152517558	1.470085908	4.018234815	1.91111168	3.969231951	1.99278312	3.851625079	2.045052841	3.23092214	1.806572238	3.662147339	2.084255132	3.332194725	2.090788847	2.211662577	1.476619623	2.878101522	2.041785983	2.420741462	1.930712826
0.643570942	1.140133293	3.266857573	1.457018478	3.309326722	1.541956775	2.433808892	1.287141884	3.306059864	1.623628214	3.270124431	1.685698508	3.178652419	1.744501944	2.567750052	1.584425923	2.900969525	1.813105953	2.636354062	1.839240814	1.555024205	1.385147611	2.237797438	1.839240814	1.80330538	1.786971092
1.483153338	2.090788847	3.737285064	1.306743029	3.799355358	1.34594532	3.106781552	1.486420196	3.848358221	1.414549329	3.851625079	1.473352765	3.776487355	1.564824778	3.227655282	1.672631077	3.629478764	1.702032796	3.430200452	1.835973956	2.453410037	1.89804425	3.113315267	1.99278312	2.721292358	2.149592283
0.826514966	1.845774529	3.734018206	1.362279608	3.80915593	1.421083044	2.956506104	1.457018478	3.851625079	1.496220768	3.838557648	1.587692781	3.737285064	1.685698508	3.113315267	1.705299653	3.528206179	1.813105953	3.224388425	1.940513398	2.054853413	1.809839096	2.845432946	2.064653986	2.299867731	2.159392856
1.156467581	2.012384265	3.835290791	1.917645395	3.877759939	1.979715689	3.11004841	1.888243677	3.897361085	2.054853413	3.881026797	2.12672428	3.786287927	2.198595147	3.188452991	2.129991138	3.603343903	2.280266586	3.33872844	2.34233688	2.241064295	2.103856277	2.936904958	2.414207747	2.459943753	2.433808892
0.842849254	1.408015614	3.361596443	1.813105953	3.381197588	1.868642532	2.66575578	1.653029932	3.394265018	1.953580829	3.3648633	2.009117407	3.224388425	2.067920844	2.708224928	1.888243677	3.038177543	2.110389992	2.819298086	2.123457423	1.829440241	1.688965365	2.424008319	2.110389992	1.996049977	2.051586556
0.669705802	1.35901275	3.35179587	0.927787551	3.426933594	1.00945899	2.577550625	1.006192133	3.456335312	1.087863572	3.440001024	1.172801869	3.355062728	1.261007023	2.737626646	1.257740166	3.172118703	1.385147611	2.904236382	1.492953911	1.705299653	1.336144747	2.492612328	1.617094499	2.028718553	1.68243165
1.741235086	1.123799005	4.021501673	1.617094499	4.041102818	1.692232223	3.371397015	1.434150475	4.041102818	1.770636805	3.995366812	1.839240814	3.887560512	1.894777392	3.371397015	1.698765938	3.714417061	1.933979683	3.469402743	1.950313971	2.587351198	1.483153338	3.100247837	1.920912253	2.708224928	1.835973956
0.68604009	1.617094499	3.260323858	1.33287789	3.299526149	1.404748756	2.47627804	1.326344175	3.309326722	1.479886481	3.289725576	1.564824778	3.201520422	1.630161929	2.659222065	1.597493353	3.051244973	1.708566511	2.767028364	1.806572238	1.666097362	1.633428787	2.365204883	1.907844823	1.930712826	1.950313971
0.98332413	1.545223632	3.89082737	1.182602441	3.969231951	1.254473308	3.083913549	1.254473308	4.001900527	1.323077317	3.992099954	1.414549329	3.884293654	1.515821914	3.24398957	1.492953911	3.730751348	1.610560784	3.390998161	1.718367083	2.156125998	1.541956775	2.969573534	1.809839096	2.420741462	1.865375674
1.496220768	1.767369947	3.802622215	1.630161929	3.848358221	1.69549908	3.165584988	1.636695644	3.871226224	1.751035659	3.851625079	1.813105953	3.766686782	1.881709962	3.23092214	1.826173383	3.616411333	1.950313971	3.377930731	2.025451695	2.46321061	1.832707099	3.051244973	2.090788847	2.616752916	2.103856277
0.790579533	1.764103089	3.332194725	0.392022909	3.449801597	0.4312252	2.672289495	0.705641236	3.521672464	0.486761778	3.544540467	0.568433218	3.466135885	0.718708666	2.881368379	0.931054408	3.302793006	0.898385833	3.044711258	1.113998432	1.852308244	1.362279608	2.67882321	1.368813323	2.218196292	1.597493353
1.326344175	1.597493353	3.760153067	1.21200416	3.828757076	1.283875026	3.041444401	1.254473308	3.861425651	1.362279608	3.851625079	1.450484762	3.773220497	1.538689917	3.175385561	1.528889344	3.59354333	1.649763074	3.345262155	1.751035659	2.263932298	1.577892208	2.936904958	1.871909389	2.564483195	1.924179111
0.87551783	1.427616759	3.113315267	2.178994001	3.145983843	2.283533444	2.433808892	1.881709962	3.145983843	2.361938025	3.103514694	2.430542034	2.982640964	2.46321061	2.466477468	2.182260859	2.776828937	2.482811756	2.522014046	2.45014318	1.675897935	1.826173383	2.136524853	2.371738598	1.760836232	2.257398583
1.097664145	1.806572238	3.668681055	1.479886481	3.724217633	1.541956775	2.881368379	1.515821914	3.740551921	1.594226496	3.740551921	1.679164793	3.655613624	1.773903662	3.057778688	1.77717052	3.469402743	1.891510535	3.211320994	1.999316835	2.080988274	1.819639668	2.806230655	2.097322562	2.381539171	2.149592283
0.898385833	1.427616759	3.613144476	1.675897935	3.655613624	1.747768802	2.79969694	1.541956775	3.671947912	1.855575102	3.632745621	1.930712826	3.538006752	1.989516262	2.90750324	1.835973956	3.35179587	2.064653986	3.067579261	2.110389992	1.891510535	1.659563647	2.623286631	2.129991138	2.12672428	2.080988274
1.391681326	1.45375162	4.34818743	1.430883617	4.397190293	1.509288199	3.482470173	1.385147611	4.423325154	1.587692781	4.393923436	1.679164793	4.286117136	1.77717052	3.583742758	1.685698508	4.063970821	1.88497682	3.756886209	1.963381401	2.473011183	1.600760211	3.273391288	2.035252268	2.78662951	2.028718553
1.234872163	1.809839096	4.005167385	1.110731575	4.057437106	1.149933866	3.260323858	1.244672735	4.106439969	1.21200416	4.126041115	1.287141884	4.050903391	1.378613896	3.410599306	1.46681905	3.858158794	1.54849049	3.557607897	1.685698508	2.404407174	1.666097362	3.145983843	1.845774529	2.646154634	1.969915117
0.934321266	1.398215041	3.528206179	1.56155792	3.557607897	1.623628214	2.868300949	1.479886481	3.5804759	1.688965365	3.56740847	1.767369947	3.453068455	1.845774529	2.904236382	1.711833368	3.24398957	1.894777392	2.966306676	1.937246541	1.953580829	1.590959638	2.574283768	1.963381401	2.11365685	1.917645395
0.601101793	2.13979171	2.927104386	1.643229359	3.008775825	1.698765938	2.312935162	1.734701371	3.044711258	1.751035659	3.054511831	1.816372811	2.959772961	1.91111168	2.417474604	1.937246541	2.81276437	2.002583692	2.606952343	2.097322562	1.584425923	2.041785983	2.23453058	2.218196292	1.829440241	2.309668304
1.568091635	1.793504808	3.766686782	1.381880753	3.802622215	1.430883617	3.087180407	1.437417332	3.825490218	1.479886481	3.835290791	1.551757347	3.760153067	1.633428787	3.21785471	1.653029932	3.636012479	1.728167656	3.394265018	1.839240814	2.381539171	1.747768802	3.051244973	1.956847686	2.672289495	2.022184838
1.424349902	1.015992705	3.479203315	2.593884913	3.469402743	2.688623783	2.900969525	2.097322562	3.440001024	2.747427219	3.404065591	2.783362652	3.253790143	2.760494649	2.819298086	2.319468877	3.077379834	2.711491786	2.819298086	2.587351198	2.188794574	1.780437377	2.473011183	2.397873459	2.13979171	2.129991138
0.993124702	1.381880753	3.766686782	1.571358493	3.805889073	1.653029932	2.943438673	1.434150475	3.815689645	1.728167656	3.786287927	1.813105953	3.678481627	1.881709962	3.064312404	1.737968229	3.498804461	1.956847686	3.234188997	2.009117407	1.982982547	1.57462535	2.77356208	2.025451695	2.303134589	1.973181974
1.45375162	0.669705802	3.410599306	2.55794948	3.390998161	2.636354062	2.881368379	1.947047114	3.345262155	2.721292358	3.289725576	2.760494649	3.155784416	2.740893504	2.740893504	2.214929435	2.927104386	2.659222065	2.688623783	2.528547762	2.067920844	1.430883617	2.345603737	2.260665441	2.015651123	1.927445968
1.228338447	1.434150475	3.756886209	1.731434514	3.789554785	1.796771665	3.096980979	1.587692781	3.7960885	1.852308244	3.773220497	1.920912253	3.662147339	1.982982547	3.11004841	1.839240814	3.44653474	2.038519126	3.214587852	2.067920844	2.214929435	1.65629679	2.816031228	2.054853413	2.394606601	1.996049977
1.110731575	2.260665441	3.639279336	1.744501944	3.694815915	1.800038523	2.79969694	1.852308244	3.730751348	1.88497682	3.720950776	1.973181974	3.639279336	2.058120271	2.946705531	2.084255132	3.453068455	2.178994001	3.178652419	2.299867731	2.028718553	2.198595147	2.802963798	2.414207747	2.371738598	2.492612328
1.091130429	2.443609465	3.296259291	1.247939593	3.368130158	1.293675599	2.649421492	1.532156202	3.400798734	1.349212178	3.400798734	1.408015614	3.325661009	1.522355629	2.825831801	1.69549908	3.211320994	1.646496217	3.01530954	1.806572238	2.035252268	2.051586556	2.701691213	2.025451695	2.322735734	2.227996865
0.911453263	2.237797438	3.730751348	1.391681326	3.802622215	1.447217905	2.933638101	1.594226496	3.845091364	1.519088771	3.835290791	1.613827641	3.760153067	1.711833368	3.126382697	1.819639668	3.583742758	1.852308244	3.345262155	2.002583692	2.03198541	2.094055704	2.936904958	2.208395719	2.394606601	2.365204883
1.430883617	1.806572238	3.867959367	1.231605305	3.91696223	1.293675599	3.113315267	1.336144747	3.933296518	1.365546466	3.91696223	1.44068419	3.861425651	1.515821914	3.227655282	1.56155792	3.691549058	1.639962502	3.423666737	1.780437377	2.352137453	1.708566511	3.041444401	1.89804425	2.593884913	1.973181974
1.381880753	1.153200723	4.106439969	1.617094499	4.139108545	1.68243165	3.397531876	1.450484762	4.14564226	1.754302517	4.109706827	1.829440241	4.001900527	1.891510535	3.466135885	1.718367083	3.80915593	1.940513398	3.515138749	1.966648259	2.499146043	1.483153338	3.11004841	1.960114544	2.753960934	1.927445968
1.394948184	2.283533444	4.070504536	2.303134589	4.112973685	2.368471741	3.270124431	2.24759801	4.139108545	2.466477468	4.122774257	2.544882049	4.028035388	2.626553489	3.368130158	2.531814619	3.861425651	2.701691213	3.557607897	2.783362652	2.378272313	2.443609465	3.077379834	2.81276437	2.646154634	2.809497513
0.872250972	1.032326993	3.397531876	1.947047114	3.417133021	2.015651123	2.744160361	1.643229359	3.413866164	2.084255132	3.377930731	2.159392856	3.237455855	2.195328289	2.727826074	1.89804425	3.018576398	2.192061432	2.724559216	2.12672428	1.829440241	1.506021341	2.378272313	2.041785983	1.930712826	1.88497682
0.663172087	1.512555056	2.949972389	2.427275177	2.969573534	2.515480331	2.270466013	2.080988274	2.949972389	2.593884913	2.89443581	2.652688349	2.796430083	2.669022637	2.263932298	2.358671168	2.577550625	2.675556352	2.312935162	2.626553489	1.45375162	1.960114544	1.937246541	2.522014046	1.564824778	2.365204883
0.940854981	2.283533444	3.740551921	1.244672735	3.815689645	1.303476172	2.858500376	1.479886481	3.861425651	1.381880753	3.861425651	1.45375162	3.802622215	1.568091635	3.080646691	1.715100226	3.649079909	1.715100226	3.397531876	1.88497682	2.012384265	2.012384265	2.927104386	2.11365685	2.486078613	2.273732871
1.215271017	1.355745893	4.086838824	2.103856277	4.116240542	2.195328289	3.371397015	1.855575102	4.122774257	2.286800301	4.080305109	2.35540431	3.943097091	2.407674031	3.384464446	2.146325426	3.711150203	2.430542034	3.433467309	2.417474604	2.326002592	1.764103089	3.00224211	2.339070022	2.508946616	2.198595147
1.074796142	2.149592283	3.443267882	0.689306948	3.475936458	0.708908093	2.669022637	1.058461854	3.528206179	0.761177815	3.547807324	0.836315539	3.479203315	0.947388696	2.900969525	1.192403014	3.325661009	1.11726529	3.142716985	1.290408741	2.048319698	1.653029932	2.802963798	1.538689917	2.391339744	1.80330538
0.784045818	1.512555056	3.413866164	1.156467581	3.466135885	1.218537875	2.567750052	1.176068726	3.485737031	1.287141884	3.469402743	1.362279608	3.377930731	1.443951047	2.714758643	1.434150475	3.208054137	1.538689917	2.966306676	1.636695644	1.737968229	1.499487626	2.512213474	1.747768802	2.077721416	1.809839096
0.607635509	1.558291062	3.096980979	2.149592283	3.126382697	2.227996865	2.397873459	1.940513398	3.126382697	2.296600874	3.090447264	2.368471741	2.956506104	2.410940889	2.417474604	2.178994001	2.750694077	2.420741462	2.502412901	2.404407174	1.545223632	1.920912253	2.123457423	2.358671168	1.69549908	2.257398583
0.627236654	1.372080181	3.645813052	1.679164793	3.6882822	1.757569374	2.740893504	1.538689917	3.707883345	1.855575102	3.6882822	1.940513398	3.570675327	2.028718553	2.855233519	1.862108817	3.348529012	2.120190565	3.034910685	2.175727144	1.728167656	1.643229359	2.515480331	2.175727144	1.996049977	2.116923707
0.532497784	1.822906526	3.273391288	1.819639668	3.328927867	1.881709962	2.567750052	1.780437377	3.358329585	1.950313971	3.348529012	2.041785983	3.24398957	2.11365685	2.642887777	2.025451695	3.041444401	2.192061432	2.757227792	2.257398583	1.65629679	1.966648259	2.352137453	2.296600874	1.865375674	2.293334016
0.784045818	1.375347038	3.194986707	1.401481899	3.23092214	1.479886481	2.544882049	1.339411605	3.24398957	1.564824778	3.21785471	1.639962502	3.119848982	1.69549908	2.587351198	1.581159065	2.943438673	1.770636805	2.711491786	1.809839096	1.708566511	1.509288199	2.319468877	1.849041386	1.904577965	1.829440241
0.646837799	1.996049977	3.433467309	1.966648259	3.502071318	2.038519126	2.69189064	1.947047114	3.531473037	2.12672428	3.515138749	2.208395719	3.377930731	2.293334016	2.832365516	2.188794574	3.181919276	2.365204883	2.90750324	2.424008319	1.764103089	2.110389992	2.495879186	2.456676895	2.012384265	2.433808892
1.189136157	1.068262426	3.740551921	1.35901275	3.789554785	1.457018478	2.949972389	1.205470444	3.779754212	1.519088771	3.750352494	1.597493353	3.645813052	1.643229359	3.070846119	1.46681905	3.462869027	1.692232223	3.181919276	1.724900799	2.090788847	1.277341311	2.763761507	1.711833368	2.309668304	1.649763074
0.87551783	2.012384265	3.404065591	1.316543602	3.4726696	1.368813323	2.682090068	1.457018478	3.515138749	1.44068419	3.515138749	1.528889344	3.449801597	1.617094499	2.868300949	1.69549908	3.279925003	1.747768802	3.054511831	1.871909389	1.858841959	1.88497682	2.642887777	2.045052841	2.231263722	2.149592283
1.058461854	1.143400151	3.404065591	1.169535011	3.449801597	1.244672735	2.767028364	1.113998432	3.466135885	1.316543602	3.449801597	1.394948184	3.358329585	1.457018478	2.81276437	1.349212178	3.194986707	1.519088771	2.959772961	1.57462535	1.933979683	1.261007023	2.57101691	1.600760211	2.172460286	1.581159065
1.078062999	1.45375162	3.590276473	1.424349902	3.642546194	1.486420196	2.92057067	1.391681326	3.662147339	1.558291062	3.652346767	1.643229359	3.547807324	1.708566511	2.982640964	1.617094499	3.35179587	1.786971092	3.077379834	1.826173383	2.116923707	1.571358493	2.701691213	1.858841959	2.23453058	1.849041386
1.231605305	1.630161929	3.720950776	1.381880753	3.78302107	1.45375162	2.966306676	1.411282472	3.812422788	1.532156202	3.802622215	1.610560784	3.691549058	1.692232223	3.096980979	1.659563647	3.518405606	1.786971092	3.276658146	1.875176247	2.185527716	1.672631077	2.871567807	1.966648259	2.401140316	1.986249404
1.068262426	1.457018478	3.845091364	1.538689917	3.900627942	1.630161929	2.858500376	1.447217905	3.91696223	1.705299653	3.900627942	1.796771665	3.792821642	1.862108817	3.103514694	1.741235086	3.587009615	1.947047114	3.289725576	2.00585055	2.11365685	1.646496217	2.819298086	2.038519126	2.326002592	1.999316835
0.819981251	2.041785983	3.407332449	1.610560784	3.456335312	1.675897935	2.580817483	1.679164793	3.485737031	1.734701371	3.479203315	1.816372811	3.394265018	1.89804425	2.776828937	1.89804425	3.224388425	1.99278312	2.992441537	2.094055704	1.816372811	2.00585055	2.541615192	2.208395719	2.097322562	2.270466013
0.56516636	1.852308244	3.224388425	2.077721416	3.260323858	2.152859141	2.394606601	1.930712826	3.263590716	2.227996865	3.234188997	2.306401447	3.126382697	2.381539171	2.495879186	2.214929435	2.940171816	2.443609465	2.646154634	2.489345471	1.509288199	2.048319698	2.162659713	2.505679759	1.741235086	2.45014318
0.836315539	2.025451695	3.387731303	1.630161929	3.440001024	1.679164793	2.731092931	1.679164793	3.495537603	1.757569374	3.469402743	1.829440241	3.368130158	1.91111168	2.822564943	1.89804425	3.221121567	2.002583692	2.963039819	2.10058942	1.865375674	1.979715689	2.548148907	2.205128862	2.10058942	2.273732871
1.127065863	1.355745893	3.818956503	1.234872163	3.841824506	1.283875026	2.976107249	1.189136157	3.851625079	1.34594532	3.841824506	1.427616759	3.734018206	1.515821914	3.142716985	1.460285335	3.557607897	1.590959638	3.299526149	1.68243165	2.074454559	1.430883617	2.848699804	1.747768802	2.378272313	1.760836232
1.365546466	1.411282472	3.867959367	1.381880753	3.894094227	1.424349902	3.129649555	1.352479035	3.910428515	1.486420196	3.900627942	1.558291062	3.805889073	1.626895071	3.250523285	1.564824778	3.632745621	1.702032796	3.374663873	1.760836232	2.263932298	1.509288199	2.963039819	1.816372811	2.518747189	1.80330538
1.372080181	1.450484762	4.142375403	1.649763074	4.171777121	1.702032796	3.413866164	1.54849049	4.188111409	1.770636805	4.161976548	1.855575102	4.057437106	1.930712826	3.462869027	1.79023795	3.874493082	1.999316835	3.570675327	2.038519126	2.495879186	1.65629679	3.159051273	2.058120271	2.688623783	2.03198541
1.058461854	1.120532148	3.685015342	1.617094499	3.707883345	1.672631077	2.969573534	1.437417332	3.720950776	1.760836232	3.694815915	1.842507671	3.560874755	1.88497682	3.018576398	1.69549908	3.332194725	1.924179111	3.093714122	1.924179111	2.084255132	1.434150475	2.672289495	1.881709962	2.201862004	1.773903662
1.032326993	1.839240814	3.887560512	1.515821914	3.93002966	1.577892208	3.021843255	1.532156202	3.959431379	1.649763074	3.952897663	1.744501944	3.871226224	1.832707099	3.152517558	1.806572238	3.655613624	1.960114544	3.358329585	2.067920844	2.103856277	1.832707099	2.89443581	2.156125998	2.430542034	2.195328289
1.342678463	2.058120271	3.939830233	2.208395719	3.982299382	2.273732871	3.263590716	2.120190565	3.985566239	2.339070022	3.979032524	2.414207747	3.861425651	2.482811756	3.322394152	2.348870595	3.685015342	2.541615192	3.430200452	2.574283768	2.371738598	2.218196292	3.00224211	2.597151771	2.564483195	2.57101691
0.842849254	1.57462535	3.645813052	1.633428787	3.685015342	1.702032796	2.77356208	1.541956775	3.70134963	1.806572238	3.671947912	1.881709962	3.560874755	1.963381401	2.865034092	1.839240814	3.335461582	2.045052841	3.01530954	2.110389992	1.842507671	1.731434514	2.587351198	2.162659713	2.123457423	2.13979171
1.10419786	1.506021341	4.03783596	1.404748756	4.093372539	1.457018478	3.273391288	1.398215041	4.116240542	1.545223632	4.099906254	1.630161929	3.969231951	1.715100226	3.374663873	1.659563647	3.753619352	1.79023795	3.453068455	1.855575102	2.250864868	1.587692781	3.051244973	1.943780256	2.531814619	1.953580829
0.993124702	1.786971092	3.858158794	1.705299653	3.894094227	1.754302517	3.061045546	1.692232223	3.91696223	1.832707099	3.910428515	1.937246541	3.792821642	2.01891798	3.1492507	1.943780256	3.587009615	2.094055704	3.270124431	2.175727144	2.10058942	1.894777392	2.868300949	2.250864868	2.394606601	2.257398583
0.682773233	1.653029932	3.564141612	1.509288199	3.632745621	1.584425923	2.816031228	1.502754484	3.662147339	1.653029932	3.662147339	1.747768802	3.541273609	1.842507671	2.946705531	1.773903662	3.335461582	1.933979683	3.038177543	2.01891798	1.822906526	1.747768802	2.593884913	2.10058942	2.090788847	2.110389992
1.032326993	1.398215041	3.812422788	1.378613896	3.861425651	1.450484762	2.995708395	1.313276744	3.9038948	1.538689917	3.877759939	1.633428787	3.786287927	1.718367083	3.155784416	1.623628214	3.577209043	1.800038523	3.273391288	1.88497682	2.041785983	1.522355629	2.81276437	1.930712826	2.339070022	1.920912253
1.326344175	1.737968229	3.874493082	1.692232223	3.93002966	1.767369947	3.057778688	1.643229359	3.949630806	1.865375674	3.933296518	1.940513398	3.818956503	2.00585055	3.185186134	1.91111168	3.619678191	2.090788847	3.328927867	2.156125998	2.224730007	1.842507671	2.930371243	2.192061432	2.541615192	2.201862004
0.522697212	1.355745893	3.498804461	1.153200723	3.564141612	1.234872163	2.659222065	1.149933866	3.600077046	1.303476172	3.5804759	1.408015614	3.466135885	1.499487626	2.816031228	1.427616759	3.266857573	1.600760211	2.959772961	1.679164793	1.744501944	1.408015614	2.525280904	1.751035659	1.960114544	1.767369947
0.725242381	1.80330538	3.622945049	1.66936422	3.668681055	1.718367083	2.796430083	1.688965365	3.704616488	1.809839096	3.694815915	1.888243677	3.59354333	1.973181974	2.900969525	1.924179111	3.413866164	2.067920844	3.090447264	2.152859141	1.845774529	1.914378538	2.633087204	2.208395719	2.110389992	2.22146315
1.293675599	1.88497682	3.982299382	1.904577965	4.02476853	1.966648259	3.21785471	1.835973956	4.044369676	2.03198541	4.02476853	2.094055704	3.91696223	2.162659713	3.355062728	2.067920844	3.734018206	2.218196292	3.443267882	2.283533444	2.35540431	2.002583692	3.018576398	2.322735734	2.548148907	2.316202019
0.99639156	2.045052841	3.707883345	1.973181974	3.747085636	2.035252268	2.865034092	1.89804425	3.766686782	2.11365685	3.740551921	2.211662577	3.649079909	2.286800301	2.989174679	2.192061432	3.456335312	2.384806028	3.185186134	2.45014318	1.947047114	2.136524853	2.698424355	2.502412901	2.24759801	2.489345471
1.538689917	1.502754484	4.181577694	1.515821914	4.197911981	1.558291062	3.456335312	1.460285335	4.217513127	1.649763074	4.184844551	1.731434514	4.050903391	1.800038523	3.544540467	1.708566511	3.858158794	1.862108817	3.577209043	1.91111168	2.531814619	1.630161929	3.208054137	1.969915117	2.734359789	1.956847686
0.640304084	1.509288199	3.191719849	1.375347038	3.237455855	1.450484762	2.495879186	1.33287789	3.270124431	1.522355629	3.247256428	1.607293926	3.152517558	1.653029932	2.603685486	1.57462535	2.966306676	1.718367083	2.685356925	1.773903662	1.604027068	1.525622487	2.299867731	1.839240814	1.816372811	1.842507671
0.993124702	1.943780256	3.485737031	1.933979683	3.521672464	1.986249404	2.753960934	1.875176247	3.544540467	2.058120271	3.528206179	2.129991138	3.410599306	2.195328289	2.819298086	2.10058942	3.221121567	2.260665441	2.969573534	2.319468877	1.963381401	2.054853413	2.574283768	2.365204883	2.152859141	2.352137453
1.051928139	1.679164793	3.848358221	1.659563647	3.91696223	1.757569374	3.005508967	1.604027068	3.923495945	1.842507671	3.900627942	1.950313971	3.805889073	2.03198541	3.038177543	1.901311108	3.616411333	2.116923707	3.263590716	2.182260859	2.009117407	1.806572238	2.79969694	2.231263722	2.332536307	2.192061432
0.810180678	1.675897935	3.482470173	1.584425923	3.521672464	1.649763074	2.753960934	1.564824778	3.544540467	1.721633941	3.521672464	1.809839096	3.430200452	1.891510535	2.78662951	1.796771665	3.237455855	1.969915117	2.943438673	2.041785983	1.806572238	1.754302517	2.541615192	2.107123135	2.107123135	2.11365685
1.251206451	1.391681326	3.652346767	1.368813323	3.685015342	1.424349902	2.927104386	1.339411605	3.704616488	1.492953911	3.698082773	1.577892208	3.600077046	1.659563647	2.972840392	1.584425923	3.423666737	1.734701371	3.162318131	1.80330538	2.051586556	1.506021341	2.747427219	1.852308244	2.361938025	1.839240814
1.33287789	1.68243165	3.70134963	1.617094499	3.724217633	1.666097362	2.969573534	1.558291062	3.724217633	1.724900799	3.720950776	1.796771665	3.639279336	1.878443105	3.01530954	1.80330538	3.436734167	1.953580829	3.194986707	2.022184838	2.133257995	1.757569374	2.809497513	2.077721416	2.433808892	2.087521989
1.604027068	1.055194996	3.897361085	1.153200723	3.926762803	1.215271017	3.260323858	1.051928139	3.926762803	1.287141884	3.897361085	1.365546466	3.815689645	1.417816187	3.237455855	1.283875026	3.658880482	1.486420196	3.404065591	1.522355629	2.388072886	1.189136157	3.031643828	1.54849049	2.662488922	1.512555056
