consensus aligned to its principal axes - from coord_Aug10_Format.txt
-0.67538622169734619 -0.04206633949571649
0.22188372504153142 -0.090240037949427129
0.24045532719394791 -0.066376328021798839
-0.044747551218489709 -0.095514922297823324
0.24979511260942158 -0.038345922379774064
0.24491854405613647 -0.010890563669321595
0.21480414102043982 0.014913371236467316
-0.00076559063506891241 -0.0022262846439908908
0.15459894716067593 0.046844335966800828
0.060721571792999827 0.079187586022433046
-0.33972734758139056 -0.014571564240041648
-0.087616872025473108 0.10688331017518789
-0.23893378571738455 0.11240335929700478