
C:/Users/vmc04/Documents/GitHub/wingproj/Gomez analysis plan/Field 18 Procrustes analysis MOG individual/2017_09_06 Field 18 ARS scaled Informe de MOG
Please do NOT use pink buttons or pink menu functions
Possible (COO generated) INPUT FILE: '..._format.txt', or '..._scaled.txt'
Please open an INPUT FILE, then enter the sample sizes of successive groups, each number separated by a space; otherwise just enter the total sample size.
FICHIER: 
C:/Users/vmc04/Documents/GitHub/wingproj/Gomez analysis plan/Field 18 Procrustes analysis MOG individual/2017_09_06 Field 18 ARS scaled.txt
Field18ARS scaled- 17 

17	configuraciones
18	landmarks

CONFIGURATION 1 :
1.973181974 1.558291062 2.649421492 1.479886481 3.511871891 1.685698508 3.55434104 1.747768802 3.577209043 1.822906526 3.56740847 1.89804425 3.479203315 1.973181974 3.292992434 2.061387129 3.047978116 2.136524853 2.701691213 2.208395719 1.996049977 1.839240814 2.303134589 1.839240814 2.296600874 1.764103089 2.512213474 1.813105953 2.495879186 1.718367083 2.492612328 1.649763074 2.868300949 1.633428787 2.949972389 1.907844823
CONFIGURATION 2 :
1.963381401 1.283875026 2.659222065 1.198936729 3.685015342 1.408015614 3.740551921 1.502754484 3.760153067 1.587692781 3.747085636 1.68243165 3.645813052 1.764103089 3.449801597 1.862108817 3.132916413 1.950313971 2.662488922 2.01891798 1.989516262 1.617094499 2.339070022 1.617094499 2.326002592 1.538689917 2.55794948 1.584425923 2.551415765 1.470085908 2.541615192 1.378613896 2.858500376 1.378613896 3.041444401 1.69549908
CONFIGURATION 3 :
2.309668304 1.646496217 3.038177543 1.558291062 4.03783596 1.744501944 4.112973685 1.832707099 4.152175975 1.933979683 4.13257483 2.028718553 4.014967957 2.097322562 3.815689645 2.201862004 3.511871891 2.290067159 3.057778688 2.361938025 2.306401447 1.943780256 2.695157498 1.956847686 2.685356925 1.871909389 2.963039819 1.927445968 2.956506104 1.819639668 2.946705531 1.721633941 3.198253564 1.724900799 3.322394152 2.03198541
CONFIGURATION 4 :
2.071187701 1.228338447 2.740893504 1.185869299 3.776487355 1.408015614 3.832023933 1.499487626 3.858158794 1.584425923 3.848358221 1.672631077 3.743818779 1.751035659 3.544540467 1.849041386 3.24398957 1.937246541 2.760494649 1.989516262 2.067920844 1.54849049 2.466477468 1.568091635 2.459943753 1.496220768 2.721292358 1.545223632 2.714758643 1.443951047 2.698424355 1.34594532 2.972840392 1.339411605 3.057778688 1.646496217
CONFIGURATION 5 :
2.332536307 1.623628214 3.012042682 1.57462535 3.998633669 1.832707099 4.054170248 1.917645395 4.070504536 2.00585055 4.050903391 2.097322562 3.956164521 2.162659713 3.786287927 2.227996865 3.44653474 2.296600874 3.031643828 2.316202019 2.306401447 1.927445968 2.655955207 1.920912253 2.639620919 1.842507671 2.936904958 1.91111168 2.927104386 1.819639668 2.927104386 1.731434514 3.253790143 1.737968229 3.319127294 2.035252268
CONFIGURATION 6 :
2.296600874 1.228338447 3.083913549 1.10419786 4.080305109 1.293675599 4.135841688 1.362279608 4.165243406 1.45375162 4.148909118 1.555024205 4.050903391 1.639962502 3.848358221 1.741235086 3.55434104 1.839240814 3.11004841 1.907844823 2.345603737 1.538689917 2.69189064 1.515821914 2.688623783 1.434150475 2.995708395 1.489687053 2.995708395 1.391681326 2.989174679 1.287141884 3.306059864 1.270807596 3.387731303 1.57462535
CONFIGURATION 7 :
2.352137453 1.845774529 3.12311584 1.751035659 4.191378266 1.963381401 4.237114272 2.03198541 4.279583421 2.12672428 4.256715418 2.224730007 4.155442833 2.283533444 3.959431379 2.365204883 3.662147339 2.459943753 3.139450128 2.544882049 2.34233688 2.156125998 2.757227792 2.156125998 2.747427219 2.077721416 3.021843255 2.133257995 3.01530954 2.022184838 3.012042682 1.930712826 3.286458719 1.901311108 3.433467309 2.205128862
CONFIGURATION 8 :
1.845774529 1.055194996 2.66575578 0.953922411 3.727484491 1.133599578 3.815689645 1.231605305 3.841824506 1.329611032 3.822223361 1.414549329 3.730751348 1.479886481 3.528206179 1.577892208 3.178652419 1.685698508 2.721292358 1.783704235 1.868642532 1.368813323 2.290067159 1.355745893 2.283533444 1.280608169 2.544882049 1.316543602 2.535081477 1.218537875 2.528547762 1.143400151 2.809497513 1.11726529 2.995708395 1.427616759
CONFIGURATION 9 :
2.182260859 1.515821914 2.976107249 1.443951047 4.135841688 1.68243165 4.204445697 1.770636805 4.246914845 1.888243677 4.233847415 1.976448832 4.1195074 2.061387129 3.877759939 2.175727144 3.505338176 2.267199156 2.976107249 2.319468877 2.205128862 1.839240814 2.629820346 1.868642532 2.626553489 1.780437377 2.923837528 1.842507671 2.914036955 1.737968229 2.910770098 1.623628214 3.175385561 1.613827641 3.306059864 1.966648259
CONFIGURATION 10 :
2.002583692 1.489687053 2.789896367 1.430883617 3.80915593 1.646496217 3.877759939 1.741235086 3.900627942 1.835973956 3.861425651 1.914378538 3.766686782 1.999316835 3.583742758 2.084255132 3.253790143 2.165926571 2.802963798 2.224730007 2.038519126 1.816372811 2.381539171 1.806572238 2.381539171 1.721633941 2.724559216 1.800038523 2.714758643 1.69549908 2.711491786 1.600760211 3.008775825 1.590959638 3.1492507 1.91111168
CONFIGURATION 11 :
2.054853413 1.303476172 2.750694077 1.228338447 3.7960885 1.457018478 3.838557648 1.532156202 3.854891936 1.626895071 3.818956503 1.711833368 3.717683918 1.783704235 3.534739894 1.875176247 3.194986707 1.966648259 2.714758643 2.012384265 2.048319698 1.594226496 2.433808892 1.620361356 2.424008319 1.528889344 2.734359789 1.594226496 2.731092931 1.506021341 2.714758643 1.394948184 3.008775825 1.381880753 3.11004841 1.705299653
CONFIGURATION 12 :
1.862108817 1.545223632 2.580817483 1.443951047 3.564141612 1.623628214 3.626211906 1.692232223 3.665414197 1.780437377 3.642546194 1.878443105 3.544540467 1.947047114 3.3648633 2.03198541 3.103514694 2.129991138 2.633087204 2.214929435 1.875176247 1.822906526 2.24759801 1.819639668 2.244331153 1.751035659 2.492612328 1.793504808 2.486078613 1.698765938 2.479544898 1.597493353 2.767028364 1.590959638 2.92057067 1.894777392
CONFIGURATION 13 :
2.143058568 1.133599578 2.940171816 1.048661281 3.923495945 1.247939593 3.982299382 1.326344175 4.014967957 1.427616759 3.988833097 1.506021341 3.884293654 1.594226496 3.685015342 1.69549908 3.394265018 1.80330538 2.930371243 1.878443105 2.162659713 1.489687053 2.564483195 1.479886481 2.55794948 1.381880753 2.845432946 1.434150475 2.835632373 1.329611032 2.832365516 1.231605305 3.077379834 1.205470444 3.237455855 1.535423059
CONFIGURATION 14 :
1.813105953 1.421083044 2.502412901 1.31981046 3.495537603 1.489687053 3.547807324 1.564824778 3.573942185 1.659563647 3.551074182 1.757569374 3.466135885 1.826173383 3.270124431 1.927445968 2.972840392 2.00585055 2.525280904 2.097322562 1.826173383 1.718367083 2.211662577 1.705299653 2.205128862 1.636695644 2.505679759 1.69549908 2.495879186 1.584425923 2.492612328 1.492953911 2.734359789 1.460285335 2.868300949 1.764103089
CONFIGURATION 15 :
1.77717052 1.398215041 2.489345471 1.33287789 3.55434104 1.600760211 3.600077046 1.679164793 3.619678191 1.767369947 3.603343903 1.852308244 3.479203315 1.920912253 3.283191861 2.002583692 2.959772961 2.084255132 2.522014046 2.133257995 1.80330538 1.708566511 2.198595147 1.721633941 2.188794574 1.65629679 2.453410037 1.705299653 2.443609465 1.597493353 2.430542034 1.506021341 2.727826074 1.512555056 2.78662951 1.813105953
CONFIGURATION 16 :
2.410940889 1.721633941 3.005508967 1.649763074 3.881026797 1.816372811 3.939830233 1.878443105 3.959431379 1.973181974 3.949630806 2.045052841 3.851625079 2.107123135 3.681748485 2.195328289 3.413866164 2.267199156 3.041444401 2.335803165 2.410940889 2.002583692 2.737626646 1.99278312 2.731092931 1.924179111 3.00224211 1.966648259 2.998975252 1.871909389 2.995708395 1.796771665 3.21785471 1.77717052 3.253790143 2.038519126
CONFIGURATION 17 :
2.250864868 0.98332413 2.989174679 0.908186405 3.969231951 1.179335584 4.021501673 1.247939593 4.050903391 1.339411605 4.034569103 1.417816187 3.943097091 1.496220768 3.730751348 1.57462535 3.449801597 1.639962502 2.976107249 1.692232223 2.276999728 1.283875026 2.606952343 1.277341311 2.597151771 1.218537875 2.900969525 1.280608169 2.881368379 1.182602441 2.871567807 1.094397287 3.132916413 1.081329857 3.260323858 1.394948184

CONFIGURATION CONSENSUS 
2.097 1.411 2.823 1.330 3.832 1.542 3.889 1.621 3.917 1.714 3.898 1.802 3.797 1.876 3.602 1.968 3.296 2.054 2.842 2.120 2.110 1.719 2.483 1.719 2.476 1.641 2.755 1.696 2.747 1.595 2.740 1.502 3.024 1.489 3.141 1.797

TRANSLACION de los OBJETOS sobre UN mismo CENTROIDE

Translated matrix object 0
-0.98461111111111121 -0.28877777777777774
-0.25861111111111101 -0.36977777777777765
0.75038888888888866 -0.15777777777777774
0.80738888888888904 -0.078777777777777766
0.83538888888888907 0.014222222222222219
0.81638888888888894 0.10222222222222235
0.71538888888888941 0.17622222222222239
0.52038888888888912 0.26822222222222247
0.21438888888888902 0.35422222222222211
-0.23961111111111075 0.42022222222222227
-0.97161111111111109 0.019222222222222335
-0.59861111111111065 0.019222222222222335
-0.60561111111111088 -0.058777777777777471
-0.32661111111111096 -0.003777777777777519
-0.33461111111111108 -0.10477777777777762
-0.34161111111111103 -0.19777777777777758
-0.057611111111110946 -0.21077777777777762
0.059388888888888935 0.097222222222222321

Translated matrix object 1
-0.87515484566666601 -0.26044114583333355
-0.19891532766666589 -0.33884572683333331
0.66353507133333367 -0.13303369983333349
0.7060042203333341 -0.070963405833333534
0.72887222333333335 0.004174318166666427
0.71907165033333365 0.079312042166666596
0.63086649533333383 0.15444976616666656
0.44465561433333334 0.24265492116666643
0.19964129633333313 0.31779264516666667
-0.1466456066666664 0.38966351116666625
-0.85228684266666666 0.020508606166666665
-0.54520223066666695 0.020508606166666776
-0.55173594566666662 -0.054629118833333143
-0.33612334566666657 -0.0056262548333329415
-0.35245763366666694 -0.10036512483333301
-0.35572449166666709 -0.16896913383333295
0.019964129333332775 -0.18530342083333307
0.10163556933333329 0.08911261516666702

Translated matrix object 2
-0.9617265715555553 -0.30163984950000011
-0.26588590755555508 -0.38657814650000027
0.75990736944444437 -0.17749926149999995
0.81544394844444434 -0.082760391499999961
0.83504509444444464 0.0021779055000004238
0.82197766344444501 0.096916774500000344
0.72070507944444484 0.17858821350000009
0.52469362444444501 0.27659394150000005
0.20780844044444438 0.3647990955
-0.26261905055555523 0.43340310449999997
-0.93559171055555523 0.031579623500000112
-0.58603795055555485 0.031579623500000112
-0.59910538055555496 -0.046824958500000111
-0.36715849255555522 -0.0010889525000002259
-0.3736922075555551 -0.11542896750000002
-0.38349278055555491 -0.20690097949999997
-0.066607596555555398 -0.20690097950000008
0.11633642844444525 0.1099842044999999

Translated matrix object 3
-0.98241666922222182 -0.28094975105555575
-0.25390743022222184 -0.3691549060555554
0.74575098677777651 -0.18294402405555549
0.82088871177777722 -0.094738869055555203
0.8600910017777772 0.0065337149444446158
0.84048985677777788 0.10127258494444465
0.72288298377777771 0.16987659394444471
0.52360467177777803 0.27441603594444458
0.2197869177777782 0.36262119094444462
-0.23430628522222188 0.43449205694444465
-0.98568352622222211 0.016334287944444539
-0.596927475222222 0.029401717944444419
-0.60672804822222215 -0.055536579055555355
-0.32904515422222214 -5.5555157696396407e-11
-0.33557886922222202 -0.10780630005555511
-0.34537944222222183 -0.20581202705555535
-0.093831409222222384 -0.20254516905555492
0.030309178777778278 0.10453944194444476

Translated matrix object 4
-0.96100060311111124 -0.32940813900000004
-0.29129480011111131 -0.37187728700000017
0.74429905088888959 -0.14973097199999985
0.79983562888888948 -0.058258959999999527
0.82597048988888955 0.026679336999999789
0.81616991688888896 0.11488449099999998
0.71163047488888931 0.1932890730000002
0.51235216288888874 0.29129480000000008
0.21180126588888878 0.37949995500000028
-0.2716936551111111 0.43176967599999994
-0.96426746011111086 -0.0092560959999998943
-0.56571083611111117 0.010345049000000203
-0.57224455111111072 -0.06152581800000001
-0.31089594611111104 -0.012522954000000044
-0.31742966111111071 -0.11379553899999995
-0.3337639491111109 -0.2118012660000001
-0.059347912111110707 -0.21833498100000004
0.025590383888888901 0.088749630999999773

Translated matrix object 5
-0.92887650350000039 -0.31978905777777761
-0.24937012849999987 -0.36879192177777759
0.73722085850000019 -0.11071017277777762
0.79275743749999972 -0.025771876777777578
0.80909172549999964 0.062433278222222222
0.78949058050000032 0.15390529022222238
0.69475171049999984 0.21924244122222214
0.52487511650000007 0.28457959322222226
0.18512192949999995 0.35318360222222223
-0.22976898250000002 0.37278474722222199
-0.95501136350000038 -0.015971303777777654
-0.60545760350000033 -0.022505018777777649
-0.62179189150000025 -0.10090960077777777
-0.32450785250000036 -0.032305591777777629
-0.33430842450000064 -0.12377760377777769
-0.33430842450000076 -0.21198275777777775
-0.007622667500001179 -0.20544904277777776
0.057714483499999414 0.091834996222222021

Translated matrix object 6
-1.0297861038888889 -0.25100355738888869
-0.24247342888888909 -0.37514414438888888
0.75391813111111206 -0.18566640538888879
0.80945471011111203 -0.11706239638888896
0.83885642811111194 -0.025590384388888887
0.82252214011111113 0.075682200611111194
0.72451641311111215 0.16062049761111086
0.52197124311111076 0.2618930816111113
0.22795406211111149 0.35989880961111131
-0.21633856788888858 0.42850281861111145
-0.9807832408888888 0.059347912611111053
-0.63449633788888882 0.036479909611111139
-0.63776319488888888 -0.045191529388888915
-0.33067858288888879 0.010345048611111241
-0.33067858288888885 -0.087660678388888733
-0.3372122988888886 -0.19220012038888856
-0.020327113888888776 -0.20853440838888854
0.061344325111110987 0.095283345611111514

Translated matrix object 7
-1.0352308661666669 -0.27532349633333297
-0.26425247916666661 -0.370062366333333
0.80400994683333382 -0.15771662433333294
0.84974595283333332 -0.089112615333333173
0.8922151018333333 0.0056262546666666496
0.86934709883333272 0.10363198166666675
0.76807451383333414 0.16243541866666689
0.57206305983333383 0.24410685766666701
0.27477901983333364 0.33884572766666687
-0.24791819116666622 0.42378402366666668
-1.0450314391666669 0.035027972666666671
-0.6301405271666668 0.03502797266666656
-0.63994110016666717 -0.043376609333333122
-0.36552506416666741 0.012159969666666645
-0.37205877916666719 -0.098913187333333402
-0.37532563716666723 -0.19038519933333334
-0.10090960016666736 -0.21978691733333333
0.046098989833332382 0.084030836666666664

Translated matrix object 8
-1.0838707458333332 -0.27114917872222211
-0.26388949483333346 -0.37242176372222213
0.79783921616666575 -0.19274459672222199
0.88604437016666648 -0.094738869722222119
0.91217923116666655 0.0032668572777779931
0.89257808616666634 0.088205154277777767
0.80110607316666649 0.15354230627777787
0.5985609041666663 0.25154803327777775
0.24900714416666628 0.35935433327777783
-0.20835291683333335 0.45736006027777798
-1.0610027428333335 0.042469148277777716
-0.63957811583333357 0.02940171827777778
-0.6461118308333339 -0.045736005722222257
-0.38476322583333356 -0.00980057272222222
-0.39456379783333362 -0.10780629972222219
-0.40109751283333367 -0.18294402372222224
-0.12014776183333306 -0.20907888472222225
0.0660631201666666 0.10127258427777774

Translated matrix object 9
-1.1038348754444445 -0.33830125088888896
-0.30998848544444441 -0.41017211788888885
0.84974595355555538 -0.17169151488888859
0.91834996255555534 -0.083486359888888792
0.9608191105555548 0.034120512111110834
0.94775168055555437 0.12232566711111115
0.83341166555555501 0.20726396411111103
0.59166420455555535 0.32160397911111138
0.21924244155555589 0.41307599111111115
-0.30998848544444418 0.46534571211111098
-1.0809668724444441 -0.014882350888888937
-0.65627538844444411 0.014519367111111084
-0.65954224544444418 -0.073685787888888951
-0.36225820644444401 -0.011615493888888981
-0.37205877944444404 -0.11615493588888885
-0.37532563644444394 -0.23049495088888894
-0.11071017344444373 -0.24029552388888897
0.019964129555555932 0.11252509411111089

Translated matrix object 10
-1.0395866768888888 -0.31452578777777807
-0.25227400188888938 -0.37332922377777789
0.76698556111111071 -0.15771662377777801
0.83558957011111146 -0.062977754777777589
0.85845757311111159 0.031761115222222427
0.81925528211111076 0.11016569722222232
0.72451641311111081 0.19510399422222219
0.54157238911111116 0.28004229122222229
0.21161977411111088 0.36171373022222209
-0.23920657088888911 0.42051716622222196
-1.0036512428888886 0.012159970222222122
-0.66063119788888891 0.0023593972222220871
-0.66063119788888902 -0.082578899777778145
-0.31761115288888919 -0.0041743177777777973
-0.32741172588888878 -0.10871376077777777
-0.33067858288888918 -0.20345262977777775
-0.033394543888889516 -0.21325320277777798
0.10708033111111126 0.1068988392222221

Translated matrix object 11
-0.97189012844444411 -0.29782851505555547
-0.27604946444444406 -0.37296624005555551
0.7693449585555564 -0.14428620905555545
0.81181410655555586 -0.069148485055555403
0.82814839455555611 0.025590383944444448
0.79221296155555565 0.11052868094444435
0.69094037655555585 0.18239954794444446
0.50799635255555609 0.27387155994444451
0.16824316555555571 0.36534357194444461
-0.31198489844444405 0.41107957794444472
-0.97842384344444433 -0.00707819105555553
-0.59293464944444396 0.019056668944444674
-0.602735222444444 -0.072415343055555553
-0.29238375244444387 -0.00707819105555553
-0.29565061044444385 -0.095283346055555412
-0.31198489844444371 -0.20635650305555547
-0.017967716444444309 -0.21942393405555549
0.083304868555556411 0.10399496594444457

Translated matrix object 12
-0.97679041394444421 -0.24682923894444458
-0.25808174794444416 -0.34810182394444444
0.72524238105555539 -0.16842465694444458
0.7873126750555558 -0.099820647944444271
0.82651496605555586 -0.011615493944444139
0.80364696305555572 0.086390234055555862
0.70564123605555606 0.15499424305555587
0.52596406905555615 0.23993253905555567
0.26461546305555561 0.33793826705555563
-0.20581202694444409 0.42287656405555601
-0.963722983944444 0.030853655055555665
-0.59130122094444437 0.027586797055555737
-0.59456807794444388 -0.041017211944444326
-0.34628690294444453 0.0014519370555556022
-0.3528206179444443 -0.093286932944444553
-0.35935433294444452 -0.19455951794444457
-0.071870866944444334 -0.20109323294444464
0.081671439055555517 0.10272452105555541

Translated matrix object 13
-1.0236153727777779 -0.29692105477777775
-0.2265021247777774 -0.38185935177777763
0.75682200422222246 -0.18258103977777779
0.8156254412222228 -0.10417645777777779
0.84829401622222256 -0.0029038737777778573
0.82215915622222258 0.075500708222222254
0.71761971322222284 0.16370586322222214
0.51834140122222272 0.2649784472222223
0.22759107722222291 0.37278474722222221
-0.2363026977777771 0.44792247222222203
-1.0040142277777775 0.059166420222222224
-0.60219074577777709 0.049365848222222383
-0.60872446077777753 -0.048639879777777728
-0.32124099477777734 0.0036298422222221655
-0.33104156777777705 -0.1009096007777775
-0.3343084247777775 -0.19891532777777771
-0.089294106777777743 -0.2250501887777776
0.070781914222222131 0.10490242622222246

Translated matrix object 14
-0.96789730216666647 -0.25263698583333311
-0.27859035416666655 -0.3539095698333331
0.71453434783333358 -0.18403297683333308
0.76680406883333319 -0.10889525183333308
0.79293892983333303 -0.01415638283333337
0.77007092683333311 0.083849344166666728
0.68513262983333367 0.15245335316666647
0.4891211758333337 0.25372593816666666
0.1918371368333335 0.33213052016666655
-0.2557223511666662 0.42360253216666666
-0.95482987216666648 0.044647053166666673
-0.56934067816666678 0.031579623166666682
-0.57587439316666633 -0.037024385833333395
-0.27532349616666663 0.021779050166666869
-0.28512406916666688 -0.089294106833333373
-0.28839092716666698 -0.18076611883333304
-0.046643466166666786 -0.21343469483333311
0.087297693833332968 0.090383059166666779

Translated matrix object 15
-0.99621006749999952 -0.32360039211111091
-0.28403511649999968 -0.38893754311111095
0.78096045250000035 -0.12105522211111089
0.82669645850000062 -0.042650640111111013
0.84629760350000083 0.045554513888888953
0.82996331549999958 0.13049281088888906
0.70582272750000008 0.19909681988888914
0.50981127349999988 0.28076825888888912
0.18639237350000026 0.36243969888888883
-0.25136654150000015 0.41144256188888872
-0.97007520749999976 -0.013248922111111214
-0.5747854404999998 -0.00018149211111122276
-0.58458601349999961 -0.065518643111110914
-0.31997055050000023 -0.016515780111111031
-0.32977112249999962 -0.12432208011111104
-0.34283855349999925 -0.215794092111111
-0.045554513499999394 -0.20926037711111098
0.013248922500000315 0.091290519888888921

Translated matrix object 16
-0.83813045966666644 -0.24283641305555598
-0.24356238166666691 -0.31470728005555543
0.6319554483333335 -0.14809754305555572
0.69075888433333332 -0.086027249055555532
0.71036003033333361 0.0087116199444445819
0.70055945733333347 0.080582486944444698
0.60255373033333359 0.14265278094444467
0.43267713633333282 0.2308579349444444
0.16479481533333293 0.30272880194444451
-0.2076269476666667 0.3713328109444447
-0.83813045966666677 0.038113337944444492
-0.51144470266666686 0.028312765944444429
-0.51797841766666675 -0.040291243055555648
-0.24682923866666687 0.0021779049444445864
-0.25009609666666666 -0.092560965055555319
-0.253362953666667 -0.16769868905555518
-0.031216638666666935 -0.18729983405555489
0.0047187943333324434 0.074048771944445146

Translated matrix object 17
-0.96826028611111081 -0.31071445316666679
-0.2299504751111108 -0.38585217816666662
0.75010679688888904 -0.11470299916666671
0.80237651888889006 -0.046098990166666666
0.83177823688888997 0.045373021833333568
0.81544394888888871 0.12377760383333346
0.72397193688888906 0.2021821848333335
0.51162619388888919 0.28058676683333378
0.23067644288888919 0.34592391883333345
-0.24301790511111102 0.39819363983333345
-0.94212542611111127 -0.010163557166666518
-0.6121728111111111 -0.016697272166666423
-0.62197338311111139 -0.075500708166666597
-0.31815562911111167 -0.013430414166666557
-0.33775677511111157 -0.1114361421666665
-0.34755734711111175 -0.19964129616666637
-0.086208741111112125 -0.21270872616666647
0.041198703888888577 0.10090960083333345



SCALING to UNIT Centroid Size

Scaled individual 0
2.6996402332327341
-0.365 -0.107
-0.096 -0.137
0.278 -0.058
0.299 -0.029
0.309 0.005
0.302 0.038
0.265 0.065
0.193 0.099
0.079 0.131
-0.089 0.156
-0.360 0.007
-0.222 0.007
-0.224 -0.022
-0.121 -0.001
-0.124 -0.039
-0.127 -0.073
-0.021 -0.078
0.022 0.036
Scaled individual 1
2.4050182760355168
-0.364 -0.108
-0.083 -0.141
0.276 -0.055
0.294 -0.030
0.303 0.002
0.299 0.033
0.262 0.064
0.185 0.101
0.083 0.132
-0.061 0.162
-0.354 0.009
-0.227 0.009
-0.229 -0.023
-0.140 -0.002
-0.147 -0.042
-0.148 -0.070
0.008 -0.077
0.042 0.037
Scaled individual 2
2.7143601395115038
-0.354 -0.111
-0.098 -0.142
0.280 -0.065
0.300 -0.030
0.308 0.001
0.303 0.036
0.266 0.066
0.193 0.102
0.077 0.134
-0.097 0.160
-0.345 0.012
-0.216 0.012
-0.221 -0.017
-0.135 -0.000
-0.138 -0.043
-0.141 -0.076
-0.025 -0.076
0.043 0.041
Scaled individual 3
2.7302323358890974
-0.360 -0.103
-0.093 -0.135
0.273 -0.067
0.301 -0.035
0.315 0.002
0.308 0.037
0.265 0.062
0.192 0.101
0.081 0.133
-0.086 0.159
-0.361 0.006
-0.219 0.011
-0.222 -0.020
-0.121 -0.000
-0.123 -0.039
-0.127 -0.075
-0.034 -0.074
0.011 0.038
Scaled individual 4
2.6804899841746632
-0.359 -0.123
-0.109 -0.139
0.278 -0.056
0.298 -0.022
0.308 0.010
0.304 0.043
0.265 0.072
0.191 0.109
0.079 0.142
-0.101 0.161
-0.360 -0.003
-0.211 0.004
-0.213 -0.023
-0.116 -0.005
-0.118 -0.042
-0.125 -0.079
-0.022 -0.081
0.010 0.033
Scaled individual 5
2.6480208795517717
-0.351 -0.121
-0.094 -0.139
0.278 -0.042
0.299 -0.010
0.306 0.024
0.298 0.058
0.262 0.083
0.198 0.107
0.070 0.133
-0.087 0.141
-0.361 -0.006
-0.229 -0.008
-0.235 -0.038
-0.123 -0.012
-0.126 -0.047
-0.126 -0.080
-0.003 -0.078
0.022 0.035
Scaled individual 6
2.7380819634355915
-0.376 -0.092
-0.089 -0.137
0.275 -0.068
0.296 -0.043
0.306 -0.009
0.300 0.028
0.265 0.059
0.191 0.096
0.083 0.131
-0.079 0.156
-0.358 0.022
-0.232 0.013
-0.233 -0.017
-0.121 0.004
-0.121 -0.032
-0.123 -0.070
-0.007 -0.076
0.022 0.035
Scaled individual 7
2.8605090471807015
-0.362 -0.096
-0.092 -0.129
0.281 -0.055
0.297 -0.031
0.312 0.002
0.304 0.036
0.269 0.057
0.200 0.085
0.096 0.118
-0.087 0.148
-0.365 0.012
-0.220 0.012
-0.224 -0.015
-0.128 0.004
-0.130 -0.035
-0.131 -0.067
-0.035 -0.077
0.016 0.029
Scaled individual 8
2.937878878020622
-0.369 -0.092
-0.090 -0.127
0.272 -0.066
0.302 -0.032
0.310 0.001
0.304 0.030
0.273 0.052
0.204 0.086
0.085 0.122
-0.071 0.156
-0.361 0.014
-0.218 0.010
-0.220 -0.016
-0.131 -0.003
-0.134 -0.037
-0.137 -0.062
-0.041 -0.071
0.022 0.034
Scaled individual 9
3.0593143932786155
-0.361 -0.111
-0.101 -0.134
0.278 -0.056
0.300 -0.027
0.314 0.011
0.310 0.040
0.272 0.068
0.193 0.105
0.072 0.135
-0.101 0.152
-0.353 -0.005
-0.215 0.005
-0.216 -0.024
-0.118 -0.004
-0.122 -0.038
-0.123 -0.075
-0.036 -0.079
0.007 0.037
Scaled individual 10
2.7912286557364814
-0.372 -0.113
-0.090 -0.134
0.275 -0.057
0.299 -0.023
0.308 0.011
0.294 0.039
0.260 0.070
0.194 0.100
0.076 0.130
-0.086 0.151
-0.360 0.004
-0.237 0.001
-0.237 -0.030
-0.114 -0.001
-0.117 -0.039
-0.118 -0.073
-0.012 -0.076
0.038 0.038
Scaled individual 11
2.6812782042931032
-0.362 -0.111
-0.103 -0.139
0.287 -0.054
0.303 -0.026
0.309 0.010
0.295 0.041
0.258 0.068
0.189 0.102
0.063 0.136
-0.116 0.153
-0.365 -0.003
-0.221 0.007
-0.225 -0.027
-0.109 -0.003
-0.110 -0.036
-0.116 -0.077
-0.007 -0.082
0.031 0.039
Scaled individual 12
2.6652121374939175
-0.366 -0.093
-0.097 -0.131
0.272 -0.063
0.295 -0.037
0.310 -0.004
0.302 0.032
0.265 0.058
0.197 0.090
0.099 0.127
-0.077 0.159
-0.362 0.012
-0.222 0.010
-0.223 -0.015
-0.130 0.001
-0.132 -0.035
-0.135 -0.073
-0.027 -0.075
0.031 0.039
Scaled individual 13
2.74643800599915
-0.373 -0.108
-0.082 -0.139
0.276 -0.066
0.297 -0.038
0.309 -0.001
0.299 0.027
0.261 0.060
0.189 0.096
0.083 0.136
-0.086 0.163
-0.366 0.022
-0.219 0.018
-0.222 -0.018
-0.117 0.001
-0.121 -0.037
-0.122 -0.072
-0.033 -0.082
0.026 0.038
Scaled individual 14
2.5849073480896769
-0.374 -0.098
-0.108 -0.137
0.276 -0.071
0.297 -0.042
0.307 -0.005
0.298 0.032
0.265 0.059
0.189 0.098
0.074 0.128
-0.099 0.164
-0.369 0.017
-0.220 0.012
-0.223 -0.014
-0.107 0.008
-0.110 -0.035
-0.112 -0.070
-0.018 -0.083
0.034 0.035
Scaled individual 15
2.7205096294617035
-0.366 -0.119
-0.104 -0.143
0.287 -0.044
0.304 -0.016
0.311 0.017
0.305 0.048
0.259 0.073
0.187 0.103
0.069 0.133
-0.092 0.151
-0.357 -0.005
-0.211 -0.000
-0.215 -0.024
-0.118 -0.006
-0.121 -0.046
-0.126 -0.079
-0.017 -0.077
0.005 0.034
Scaled individual 16
2.2920456297148042
-0.366 -0.106
-0.106 -0.137
0.276 -0.065
0.301 -0.038
0.310 0.004
0.306 0.035
0.263 0.062
0.189 0.101
0.072 0.132
-0.091 0.162
-0.366 0.017
-0.223 0.012
-0.226 -0.018
-0.108 0.001
-0.109 -0.040
-0.111 -0.073
-0.014 -0.082
0.002 0.032
Scaled individual 17
2.6900108583361919
-0.360 -0.116
-0.085 -0.143
0.279 -0.043
0.298 -0.017
0.309 0.017
0.303 0.046
0.269 0.075
0.190 0.104
0.086 0.129
-0.090 0.148
-0.350 -0.004
-0.228 -0.006
-0.231 -0.028
-0.118 -0.005
-0.126 -0.041
-0.129 -0.074
-0.032 -0.079
0.015 0.038

{translated and scaled (first one is consensus)} saved in 
C:/Users/vmc04/Documents/GitHub/wingproj/Gomez analysis plan/Field 18 Procrustes analysis MOG individual/2017_09_06 Field 18 ARS scaled_TRANSCALED.txt


 - Centroid sizes -  saved in 
C:/Users/vmc04/Documents/GitHub/wingproj/Gomez analysis plan/Field 18 Procrustes analysis MOG individual/2017_09_06 Field 18 ARS scaled_CS.txt


ROTATION (aligned specimens)
New sum of Procrustes distances to mean shape: 0.022758502042222926
Convergence = 0.077642671920080591
New sum of Procrustes distances to mean shape: 0.022710934048457792
Convergence = 4.7567993765134514e-05
New sum of Procrustes distances to mean shape: 0.022710755691461915
Convergence = 1.7835699587728793e-07
New sum of Procrustes distances to mean shape: 0.02271075499469374
Convergence = 6.967681744074472e-10
Procedure ROTATION
Last consensus, 

-0.3645 -0.1071
-0.0956 -0.1368
0.2776 -0.0585
0.2990 -0.0292
0.3092 0.0053
0.3020 0.0378
0.2647 0.0652
0.1926 0.0992
0.0792 0.1314
-0.0887 0.1557
-0.3596 0.0070
-0.2216 0.0071
-0.2244 -0.0215
-0.1208 -0.0014
-0.1239 -0.0390
-0.1264 -0.0734
-0.0208 -0.0780
0.0222 0.0360


rotated object 0 
-0.3633 -0.1102
-0.0820 -0.1413
0.2762 -0.0539
0.2937 -0.0280
0.3031 0.0033
0.2988 0.0345
0.2620 0.0656
0.1844 0.1018
0.0823 0.1326
-0.0618 0.1617
-0.3544 0.0067
-0.2267 0.0074
-0.2293 -0.0239
-0.1397 -0.0031
-0.1463 -0.0425
-0.1475 -0.0710
0.0087 -0.0770
0.0421 0.0373

rotated object 1 
-0.3538 -0.1129
-0.0972 -0.1429
0.2803 -0.0640
0.3006 -0.0290
0.3076 0.0023
0.3026 0.0372
0.2652 0.0671
0.1928 0.1029
0.0759 0.1348
-0.0975 0.1592
-0.3447 0.0099
-0.2160 0.0106
-0.2206 -0.0184
-0.1353 -0.0011
-0.1375 -0.0432
-0.1409 -0.0769
-0.0242 -0.0763
0.0427 0.0407

rotated object 2 
-0.3589 -0.1061
-0.0918 -0.1360
0.2737 -0.0646
0.3010 -0.0320
0.3150 0.0052
0.3075 0.0398
0.2642 0.0646
0.1909 0.1022
0.0793 0.1335
-0.0872 0.1584
-0.3611 0.0028
-0.2187 0.0088
-0.2220 -0.0223
-0.1205 -0.0011
-0.1226 -0.0406
-0.1258 -0.0765
-0.0337 -0.0745
0.0108 0.0384

rotated object 3 
-0.3614 -0.1143
-0.1120 -0.1361
0.2763 -0.0625
0.2978 -0.0289
0.3083 0.0026
0.3054 0.0356
0.2671 0.0657
0.1937 0.1041
0.0824 0.1396
-0.0975 0.1635
-0.3597 0.0052
-0.2109 0.0089
-0.2140 -0.0178
-0.1161 -0.0019
-0.1194 -0.0396
-0.1264 -0.0760
-0.0241 -0.0809
0.0103 0.0329

rotated object 4 
-0.3568 -0.1017
-0.1015 -0.1340
0.2758 -0.0567
0.2984 -0.0258
0.3064 0.0071
0.3008 0.0420
0.2664 0.0686
0.2037 0.0967
0.0770 0.1294
-0.0791 0.1452
-0.3605 0.0134
-0.2288 0.0038
-0.2365 -0.0254
-0.1230 -0.0056
-0.1286 -0.0399
-0.1304 -0.0732
-0.0070 -0.0773
0.0236 0.0335

rotated object 5 
-0.3729 -0.1041
-0.0840 -0.1399
0.2774 -0.0587
0.2969 -0.0329
0.3065 0.0008
0.2993 0.0376
0.2625 0.0674
0.1874 0.1019
0.0789 0.1341
-0.0841 0.1538
-0.3587 0.0098
-0.2320 0.0056
-0.2322 -0.0242
-0.1208 -0.0002
-0.1196 -0.0360
-0.1208 -0.0742
-0.0049 -0.0764
0.0212 0.0355

rotated object 6 
-0.3597 -0.1042
-0.0895 -0.1314
0.2822 -0.0489
0.2977 -0.0246
0.3118 0.0088
0.3030 0.0429
0.2672 0.0627
0.1981 0.0897
0.0934 0.1205
-0.0899 0.1462
-0.3655 0.0042
-0.2205 0.0074
-0.2233 -0.0201
-0.1278 0.0014
-0.1293 -0.0374
-0.1297 -0.0694
-0.0336 -0.0776
0.0155 0.0297

rotated object 7 
-0.3656 -0.1047
-0.0855 -0.1297
0.2736 -0.0564
0.3025 -0.0220
0.3103 0.0116
0.3026 0.0403
0.2708 0.0615
0.2007 0.0925
0.0806 0.1251
-0.0761 0.1532
-0.3614 0.0022
-0.2179 0.0026
-0.2193 -0.0230
-0.1308 -0.0078
-0.1330 -0.0412
-0.1343 -0.0669
-0.0385 -0.0725
0.0213 0.0352

rotated object 8 
-0.3624 -0.1053
-0.1033 -0.1326
0.2769 -0.0601
0.2998 -0.0316
0.3142 0.0066
0.3103 0.0355
0.2734 0.0638
0.1949 0.1023
0.0736 0.1340
-0.0991 0.1536
-0.3534 0.0003
-0.2144 0.0079
-0.2159 -0.0210
-0.1185 -0.0021
-0.1222 -0.0362
-0.1238 -0.0736
-0.0373 -0.0780
0.0071 0.0367

rotated object 9 
-0.3739 -0.1076
-0.0922 -0.1325
0.2740 -0.0602
0.2990 -0.0266
0.3077 0.0072
0.2940 0.0355
0.2605 0.0664
0.1954 0.0977
0.0776 0.1285
-0.0836 0.1518
-0.3595 0.0092
-0.2366 0.0041
-0.2371 -0.0264
-0.1138 0.0000
-0.1178 -0.0374
-0.1194 -0.0713
-0.0130 -0.0762
0.0389 0.0378

rotated object 10 
-0.3649 -0.1028
-0.1061 -0.1367
0.2856 -0.0603
0.3021 -0.0327
0.3090 0.0025
0.2963 0.0345
0.2592 0.0622
0.1917 0.0978
0.0658 0.1348
-0.1128 0.1559
-0.3649 0.0057
-0.2209 0.0121
-0.2253 -0.0219
-0.1091 -0.0002
-0.1110 -0.0330
-0.1181 -0.0743
-0.0086 -0.0817
0.0319 0.0381

rotated object 11 
-0.3635 -0.1037
-0.0928 -0.1335
0.2739 -0.0549
0.2964 -0.0284
0.3101 0.0051
0.3004 0.0416
0.2629 0.0662
0.1945 0.0960
0.0954 0.1298
-0.0820 0.1562
-0.3618 0.0006
-0.2221 0.0036
-0.2225 -0.0222
-0.1299 -0.0034
-0.1313 -0.0390
-0.1325 -0.0771
-0.0247 -0.0762
0.0295 0.0395

rotated object 12 
-0.3704 -0.1158
-0.0796 -0.1407
0.2769 -0.0608
0.2977 -0.0318
0.3088 0.0053
0.2987 0.0337
0.2600 0.0650
0.1867 0.1004
0.0800 0.1374
-0.0894 0.1613
-0.3659 0.0140
-0.2196 0.0134
-0.2212 -0.0223
-0.1170 -0.0011
-0.1197 -0.0392
-0.1202 -0.0749
-0.0308 -0.0826
0.0250 0.0387

rotated object 13 
-0.3718 -0.1073
-0.1042 -0.1396
0.2782 -0.0641
0.2976 -0.0345
0.3068 0.0024
0.2970 0.0401
0.2634 0.0658
0.1866 0.1030
0.0709 0.1304
-0.1031 0.1613
-0.3697 0.0078
-0.2205 0.0065
-0.2223 -0.0201
-0.1067 0.0057
-0.1094 -0.0374
-0.1097 -0.0728
-0.0159 -0.0830
0.0329 0.0358

rotated object 14 
-0.3701 -0.1062
-0.1093 -0.1393
0.2854 -0.0544
0.3032 -0.0262
0.3115 0.0060
0.3066 0.0374
0.2618 0.0642
0.1909 0.0967
0.0731 0.1308
-0.0871 0.1543
-0.3565 0.0075
-0.2112 0.0072
-0.2156 -0.0166
-0.1178 -0.0020
-0.1227 -0.0415
-0.1287 -0.0749
-0.0194 -0.0763
0.0060 0.0334

rotated object 15 
-0.3647 -0.1094
-0.1050 -0.1383
0.2763 -0.0620
0.3017 -0.0347
0.3099 0.0067
0.3053 0.0380
0.2623 0.0647
0.1878 0.1025
0.0706 0.1328
-0.0921 0.1611
-0.3658 0.0132
-0.2232 0.0102
-0.2258 -0.0197
-0.1077 -0.0001
-0.1087 -0.0414
-0.1098 -0.0742
-0.0128 -0.0818
0.0018 0.0323

rotated object 16 
-0.3634 -0.1042
-0.0899 -0.1407
0.2774 -0.0513
0.2976 -0.0264
0.3096 0.0072
0.3044 0.0365
0.2713 0.0667
0.1934 0.0983
0.0897 0.1259
-0.0857 0.1508
-0.3502 0.0072
-0.2277 0.0009
-0.2320 -0.0208
-0.1184 -0.0013
-0.1268 -0.0375
-0.1315 -0.0701
-0.0345 -0.0780
0.0165 0.0370

Aligned specimens ('coord. residuales') saved in 
C:/Users/vmc04/Documents/GitHub/wingproj/Gomez analysis plan/Field 18 Procrustes analysis MOG individual/2017_09_06 Field 18 ARS scaled_ALIGNED.txt


Orthogonal projection of the preshape data to the Kendall tangent space ('coordenadas residuales' proyectadas en un plano tangential al espacio de la forma) saved in 
C:/Users/vmc04/Documents/GitHub/wingproj/Gomez analysis plan/Field 18 Procrustes analysis MOG individual/2017_09_06 Field 18 ARS scaled_ProcrRes.txt


ITERATION 1 : consensus:
-0.37432435193924063 -0.065147456080198285 -0.11050021843495855 -0.12507826703436956 0.26924945293329905 -0.0895051282235729 0.29381034945829848 -0.062844975170350953 0.30782033707897449 -0.029685851783626795 0.3042960541053073 0.0033860046539241602 0.27039453624209941 0.034796215277526119 0.20254555950296588 0.07676760517529542 0.093570626260429279 0.12160016607459806 -0.070531378838152567 0.16477631275460844 -0.35652501134250897 0.047680403537642857 -0.21940198577525105 0.032163616413228645 -0.22541156803786422 0.0040055442804913669 -0.12013209206676458 0.01228539923820555 -0.12749286937889612 -0.024728469134876929 -0.13393778869794928 -0.058588473222893317 -0.029534804496919691 -0.075166418666650053 0.026105153427132169 0.033283771911018598


ITERATION 2 : consensus:
-0.37432040641136549 -0.0651700602342251 -0.1104926472286995 -0.12508482520531089 0.26925480573186927 -0.089488868419588447 0.29381409548443904 -0.062827222772254082 0.30782211234204343 -0.029667243931443613 0.3042958315486135 0.0034044195091654564 0.27039242409408615 0.034812596076647009 0.20254094737177572 0.076779882374675978 0.093563321497731111 0.12160594973026458 -0.070541298243384148 0.16477225565734102 -0.35652787456121404 0.04765888436162051 -0.21940389796116169 0.032150312953497864 -0.22541179813783777 0.003991880903557541 -0.12013281897492882 0.012277953223905161 -0.1274913637646217 -0.024736373677551503 -0.13393428169299096 -0.058596747401743227 -0.029530296831794259 -0.075168202493623423 0.026103145737439899 0.033285409345065103


PARTIAL WARPS scores (mdonnees_pw) 

Componente NO UNIFORME:
Las diferencias entre cada objeto y el consenso se proyectan utilizando los eigenvectores arriba 
(se multiplica una matriz 'k . p' de diferencias entre coordenadas (objeto versus referencia) 
por la matriz de dimensiones 'p . (p-k-1)' de los principal warps). 
Resulta entonces una matriz de dimensiones 'k . (p-k-1)' 
(la matriz final tendra 'kp-k2-k' + 2 columnas para el componente uniforme) 

Componente UNIFORME:
Estas diferencias se estiman AQUI de acuerdo a las formulas propuestas por Rohlf, 1996 

0.00066253243201071666 -0.00042156940810826821 0.0014848431188221381 -0.0037498166238574718 0.0029590540541066523 -0.0024143348774112836 -0.00073554580637758449 0.00088918737579964731 -0.0028276504448026978 -0.00079203276533502238 -0.0021635518681370619 0.0044599470189018581 -0.0017969515075243973 0.00055323619819001868 0.00011493430550459614 -0.0051963969982045961 0.034534090550596502 -0.0045893902041522277 0.004011181976715932 0.0020290584268936084 -0.023093494499094865 0.0024166135995739722 -0.0070423684885566919 0.0013988401700199965 -0.036649498738249665 -0.0016196726758235546 -0.019311281065557878 0.0028664302777589019 -0.0092489552586634306 -0.00058753343415061639 0.0099416668837331405 0.0044953518501521629
0.0021402749244640042 0.0024783034026342205 0.0024373766189731859 -0.0022772839468964759 -0.00096802474695124755 0.0014313227373385208 -7.1011572907550801e-05 0.0027073698782902915 0.00028355713929529994 0.00090680982123342757 -0.0011666624536272334 0.00021362927073711693 0.014031523046305033 -0.0021891221753539292 0.0043710760703434496 -0.001087181959730163 0.017797085202189741 0.0029947580538239055 0.001436860209649944 0.00026375289310347303 -0.0031249010637774324 -0.0024841918384309082 0.018835654431127009 0.0043294849649360015 -0.0098022000592446808 0.0015971325158472053 -0.011823087714489797 0.0017825265549038364 0.019268266738787586 -0.0036703190506736667 0.0021761643368052056 0.012528607382098477
0.00037631675118317308 0.00082251147726092777 0.0012990243435737259 0.00029893588183755009 -0.00090837724619983226 -0.0012255530713669318 -0.00035393889666019709 -0.00072358697380535788 0.0033365626424680067 0.0027711602556493228 -0.0034256753107561239 -0.0020301459520506563 0.00038262116170725662 -0.0023063282064856691 0.0060415535576601263 -0.00034881971774052586 -0.0023552907276000049 0.0063351617440110851 0.0026974971880085979 -0.0023609939328559058 0.0061590744094659903 -0.00027749805110827429 -0.012164028158956758 -0.00051381937764020621 0.0079176114838471479 0.00083749546682414223 0.0052335198277927968 -0.0048440312671914638 0.0092063639270255678 -0.0049917083525700132 -4.0725719810724942e-05 0.0050472014445279651
0.0014670456690771847 0.0016042605964099771 8.1491036706050901e-05 0.001234546546724862 -0.00028372957162192333 0.002693028132166703 -0.0011051246828720366 0.0024752624126228653 -0.002928960604872341 0.0012727352869825335 0.0019587875479046748 -0.0015565234366827154 -0.012859675146258708 -4.0273251099264711e-05 -0.0018562957384040677 0.00038423737056789392 -0.0016211196479368041 0.00029856646450325438 0.00071498184050806154 0.0084880049276700245 0.010616953849659033 -0.00055567792030493824 0.0082581940190251425 -0.003914138465897431 0.01457367880619209 0.00024728149487864855 0.0095794932654837406 0.00034309692842214649 0.0092126806990151071 -0.0058639817023804774 0.0057450398521985474 0.012556432592051334
0.0017550401279125252 0.0014195871722752047 -0.0014119592876464914 0.00088678148144660015 -0.0030705592872312414 -0.00084891689747818933 0.00079308917075492406 0.000725377788652809 0.0041981707210172227 -0.0029931778538761166 0.0022111437118047333 -0.00011347028359367282 -0.0069782434323021839 0.00038694776172634162 -0.014092026596544504 0.0052940023789687252 0.0031161500466829182 -0.0029975481771737202 -0.0082001239925304642 -0.00029971730412543687 -0.0064565187148108542 -0.0040767912667109387 -0.0047667283981742128 0.0023044322685373897 -0.0081703457683227169 0.0027597571022341489 -0.015088023852275211 -0.0037284234710150462 0.00096349989001742623 0.009730971792428985 0.0046286829941668715 -0.010578002273157232
-0.00013788152657109022 0.00072508499931979225 0.0010438104192481005 0.0017437914880020769 0.0018033600448146511 -0.001115919660288556 -0.00026419573853577729 -0.0015182401258579806 -0.0024273226268989329 -0.003200852249494636 0.0018934071663440268 -0.00036181350227686788 -0.0050093660947801372 -0.0021068316239510072 6.4620416627140002e-05 -0.0031558327183266173 -0.0047943159741599736 -0.0031468303712692981 -0.00086592917748910369 -0.0022005633013085016 -0.015440819282363084 0.0012941645996687394 -0.0065394761538246741 0.0032008507630085113 -0.0070637686649974597 0.0025839180414897185 -0.0047043426142097189 -0.0050347383711366132 -0.016409252895382354 0.0025983286444364621 -0.0080866026418723643 0.0039692263261052107
-0.0031053503227341673 0.0011126506632056924 0.00075381045327164975 -0.0017352722745851109 -0.0013573383358588512 -0.00021985060780639604 -0.0025885719916746036 -0.0035351973645534199 -0.0027812587927103041 -0.0021518311612188697 -0.0035469742913330484 -0.0012590439160628569 0.0013949284899775318 -0.00051242435159710911 0.0055954164698294789 0.00048339607904339973 -0.0011733011882207446 -0.0011820559755082733 0.015002027756259591 -0.0032631216718529499 0.011096923361935128 0.00039983384344305058 -0.0071679727411439352 -0.00089659554013402131 0.0038890776554922611 0.00023357417046882228 -0.0069433456358272312 0.010071698128079157 0.0074780341040480338 0.0033641126861991121 0.0016986538426831687 -0.02135073628305241
0.0015651265134755559 0.00061083116604752387 0.0023059792943051606 -0.0024746420272179805 0.0021777442568272987 -0.00021424774991676341 0.0045223898182942777 0.0010766721991836595 0.0033616198172490364 0.0035531230158063363 -0.0033753154327024327 0.0063221214287631959 0.014883005411052121 -0.0018672042211147085 0.0016767313745192764 0.004608520707152221 0.0093252807564808606 0.0022858013684576156 0.014036842139435797 -0.002290211562218774 0.0017480817213737087 -0.0021649291396333846 -0.013577286006963427 -0.0048459136514568957 0.0020109308941406467 -0.0048774983761721517 -0.00026028232577131024 0.00053100760546075597 0.0080203176876009752 -0.0015171833133278663 0.011282087084422604 -0.017339635929134317
-0.00078584467072315752 -0.0024713414547783523 -0.0011974740016880813 0.0031048380843795406 0.00017575791814053259 -0.00067369683838846021 -0.00097361723962065857 2.0008754505366289e-05 -0.0022675306353270707 0.0028358099509963619 1.3921378782559861e-05 -0.0011740061659879753 0.00076013332797699416 -5.4750009496304895e-05 0.0007729989661095513 0.00027653624727465602 -0.0057937038544378407 0.0019590561106637111 0.0015152690096942771 0.001969535418051907 0.0045925728869807532 0.0044930250955920337 0.00082953916677320182 -0.00166499711111366 0.020764411812128382 0.001135969437470183 0.011747344527408953 -0.005445904721773781 0.019695782100569638 -0.0072693647965402369 -0.0010754578746642871 -0.0014403997122381012
-0.0011109657200284223 -0.00064323928230682937 -0.0013080666417196855 0.00015152194599907389 0.0022456775769088659 -0.001026337946076058 0.003944650571195028 0.0039748003988630759 0.0060107428516049059 0.00046541144485798784 0.0017893132390058492 -0.0015838837715772725 0.0083875769180215796 0.0013098568652211528 -0.0021271929326748284 0.0015311366080484601 -0.010757216126264428 -0.0023395633459428514 -0.011959164223451883 -0.0017208472487468182 -0.0097611427136770432 -0.0034985236573669707 0.0022562614714486916 0.0001039697749232825 -0.010392143661046425 0.0009497944795864193 -0.0082369405960602306 -0.0012617034240782437 -0.021054362672757638 0.00067491450697984134 0.0002604432586133398 -0.0062035896621995363
-0.001319534878378431 -0.00052257389581797874 0.00028646071500025501 0.0049383585988366403 -0.0029166726972640489 -0.0035662411295869006 -0.00025277302941520982 -0.00017428548487291102 0.0027386138643580348 -0.00089235836852836483 0.0037392290956968664 -0.0020573643803333225 -0.0027571518434066911 0.0011902413364110718 -0.0088669568027528282 0.0024821337823743316 -0.0068937934231825763 -0.00066824556718511749 -0.015387642480585773 0.0015203036774457642 0.0067462596513482402 0.0059034267853611882 0.024015434848834231 -0.0019863077530516094 0.0035862162049154584 0.00010856739107150017 0.0042566953227034226 -0.0013003999373099599 -0.0096716708570336735 -0.0011425500377940624 -0.023231450181098047 0.0057087124718805948
-0.0015408096565071492 0.0016109762834813544 0.0017328445886590649 0.002688889081825701 0.0015579384497014736 0.0014385148464185044 -0.00015109349458110544 -0.0025664233686654952 0.00081932759759246348 -0.0029596830167149986 -0.00022502580274030197 -0.0012941132160522988 0.0021055706612933271 0.0012300064304578983 0.0097620099488269219 -0.00067681009844427153 0.0075824553904101245 0.004224970426132799 0.0086343706027446482 -0.0038688549745266557 0.0048766025922361098 0.00230745117473029 -0.0020704853522249041 -0.0031122484874975226 -0.0065035748638990424 -0.0031068114088396138 -0.01127160022178887 -0.0014666031038879659 -0.0013545460264072183 -0.0010502985086667347 0.013247635340623861 -0.0064070438917290121
-0.0015495801472630514 -0.0026472427884770473 0.00052947331678074414 0.00053328160896839766 -7.2048110366953815e-05 -0.0034702452675878597 0.00025037331373461188 0.0020383061305460979 0.00010082027880038688 6.1931652204207295e-05 -0.0048072122597111137 -0.00013749785765491273 0.011817400190272515 0.00086893251205118292 0.0092518758161440756 0.001550497644620273 -0.0036030477451768671 -0.0019798636325237561 0.0074477279108110233 0.0034634424507331415 0.0041539187718649621 -0.0039077785589694877 -0.0051006037152001599 0.0055378959240960021 0.0028654910416725287 -0.0018482017088084762 0.0060198603161631245 0.0037098230392672927 -0.012010935918938346 -0.00011487685753073509 -0.0046687095961377408 0.015333004234817604
-0.0012744164082910412 0.0013201437690679061 -0.0037723459672838631 -0.0013980742990781564 -0.0011058410901939194 0.0021709382703973385 0.0013537496593593694 -0.0032267517284265733 -0.0022815458756381868 0.001191460982770363 0.0070463044631328816 -0.0032795344203781652 0.0022010377621437013 0.0021914090463723288 -0.0023270257811495052 -0.0024282358998339733 -0.0083469456145262855 -0.0016188461542673215 -0.016118436689791245 -0.0030159605750857974 0.0080484162614800712 3.0722468091763059e-05 0.014839068383458984 -0.0047953399974518442 0.0090426554304986421 0.004188463854724613 0.0099551473789745906 0.00073185120796444801 -0.019137110066040876 0.00075676229653432749 -0.011912675782149017 0.011313261863698316
0.0016246856657509373 0.00012668365373724792 -0.00072417496338945454 -0.0012701919284635534 0.00014428651087958235 0.0034568734550859165 -0.0042314376139352535 0.00044230620025427383 6.8782029133748236e-05 -0.0010376890792576929 0.0021919132416211738 0.00058804834841348164 -0.013275046909919513 -0.001980994411148883 -0.0071927848777592895 0.00015206964823322397 0.00043273541899680693 0.0020187451786638187 0.0040003600889477742 0.001905735936762129 0.00094423372559680535 0.0016040739475663901 0.0040248406103204695 0.0018609561670900119 0.0022613550091480626 -0.0027876544601396938 0.021784927130563202 0.00087990028120403247 0.010259764234033837 0.0026088429705348106 0.0012140706485827184 -0.002957145254830026
0.0024740489461478432 -0.0033094246237554397 -0.0034831234429715664 -0.0014967175784891629 -0.0014923692653232297 -2.2111197854450568e-05 -0.00064977578976148007 -0.002335151616362809 0.00074908143031913771 0.0020109653722257571 0.0072387370024391169 -0.0023517270283619131 -0.017845664694331541 0.00202992467114709 -0.0070998152456546015 0.00074216399508813592 -0.015460951222213068 0.0010141036051640362 -0.010992276161058939 0.0039922609715794966 0.0019941664242014131 -0.0039090980792695299 -0.0072768227710032279 -0.0010576918908505773 0.011566142114590601 0.0016144108474289241 0.01533788370247503 0.00098758693794576092 -0.0049978402376351025 0.003776449081222552 -0.011855496843518207 0.011722291226182006
-0.0012406876995252293 -0.0018156417301959957 -5.7969600641227958e-05 -0.0011789460394325646 0.001111141539631518 0.0036067778023547588 0.00051283332300304226 -0.00026965447617358242 -0.0061530093915897355 -0.0010417832883005515 -0.0093723394277243112 0.0056153778641970667 0.004558302659773571 0.0012973734286696275 0.0059108810493741573 -0.0046114170690912167 -0.011988111841638676 -0.0026088195233975142 0.0040264540021322974 -0.0046118241315189091 -0.0031003273824190603 0.0024251769977670814 -0.0073532211449393002 0.004050622242482667 0.00010396130313477777 -0.0020165261722408226 -0.0062759674455844603 0.001177883335386706 0.0097799645517594683 0.002697434075298362 0.0084503125946078037 -0.0088401397245517765


{partial warps scores - U1 y U2 en las dos ultimas columnas} saved in 
C:/Users/vmc04/Documents/GitHub/wingproj/Gomez analysis plan/Field 18 Procrustes analysis MOG individual/2017_09_06 Field 18 ARS scaled_PW.txt


Relative warps

0.05290606463358543 -0.024281957253763566 -0.011712158165122964 0.012906385576685393 0.0094399719027021198 0.0050618036329050939 0.00051176324160734734 -0.0019958258927651089 0.00067298830402595081 -0.0026426351150244912 0.0029229122767226588 -0.0036635736336637094 -0.0030580382665082195 0.00045059774522916154 0.0011770470458324434 0.00029798639320375653 8.1759008200774086e-17 -1.4162390878091902e-17 9.4969334046152154e-18 -3.7377869896437765e-17 5.4467606640240529e-17 5.7845574033890679e-17 3.6710407934001377e-17 4.3561210411394158e-17 -7.4869242207807607e-18 1.4797242072059e-17 -1.2940630554972299e-16 -4.9459947856073105e-17 -6.7762635780344027e-20 1.0685320629612999e-17 2.904306569545545e-17 -1.3404804610067655e-16
0.017395965645739461 0.0012126217712909542 -0.034035838335215653 -0.010423654563140379 -0.0062538146914560312 -0.0091276446517365353 0.00077836205049796367 -0.0011749641629322817 -0.0029257468309834582 0.0045441015136665928 0.0018049216143070884 0.0036358609476485402 0.0021628352216157844 0.001948933041755605 -0.0010343495044554392 -0.0007765828858347795 -1.9735867671025198e-17 1.2075301696057306e-17 5.8919611811009132e-18 2.6373217845709895e-17 1.3105293759918535e-17 -6.2012976134381836e-17 -2.1944929597464413e-17 -6.231113173181535e-17 4.9135534237274708e-17 1.7715694091823692e-18 1.427826498527629e-16 3.0974300815195255e-17 2.6928871459108716e-17 -1.5674344688940828e-17 -2.5614276324970042e-18 1.4583874472645642e-16
... ... ... ...

RELATIVE WARPS saved in 
C:/Users/vmc04/Documents/GitHub/wingproj/Gomez analysis plan/Field 18 Procrustes analysis MOG individual/2017_09_06 Field 18 ARS scaled_RW.txt


{centroid size AND partial warps scores - U1, U2 last columns - first column is size} saved in 
C:/Users/vmc04/Documents/GitHub/wingproj/Gomez analysis plan/Field 18 Procrustes analysis MOG individual/2017_09_06 Field 18 ARS scaled_PW_CS.txt
First column is centroid size
Centroid sizes 	 tamanhos centroides 	1.00	1.00	1.00	1.00	1.00	1.00	1.00	1.00	1.00	1.00	1.00	1.00	1.00	1.00	1.00	1.00	1.00
Native, unrounded sizes 
2.4050182760355168 2.7143601395115038 2.7302323358890974 2.6804899841746632 2.6480208795517717 2.7380819634355915 2.8605090471807015 2.937878878020622 3.0593143932786155 2.7912286557364814 2.6812782042931032 2.6652121374939175 2.74643800599915 2.5849073480896769 2.7205096294617035 2.2920456297148042 2.6900108583361919

