
C:/Users/vmc04/Documents/GitHub/wingproj/Gomez analysis plan/Field 18 Procrustes analysis MOG individual/2017_09_06 Field 18 TPN scaled Informe de MOG
Please do NOT use pink buttons or pink menu functions
Possible (COO generated) INPUT FILE: '..._format.txt', or '..._scaled.txt'
Please open an INPUT FILE, then enter the sample sizes of successive groups, each number separated by a space; otherwise just enter the total sample size.
FICHIER: 
C:/Users/vmc04/Documents/GitHub/wingproj/Gomez analysis plan/Field 18 Procrustes analysis MOG individual/2017_09_06 Field 18 TPN scaled.txt
Field18TPN scaled- 17 

17	configuraciones
18	landmarks

CONFIGURATION 1 :
1.79023795 1.385147611 2.446876322 1.283875026 3.668681055 1.519088771 3.740551921 1.617094499 3.763419924 1.711833368 3.737285064 1.796771665 3.616411333 1.878443105 3.410599306 1.966648259 3.100247837 2.054853413 2.538348334 2.110389992 1.77717052 1.68243165 2.211662577 1.711833368 2.195328289 1.613827641 2.322735734 1.636695644 2.326002592 1.54849049 2.319468877 1.476619623 2.750694077 1.463552193 2.891168952 1.773903662
CONFIGURATION 2 :
2.257398583 1.352479035 3.083913549 1.283875026 4.122774257 1.473352765 4.194645124 1.568091635 4.220779984 1.659563647 4.214246269 1.747768802 4.109706827 1.832707099 3.900627942 1.927445968 3.609877618 2.012384265 3.139450128 2.077721416 2.299867731 1.679164793 2.718025501 1.672631077 2.721292358 1.590959638 2.92057067 1.626895071 2.927104386 1.538689917 2.92057067 1.45375162 3.266857573 1.437417332 3.368130158 1.751035659
CONFIGURATION 3 :
2.270466013 1.153200723 2.956506104 1.025793278 4.171777121 1.136866435 4.243647987 1.221804732 4.263249133 1.296942457 4.250181703 1.404748756 4.165243406 1.496220768 3.972498809 1.600760211 3.619678191 1.744501944 3.142716985 1.852308244 2.32926945 1.492953911 2.740893504 1.460285335 2.718025501 1.372080181 2.936904958 1.388414469 2.940171816 1.310009887 2.92057067 1.21200416 3.325661009 1.163001296 3.44653474 1.479886481
CONFIGURATION 4 :
1.829440241 1.568091635 2.590618055 1.486420196 3.730751348 1.705299653 3.776487355 1.767369947 3.815689645 1.868642532 3.812422788 1.966648259 3.717683918 2.054853413 3.479203315 2.156125998 3.162318131 2.23453058 2.639620919 2.299867731 1.842507671 1.868642532 2.24759801 1.875176247 2.237797438 1.786971092 2.459943753 1.839240814 2.479544898 1.741235086 2.46321061 1.662830505 2.851966661 1.646496217 3.005508967 1.973181974
CONFIGURATION 5 :
2.045052841 1.421083044 2.825831801 1.300209314 3.910428515 1.535423059 3.936563376 1.597493353 3.965965094 1.679164793 3.959431379 1.764103089 3.818956503 1.855575102 3.67521477 1.940513398 3.371397015 2.051586556 2.884635237 2.133257995 2.064653986 1.718367083 2.505679759 1.721633941 2.508946616 1.65629679 2.675556352 1.675897935 2.662488922 1.57462535 2.639620919 1.502754484 2.998975252 1.473352765 3.165584988 1.793504808
CONFIGURATION 6 :
1.839240814 1.639962502 2.597151771 1.486420196 3.397531876 1.571358493 3.492270746 1.662830505 3.518405606 1.734701371 3.528206179 1.809839096 3.44653474 1.881709962 3.279925003 1.963381401 3.061045546 2.051586556 2.652688349 2.152859141 1.888243677 1.878443105 2.231263722 1.852308244 2.218196292 1.793504808 2.391339744 1.813105953 2.401140316 1.734701371 2.384806028 1.659563647 2.731092931 1.617094499 2.819298086 1.862108817
CONFIGURATION 7 :
2.205128862 1.636695644 3.031643828 1.483153338 4.086838824 1.630161929 4.129307972 1.692232223 4.168510263 1.764103089 4.161976548 1.862108817 4.070504536 1.960114544 3.867959367 2.071187701 3.570675327 2.188794574 3.106781552 2.293334016 2.231263722 1.930712826 2.655955207 1.920912253 2.623286631 1.832707099 2.842166089 1.855575102 2.81276437 1.760836232 2.809497513 1.66936422 3.234188997 1.649763074 3.345262155 1.940513398
CONFIGURATION 8 :
2.103856277 1.375347038 2.891168952 1.202203587 3.861425651 1.31981046 3.933296518 1.411282472 3.979032524 1.499487626 3.969231951 1.584425923 3.881026797 1.675897935 3.70134963 1.793504808 3.417133021 1.89804425 2.936904958 1.996049977 2.143058568 1.66936422 2.489345471 1.633428787 2.473011183 1.56155792 2.646154634 1.571358493 2.626553489 1.486420196 2.610219201 1.414549329 3.093714122 1.35901275 3.211320994 1.653029932
CONFIGURATION 9 :
2.283533444 1.532156202 3.103514694 1.398215041 4.184844551 1.56155792 4.230580557 1.639962502 4.273049706 1.741235086 4.263249133 1.858841959 4.165243406 1.937246541 3.982299382 2.051586556 3.671947912 2.152859141 3.132916413 2.244331153 2.309668304 1.842507671 2.737626646 1.832707099 2.724559216 1.744501944 2.946705531 1.786971092 2.927104386 1.679164793 2.90750324 1.577892208 3.358329585 1.564824778 3.462869027 1.901311108
CONFIGURATION 10 :
1.849041386 1.123799005 2.629820346 0.993124702 3.776487355 1.120532148 3.877759939 1.22507159 3.9038948 1.329611032 3.877759939 1.421083044 3.776487355 1.509288199 3.59354333 1.613827641 3.273391288 1.721633941 2.747427219 1.826173383 1.907844823 1.447217905 2.34233688 1.417816187 2.326002592 1.339411605 2.508946616 1.372080181 2.495879186 1.267540738 2.495879186 1.185869299 2.989174679 1.156467581 3.067579261 1.473352765
CONFIGURATION 11 :
2.00585055 0.963722984 2.819298086 0.846116111 3.920229088 1.071529284 4.005167385 1.179335584 4.028035388 1.257740166 4.031302245 1.352479035 3.91696223 1.44068419 3.720950776 1.538689917 3.420399879 1.643229359 2.858500376 1.741235086 2.015651123 1.283875026 2.378272313 1.274074454 2.361938025 1.182602441 2.593884913 1.221804732 2.610219201 1.133599578 2.593884913 1.051928139 3.070846119 1.032326993 3.221121567 1.365546466
CONFIGURATION 12 :
1.862108817 1.69549908 2.518747189 1.613827641 3.685015342 1.826173383 3.792821642 1.937246541 3.818956503 2.015651123 3.815689645 2.110389992 3.720950776 2.195328289 3.466135885 2.299867731 3.1492507 2.384806028 2.629820346 2.430542034 1.875176247 2.028718553 2.303134589 2.038519126 2.303134589 1.966648259 2.502412901 1.999316835 2.492612328 1.891510535 2.492612328 1.806572238 2.871567807 1.800038523 2.972840392 2.110389992
CONFIGURATION 13 :
2.178994001 1.185869299 2.914036955 1.084596714 3.998633669 1.287141884 4.070504536 1.388414469 4.116240542 1.476619623 4.106439969 1.555024205 4.001900527 1.643229359 3.792821642 1.734701371 3.449801597 1.826173383 2.998975252 1.891510535 2.198595147 1.489687053 2.57101691 1.486420196 2.55794948 1.408015614 2.809497513 1.470085908 2.796430083 1.355745893 2.77356208 1.277341311 3.1492507 1.274074454 3.270124431 1.57462535
CONFIGURATION 14 :
2.224730007 1.577892208 2.949972389 1.408015614 4.13257483 1.54849049 4.175043978 1.626895071 4.217513127 1.724900799 4.207712554 1.826173383 4.139108545 1.914378538 3.913695373 2.045052841 3.616411333 2.156125998 3.126382697 2.267199156 2.270466013 1.89804425 2.724559216 1.888243677 2.688623783 1.786971092 2.943438673 1.819639668 2.917303813 1.715100226 2.92057067 1.626895071 3.286458719 1.584425923 3.420399879 1.89804425
CONFIGURATION 15 :
2.293334016 1.437417332 3.02837697 1.31981046 4.109706827 1.424349902 4.194645124 1.522355629 4.233847415 1.630161929 4.233847415 1.698765938 4.126041115 1.793504808 3.949630806 1.894777392 3.622945049 1.996049977 3.142716985 2.084255132 2.34233688 1.747768802 2.734359789 1.718367083 2.740893504 1.653029932 2.927104386 1.679164793 2.927104386 1.577892208 2.927104386 1.515821914 3.345262155 1.463552193 3.45960217 1.751035659
CONFIGURATION 16 :
2.025451695 1.460285335 2.77356208 1.31981046 3.7960885 1.476619623 3.851625079 1.555024205 3.881026797 1.633428787 3.864692509 1.718367083 3.769953639 1.80330538 3.603343903 1.914378538 3.309326722 2.025451695 2.829098658 2.116923707 2.045052841 1.751035659 2.420741462 1.718367083 2.404407174 1.653029932 2.636354062 1.68243165 2.606952343 1.587692781 2.610219201 1.512555056 2.995708395 1.479886481 3.13618327 1.77717052
CONFIGURATION 17 :
1.99278312 1.476619623 2.646154634 1.375347038 3.658880482 1.551757347 3.727484491 1.639962502 3.760153067 1.724900799 3.743818779 1.822906526 3.649079909 1.907844823 3.469402743 2.002583692 3.152517558 2.094055704 2.708224928 2.159392856 1.963381401 1.754302517 2.319468877 1.764103089 2.32926945 1.688965365 2.528547762 1.718367083 2.515480331 1.646496217 2.522014046 1.564824778 2.838899231 1.551757347 2.979374107 1.835973956

CONFIGURATION CONSENSUS 
2.062 1.411 2.812 1.289 3.895 1.456 3.963 1.544 3.996 1.632 3.987 1.724 3.888 1.811 3.693 1.913 3.387 2.014 2.895 2.099 2.088 1.715 2.490 1.705 2.478 1.625 2.682 1.656 2.674 1.562 2.665 1.481 3.068 1.454 3.191 1.760

TRANSLACION de los OBJETOS sobre UN mismo CENTROIDE

Translated matrix object 0
-1.0443333333333333 -0.24738888888888863
-0.29433333333333367 -0.36938888888888866
0.78866666666666763 -0.2023888888888889
0.85666666666666724 -0.11438888888888883
0.8896666666666676 -0.026388888888888809
0.88066666666666726 0.065611111111111259
0.78166666666666706 0.152611111111111
0.58666666666666678 0.2546111111111109
0.28066666666666673 0.35561111111111099
-0.21133333333333323 0.44061111111111129
-1.0183333333333331 0.05661111111111114
-0.61633333333333284 0.046611111111111131
-0.62833333333333274 -0.033388888888888815
-0.42433333333333312 -0.0023888888888887877
-0.43233333333333335 -0.096388888888888705
-0.4413333333333328 -0.17738888888888876
-0.038333333333332997 -0.20438888888888876
0.084666666666666668 0.10161111111111132

Translated matrix object 1
-1.0212559757777775 -0.29438016566666642
-0.36461760377777758 -0.39565275066666672
0.85718712922222196 -0.16043900566666641
0.92905799522222221 -0.062433277666666245
0.9519259982222219 0.032305591333333133
0.92579113822222192 0.11724388833333335
0.80491740722222227 0.19891532833333292
0.59910538022222237 0.28712048233333343
0.28875391122222244 0.37532563633333338
-0.27314559177777764 0.43086221533333335
-1.0343234057777775 0.0029038733333334454
-0.599831348777778 0.032305591333333133
-0.61616563677777769 -0.065700135666666618
-0.48875819177777785 -0.042832132666666828
-0.48549133377777792 -0.13103728666666659
-0.49202504877777814 -0.20290815366666684
-0.060799848777778054 -0.21597558366666669
0.079675026222222112 0.094375885333333187

Translated matrix object 2
-1.0757036018888888 -0.29673956305555549
-0.24918863588888865 -0.36534357205555551
0.78967207211111112 -0.17586583305555548
0.86154293911111202 -0.081126963055555196
0.88767779911111155 0.010345048944444699
0.88114408411111134 0.098550203944444734
0.77660464211111158 0.18348850094444485
0.56752575711111131 0.27822736994444458
0.27677543311111152 0.36316566694444469
-0.19365205688888845 0.42850281794444506
-1.0332344538888885 0.029946194944444546
-0.61507668388888859 0.023412478944444579
-0.61180982688888841 -0.058258960055555503
-0.41253151488888828 -0.022323527055555473
-0.40599779888888865 -0.11052868105555555
-0.41253151488888851 -0.19546697805555552
-0.06624461188888886 -0.21180126605555544
0.035027973111111166 0.10181706094444443

Translated matrix object 3
-1.0858671592222222 -0.22523168077777783
-0.39982706822222219 -0.35263912577777778
0.81544394877777748 -0.24156596877777775
0.88731481477777774 -0.15662767177777792
0.90691596077777803 -0.081489946777777489
0.89384853077777759 0.02631635222222245
0.80891023377777815 0.117788364222222
0.61616563677777847 0.22232780722222242
0.26334501877777838 0.36606954022222227
-0.21361618722222234 0.47387584022222229
-1.0270637222222221 0.11452150722222237
-0.61543966822222185 0.081852931222222314
-0.63830767122222221 -0.006352222777777583
-0.41942821422222204 0.0099820652222221695
-0.41616135622222206 -0.06842251677777772
-0.4357625022222219 -0.16642824377777776
-0.03067216322222191 -0.21543110777777777
0.090201567777778102 0.10145407722222233

Translated matrix object 4
-1.0673549658333334 -0.29310972116666667
-0.30617715183333266 -0.37478116016666674
0.83395614116666672 -0.15590170316666657
0.87969214816666663 -0.09383140916666638
0.91889443816666661 0.0074411758333331746
0.91562758116666676 0.10544690283333349
0.82088871116666662 0.19365205683333345
0.5824081081666671 0.29492464183333322
0.26552292416666712 0.37332922383333345
-0.2571742878333329 0.43866637483333326
-1.054287535833333 0.0074411758333332856
-0.64919719683333321 0.013974890833333281
-0.6589977688333335 -0.074230264166666893
-0.43685145383333268 -0.021960542166666625
-0.41725030883333286 -0.11996627016666647
-0.43358459683333306 -0.1983708511666665
-0.044828545833332623 -0.21470513916666675
0.10871376016666723 0.11198061783333357

Translated matrix object 5
-1.0446684548333334 -0.26751933705555558
-0.26388949483333324 -0.38839306705555571
0.82070721916666722 -0.15317932205555546
0.84684208016666718 -0.091109028055555194
0.87624379816666709 -0.0094375880555555985
0.86971008316666731 0.075500707944444426
0.72923520716666668 0.1669727209444441
0.58549347416666697 0.2519110169444444
0.28167571916666667 0.36298417494444435
-0.20508605883333339 0.44465561394444425
-1.0250673098333332 0.029764701944444374
-0.58404153683333349 0.033031559944444192
-0.58077467983333353 -0.032305591055555513
-0.41416494383333324 -0.012704446055555582
-0.42723237383333346 -0.11397703105555555
-0.45010037683333348 -0.1858478970555556
-0.090746043833333179 -0.21524961605555565
0.075863692166666663 0.10490242694444429

Translated matrix object 6
-0.9317803763333331 -0.14700859061111113
-0.17386941933333347 -0.30055089661111101
0.6265106856666659 -0.21561259961111115
0.72124955566666638 -0.1241405876111108
0.74738441566666636 -0.052269721611110653
0.75718498866666606 0.022868003388888947
0.67551354966666655 0.094738869388889091
0.50890381266666618 0.17641030838888905
0.29002435566666662 0.26461546338888914
-0.11833284133333358 0.36588804838888878
-0.88277751333333343 0.091472012388888801
-0.53975746833333338 0.06533715138888907
-0.5528248983333337 0.0065337153888889166
-0.37968144633333312 0.026134860388888903
-0.36988087433333317 -0.052269721611110931
-0.38621516233333342 -0.12740744561111106
-0.039928259333333299 -0.1698765936111109
0.048276895666666597 0.075137724388889104

Translated matrix object 7
-1.0700773470555558 -0.20454158261111091
-0.24356238105555528 -0.35808388861111079
0.81163261494444472 -0.21107529761111068
0.85410176294444495 -0.14900500361111099
0.89330405394444368 -0.077134137611111264
0.88677033894444479 0.02087159038888893
0.79529832694444436 0.11887731738888881
0.59275315794444428 0.22995047438888855
0.29546911794444464 0.34755734738888916
-0.1684246570555552 0.45209678938888886
-1.0439424870555554 0.089475599388888896
-0.6192510020555555 0.079675026388888973
-0.65191957805555567 -0.0085301276111109936
-0.43304012005555537 0.014337875388888921
-0.46244183905555558 -0.080400994611111165
-0.46570869605555532 -0.17187300661111118
-0.041017212055555446 -0.191474152611111
0.070055945944444531 0.099276171388889001

Translated matrix object 8
-1.0054661641666667 -0.18602938994444462
-0.21815348916666649 -0.35917284094444424
0.75210320983333323 -0.24156596794444452
0.82397407683333312 -0.15009395594444441
0.86971008283333251 -0.061888801944444211
0.85990950983333281 0.023049495055555508
0.77170435583333352 0.11452150705555572
0.59202718883333361 0.23212838005555567
0.30781057983333349 0.33666782205555557
-0.17241748316666677 0.43467354905555566
-0.96626387316666673 0.10798779205555573
-0.6199769701666662 0.072052359055555598
-0.63631125816666634 0.00018149205555570425
-0.46316780716666583 0.0099820650555557389
-0.48276895216666615 -0.074956231944444257
-0.49910324016666607 -0.14682709894444432
-0.01560831916666619 -0.2023636779444444
0.10199855283333381 0.091653504055555723

Translated matrix object 9
-1.0867746189444443 -0.2482811754444445
-0.26679336894444394 -0.38222233644444403
0.8145364880555559 -0.21887945744444448
0.86027249405555528 -0.14047487544444462
0.90274164305555571 -0.039202291444444468
0.89294107005555601 0.078404581555555533
0.79493534305555569 0.15680916355555563
0.61199131905555548 0.27114917855555598
0.30163984905555585 0.37242176355555556
-0.23739164994444437 0.46389377555555589
-1.0606397589444436 0.062070293555555725
-0.63268141694444413 0.052269721555555884
-0.64574884694444412 -0.035935433444444262
-0.42360253194444397 0.0065337145555556947
-0.44320367694444429 -0.10127258444444412
-0.46280482294444436 -0.20254516944444395
-0.01197847794444476 -0.21561259944444389
0.092560964055555583 0.12087373055555606

Translated matrix object 10
-1.1198061795555558 -0.2397510475555556
-0.33902721955555559 -0.37042535055555553
0.80763978944444459 -0.24301790455555566
0.90891237344444487 -0.13847846255555535
0.93504723444444449 -0.033939020555555241
0.90891237344444487 0.057532991444444348
0.80763978944444459 0.14573814644444444
0.62469576444444475 0.25027758844444437
0.30454372244444439 0.35808388844444444
-0.22142034655555567 0.46262333044444431
-1.0610027425555555 0.083667852444444635
-0.62651068555555567 0.054266134444444503
-0.64284497355555537 -0.024138447555555317
-0.45990094955555549 0.0085301284444447845
-0.4729683795555556 -0.096009314555555378
-0.4729683795555556 -0.1776807535555554
0.020327113444444683 -0.20708247155555543
0.0987316954444446 0.10980271244444473

Translated matrix object 11
-1.0815113487222221 -0.29075032405555551
-0.26806381272222224 -0.40835719705555551
0.83286718927777792 -0.18294402405555571
0.91780548627777803 -0.075137724055555466
0.94067348927777772 0.0032668579444445067
0.94394034627777801 0.098005726944444482
0.82960033127777755 0.18621088194444449
0.63358887727777802 0.28421660894444423
0.33303798027777815 0.38875605094444454
-0.22886152272222243 0.48676177794444464
-1.071710775722222 0.029401717944444489
-0.70908958572222192 0.019601145944444426
-0.72542387372222161 -0.071870867055555399
-0.49347698572222148 -0.032668576055555489
-0.47714269772222156 -0.12087373005555541
-0.49347698572222137 -0.20254516905555564
-0.016515779722221458 -0.22214631505555546
0.13375966827777841 0.11107315794444461

Translated matrix object 12
-1.041946073333333 -0.31289235905555551
-0.38530770133333336 -0.39456379805555547
0.78096045166666717 -0.18221805605555536
0.88876675166666685 -0.071144898055555364
0.91490161266666647 0.0072596839444447475
0.91163475466666699 0.10199855294444471
0.81689588566666693 0.18693684994444459
0.56208099466666683 0.29147629194444447
0.24519580966666696 0.37641458894444435
-0.27423454433333339 0.42215059494444462
-1.0288786433333332 0.02032711394444453
-0.60092030133333352 0.030127686944444676
-0.6009203013333333 -0.041743180055555565
-0.40164198933333295 -0.0090746040555556157
-0.41144256233333326 -0.1168809040555553
-0.41144256233333343 -0.20181920105555551
-0.032487083333333527 -0.2083529160555555
0.068785501666666526 0.10199855294444449

Translated matrix object 13
-1.0296046119999998 -0.28131273549999986
-0.29456165799999978 -0.38258532049999988
0.7900350559999999 -0.18004015050000005
0.86190592299999924 -0.078767565499999762
0.90764192899999996 0.0094375884999999687
0.89784135600000026 0.087842170500000316
0.79330191399999983 0.17604732450000021
0.58422302899999934 0.2675193365000002
0.2412029839999997 0.35899134850000008
-0.20962336099999965 0.42432850050000021
-1.0100034660000001 0.022505018500000182
-0.63758170300000006 0.019238161500000225
-0.65064913300000027 -0.059166420499999886
-0.39910109999999954 0.0029038735000000843
-0.41216852999999964 -0.11143614149999999
-0.435036533 -0.18984072349999986
-0.059347912999999447 -0.19310758050000004
0.061525818000000676 0.1074433155000003

Translated matrix object 14
-1.1016569707222219 -0.21724602838888885
-0.37641458872222222 -0.38712262238888878
0.80618785227777801 -0.24664774638888876
0.84865700027777735 -0.16824316538888895
0.89112614927777778 -0.070237437388888796
0.88132557627777808 0.031035146611111078
0.81272156727777767 0.11924030161111095
0.58730839527777767 0.24991460461111098
0.29002435527777759 0.36098776161111085
-0.20000428072222243 0.47206091961111096
-1.0559209647222223 0.10290601361111125
-0.60182776172222241 0.093105440611111104
-0.63776319472222232 -0.0081671443888890749
-0.38294830472222219 0.024501431611111249
-0.40908316472222189 -0.080038010388888831
-0.40581630772222205 -0.16824316538888878
-0.039928258722222082 -0.21071231338888885
0.094012901277777949 0.10290601361111151

Translated matrix object 15
-1.0588248383333332 -0.22414272816666614
-0.32378188433333283 -0.34174960016666622
0.75754797266666729 -0.23721015816666635
0.84248626966666695 -0.13920443116666659
0.88168856066666657 -0.031398131166666801
0.88168856066666657 0.037205877833333387
0.77388226066666677 0.13194474783333343
0.59747195166666744 0.23321733183333332
0.27078619466666709 0.33448991683333368
-0.20944186933333347 0.42269507183333349
-1.0098219743333332 0.086208741833333588
-0.61779906533333317 0.056807022833333595
-0.61126535033333307 -0.0085301281666664425
-0.42505446833333349 0.017604732833333511
-0.42505446833333366 -0.083667852166666293
-0.42505446833333382 -0.1457381461666663
-0.0068966993333337834 -0.19800786716666646
0.10744331566666654 0.089475598833333558

Translated matrix object 16
-1.0056476566666668 -0.21670155250000001
-0.25753727166666696 -0.35717642749999978
0.7649891483333342 -0.20036726450000031
0.82052572733333418 -0.12196268250000013
0.84992744533333409 -0.043558100500000169
0.83359315733333417 0.041380195500000078
0.73885428733333414 0.12631849250000018
0.57224455133333341 0.23739165049999994
0.27822737033333383 0.34846480750000047
-0.20200069366666656 0.43993681950000013
-0.98604651066666649 0.074048771499999916
-0.61035788966666638 0.041380195499999856
-0.62669217766666629 -0.023956955500000182
-0.39474528966666633 0.00544476249999995
-0.42414700866666649 -0.089294106500000012
-0.42088015066666651 -0.16443183150000004
-0.035390956666666751 -0.19710040649999999
0.10508391833333341 0.10018363250000006

Translated matrix object 17
-0.92415770866666658 -0.26116711377777779
-0.27078619466666598 -0.36243969877777765
0.74193965333333334 -0.18602938977777783
0.8105436623333333 -0.097824234777777783
0.84321223833333392 -0.012885937777777676
0.82687795033333367 0.085119789222222172
0.73213908033333341 0.17005808622222235
0.55246191433333358 0.26479695522222252
0.23557672933333354 0.3562689672222224
-0.20871590066666668 0.42160611922222274
-0.95355942766666657 0.016515780222222123
-0.59747195166666656 0.026316352222222297
-0.58767137866666652 -0.048821371777777775
-0.38839306666666668 -0.01941965377777792
-0.4014604976666663 -0.091290519777778065
-0.3949267826666667 -0.17296195877777798
-0.078041597666666268 -0.18602938977777822
0.062433278333333675 0.098187219222221955



SCALING to UNIT Centroid Size

Scaled individual 0
2.8854213345329276
-0.362 -0.086
-0.102 -0.128
0.273 -0.070
0.297 -0.040
0.308 -0.009
0.305 0.023
0.271 0.053
0.203 0.088
0.097 0.123
-0.073 0.153
-0.353 0.020
-0.214 0.016
-0.218 -0.012
-0.147 -0.001
-0.150 -0.033
-0.153 -0.061
-0.013 -0.071
0.029 0.035
Scaled individual 1
3.0158139592193556
-0.339 -0.098
-0.121 -0.131
0.284 -0.053
0.308 -0.021
0.316 0.011
0.307 0.039
0.267 0.066
0.199 0.095
0.096 0.124
-0.091 0.143
-0.343 0.001
-0.199 0.011
-0.204 -0.022
-0.162 -0.014
-0.161 -0.043
-0.163 -0.067
-0.020 -0.072
0.026 0.031
Scaled individual 2
2.8855176920877956
-0.373 -0.103
-0.086 -0.127
0.274 -0.061
0.299 -0.028
0.308 0.004
0.305 0.034
0.269 0.064
0.197 0.096
0.096 0.126
-0.067 0.149
-0.358 0.010
-0.213 0.008
-0.212 -0.020
-0.143 -0.008
-0.141 -0.038
-0.143 -0.068
-0.023 -0.073
0.012 0.035
Scaled individual 3
2.9575387237545203
-0.367 -0.076
-0.135 -0.119
0.276 -0.082
0.300 -0.053
0.307 -0.028
0.302 0.009
0.274 0.040
0.208 0.075
0.089 0.124
-0.072 0.160
-0.347 0.039
-0.208 0.028
-0.216 -0.002
-0.142 0.003
-0.141 -0.023
-0.147 -0.056
-0.010 -0.073
0.030 0.034
Scaled individual 4
2.9856919692198391
-0.357 -0.098
-0.103 -0.126
0.279 -0.052
0.295 -0.031
0.308 0.002
0.307 0.035
0.275 0.065
0.195 0.099
0.089 0.125
-0.086 0.147
-0.353 0.002
-0.217 0.005
-0.221 -0.025
-0.146 -0.007
-0.140 -0.040
-0.145 -0.066
-0.015 -0.072
0.036 0.038
Scaled individual 5
2.8566589353831895
-0.366 -0.094
-0.092 -0.136
0.287 -0.054
0.296 -0.032
0.307 -0.003
0.304 0.026
0.255 0.058
0.205 0.088
0.099 0.127
-0.072 0.156
-0.359 0.010
-0.204 0.012
-0.203 -0.011
-0.145 -0.004
-0.150 -0.040
-0.158 -0.065
-0.032 -0.075
0.027 0.037
Scaled individual 6
2.460633711489955
-0.379 -0.060
-0.071 -0.122
0.255 -0.088
0.293 -0.050
0.304 -0.021
0.308 0.009
0.275 0.039
0.207 0.072
0.118 0.108
-0.048 0.149
-0.359 0.037
-0.219 0.027
-0.225 0.003
-0.154 0.011
-0.150 -0.021
-0.157 -0.052
-0.016 -0.069
0.020 0.031
Scaled individual 7
2.9209921927569846
-0.366 -0.070
-0.083 -0.123
0.278 -0.072
0.292 -0.051
0.306 -0.026
0.304 0.007
0.272 0.041
0.203 0.079
0.101 0.119
-0.058 0.155
-0.357 0.031
-0.212 0.027
-0.223 -0.003
-0.148 0.005
-0.158 -0.028
-0.159 -0.059
-0.014 -0.066
0.024 0.034
Scaled individual 8
2.8304376311092558
-0.355 -0.066
-0.077 -0.127
0.266 -0.085
0.291 -0.053
0.307 -0.022
0.304 0.008
0.273 0.040
0.209 0.082
0.109 0.119
-0.061 0.154
-0.341 0.038
-0.219 0.025
-0.225 0.000
-0.164 0.004
-0.171 -0.026
-0.176 -0.052
-0.006 -0.071
0.036 0.032
Scaled individual 9
2.9695537675704275
-0.366 -0.084
-0.090 -0.129
0.274 -0.074
0.290 -0.047
0.304 -0.013
0.301 0.026
0.268 0.053
0.206 0.091
0.102 0.125
-0.080 0.156
-0.357 0.021
-0.213 0.018
-0.217 -0.012
-0.143 0.002
-0.149 -0.034
-0.156 -0.068
-0.004 -0.073
0.031 0.041
Scaled individual 10
3.0236481209234176
-0.370 -0.079
-0.112 -0.123
0.267 -0.080
0.301 -0.046
0.309 -0.011
0.301 0.019
0.267 0.048
0.207 0.083
0.101 0.118
-0.073 0.153
-0.351 0.028
-0.207 0.018
-0.213 -0.008
-0.152 0.003
-0.156 -0.032
-0.156 -0.059
0.007 -0.068
0.033 0.036
Scaled individual 11
3.1056785677106231
-0.348 -0.094
-0.086 -0.131
0.268 -0.059
0.296 -0.024
0.303 0.001
0.304 0.032
0.267 0.060
0.204 0.092
0.107 0.125
-0.074 0.157
-0.345 0.009
-0.228 0.006
-0.234 -0.023
-0.159 -0.011
-0.154 -0.039
-0.159 -0.065
-0.005 -0.072
0.043 0.036
Scaled individual 12
2.9258426823444963
-0.356 -0.107
-0.132 -0.135
0.267 -0.062
0.304 -0.024
0.313 0.002
0.312 0.035
0.279 0.064
0.192 0.100
0.084 0.129
-0.094 0.144
-0.352 0.007
-0.205 0.010
-0.205 -0.014
-0.137 -0.003
-0.141 -0.040
-0.141 -0.069
-0.011 -0.071
0.024 0.035
Scaled individual 13
2.894369950896444
-0.356 -0.097
-0.102 -0.132
0.273 -0.062
0.298 -0.027
0.314 0.003
0.310 0.030
0.274 0.061
0.202 0.092
0.083 0.124
-0.072 0.147
-0.349 0.008
-0.220 0.007
-0.225 -0.020
-0.138 0.001
-0.142 -0.039
-0.150 -0.066
-0.021 -0.067
0.021 0.037
Scaled individual 14
2.9377671714877049
-0.375 -0.074
-0.128 -0.132
0.274 -0.084
0.289 -0.057
0.303 -0.024
0.300 0.011
0.277 0.041
0.200 0.085
0.099 0.123
-0.068 0.161
-0.359 0.035
-0.205 0.032
-0.217 -0.003
-0.130 0.008
-0.139 -0.027
-0.138 -0.057
-0.014 -0.072
0.032 0.035
Scaled individual 15
2.8565677140000902
-0.371 -0.078
-0.113 -0.120
0.265 -0.083
0.295 -0.049
0.309 -0.011
0.309 0.013
0.271 0.046
0.209 0.082
0.095 0.117
-0.073 0.148
-0.354 0.030
-0.216 0.020
-0.214 -0.003
-0.149 0.006
-0.149 -0.029
-0.149 -0.051
-0.002 -0.069
0.038 0.031
Scaled individual 16
2.7784590046968232
-0.362 -0.078
-0.093 -0.129
0.275 -0.072
0.295 -0.044
0.306 -0.016
0.300 0.015
0.266 0.045
0.206 0.085
0.100 0.125
-0.073 0.158
-0.355 0.027
-0.220 0.015
-0.226 -0.009
-0.142 0.002
-0.153 -0.032
-0.151 -0.059
-0.013 -0.071
0.038 0.036
Scaled individual 17
2.7019553184840031
-0.342 -0.097
-0.100 -0.134
0.275 -0.069
0.300 -0.036
0.312 -0.005
0.306 0.032
0.271 0.063
0.204 0.098
0.087 0.132
-0.077 0.156
-0.353 0.006
-0.221 0.010
-0.217 -0.018
-0.144 -0.007
-0.149 -0.034
-0.146 -0.064
-0.029 -0.069
0.023 0.036

{translated and scaled (first one is consensus)} saved in 
C:/Users/vmc04/Documents/GitHub/wingproj/Gomez analysis plan/Field 18 Procrustes analysis MOG individual/2017_09_06 Field 18 TPN scaled_TRANSCALED.txt


 - Centroid sizes -  saved in 
C:/Users/vmc04/Documents/GitHub/wingproj/Gomez analysis plan/Field 18 Procrustes analysis MOG individual/2017_09_06 Field 18 TPN scaled_CS.txt


ROTATION (aligned specimens)
New sum of Procrustes distances to mean shape: 0.025055353721080077
Convergence = 0.11149043972884044
New sum of Procrustes distances to mean shape: 0.024955980027887896
Convergence = 9.9373693192180562e-05
New sum of Procrustes distances to mean shape: 0.024955621637258757
Convergence = 3.5839062913906039e-07
New sum of Procrustes distances to mean shape: 0.024955620239584513
Convergence = 1.3976742437027401e-09
Procedure ROTATION
Last consensus, 

-0.3619 -0.0856
-0.1015 -0.1277
0.2730 -0.0702
0.2967 -0.0398
0.3081 -0.0093
0.3050 0.0223
0.2707 0.0525
0.2032 0.0879
0.0973 0.1231
-0.0729 0.1526
-0.3527 0.0199
-0.2136 0.0163
-0.2176 -0.0113
-0.1471 -0.0006
-0.1497 -0.0333
-0.1528 -0.0614
-0.0134 -0.0705
0.0291 0.0351


rotated object 0 
-0.3430 -0.0808
-0.1272 -0.1251
0.2813 -0.0672
0.3067 -0.0359
0.3158 -0.0049
0.3085 0.0237
0.2698 0.0527
0.2031 0.0853
0.1018 0.1196
-0.0834 0.1472
-0.3425 0.0179
-0.1981 0.0205
-0.2051 -0.0117
-0.1626 -0.0062
-0.1629 -0.0355
-0.1663 -0.0592
-0.0237 -0.0705
0.0279 0.0300

rotated object 1 
-0.3763 -0.0890
-0.0910 -0.1233
0.2712 -0.0710
0.2973 -0.0391
0.3076 -0.0078
0.3064 0.0229
0.2713 0.0536
0.2001 0.0891
0.1005 0.1222
-0.0616 0.1509
-0.3574 0.0236
-0.2127 0.0160
-0.2126 -0.0124
-0.1432 -0.0025
-0.1420 -0.0331
-0.1454 -0.0624
-0.0257 -0.0725
0.0134 0.0348

rotated object 2 
-0.3634 -0.0926
-0.1297 -0.1252
0.2791 -0.0692
0.3021 -0.0394
0.3076 -0.0137
0.3015 0.0225
0.2714 0.0521
0.2047 0.0845
0.0834 0.1277
-0.0794 0.1568
-0.3487 0.0230
-0.2091 0.0183
-0.2155 -0.0119
-0.1418 -0.0030
-0.1395 -0.0294
-0.1447 -0.0628
-0.0071 -0.0732
0.0289 0.0356

rotated object 3 
-0.3615 -0.0822
-0.1080 -0.1208
0.2767 -0.0646
0.2929 -0.0445
0.3076 -0.0112
0.3079 0.0216
0.2776 0.0526
0.1993 0.0900
0.0944 0.1210
-0.0795 0.1506
-0.3527 0.0182
-0.2170 0.0144
-0.2216 -0.0150
-0.1465 -0.0008
-0.1414 -0.0339
-0.1480 -0.0599
-0.0182 -0.0712
0.0380 0.0358

rotated object 4 
-0.3677 -0.0852
-0.0955 -0.1338
0.2860 -0.0602
0.2956 -0.0387
0.3066 -0.0103
0.3050 0.0194
0.2565 0.0526
0.2069 0.0835
0.1015 0.1248
-0.0682 0.1573
-0.3585 0.0186
-0.2041 0.0163
-0.2035 -0.0066
-0.1450 -0.0011
-0.1504 -0.0365
-0.1590 -0.0614
-0.0335 -0.0746
0.0274 0.0361

rotated object 5 
-0.3747 -0.0809
-0.0637 -0.1259
0.2591 -0.0732
0.2955 -0.0339
0.3045 -0.0041
0.3067 0.0266
0.2719 0.0539
0.2025 0.0832
0.1116 0.1140
-0.0564 0.1458
-0.3603 0.0169
-0.2205 0.0142
-0.2245 -0.0100
-0.1547 0.0019
-0.1489 -0.0297
-0.1538 -0.0605
-0.0123 -0.0698
0.0179 0.0316

rotated object 6 
-0.3635 -0.0836
-0.0788 -0.1256
0.2803 -0.0619
0.2941 -0.0401
0.3066 -0.0151
0.3031 0.0184
0.2706 0.0508
0.1999 0.0862
0.0967 0.1227
-0.0634 0.1525
-0.3583 0.0174
-0.2129 0.0194
-0.2229 -0.0112
-0.1483 -0.0006
-0.1572 -0.0334
-0.1571 -0.0647
-0.0116 -0.0660
0.0227 0.0349

rotated object 7 
-0.3519 -0.0818
-0.0712 -0.1303
0.2693 -0.0732
0.2932 -0.0397
0.3079 -0.0078
0.3031 0.0220
0.2705 0.0528
0.2052 0.0915
0.1032 0.1238
-0.0678 0.1506
-0.3428 0.0226
-0.2200 0.0155
-0.2246 -0.0102
-0.1636 -0.0039
-0.1692 -0.0342
-0.1738 -0.0599
-0.0023 -0.0717
0.0345 0.0340

rotated object 8 
-0.3659 -0.0838
-0.0898 -0.1288
0.2743 -0.0735
0.2897 -0.0471
0.3040 -0.0130
0.3007 0.0266
0.2677 0.0530
0.2060 0.0914
0.1015 0.1255
-0.0800 0.1562
-0.3572 0.0207
-0.2131 0.0175
-0.2174 -0.0122
-0.1426 0.0021
-0.1492 -0.0342
-0.1558 -0.0683
-0.0040 -0.0726
0.0311 0.0407

rotated object 9 
-0.3688 -0.0862
-0.1098 -0.1246
0.2686 -0.0754
0.3014 -0.0402
0.3094 -0.0055
0.3002 0.0246
0.2662 0.0532
0.2050 0.0866
0.0985 0.1203
-0.0761 0.1516
-0.3514 0.0211
-0.2075 0.0141
-0.2124 -0.0119
-0.1521 -0.0000
-0.1558 -0.0347
-0.1553 -0.0617
0.0080 -0.0684
0.0320 0.0369

rotated object 10 
-0.3511 -0.0824
-0.0905 -0.1286
0.2661 -0.0675
0.2946 -0.0337
0.3028 -0.0087
0.3048 0.0218
0.2689 0.0513
0.2068 0.0849
0.1112 0.1217
-0.0686 0.1590
-0.3446 0.0206
-0.2280 0.0137
-0.2342 -0.0156
-0.1592 -0.0054
-0.1548 -0.0340
-0.1609 -0.0601
-0.0076 -0.0713
0.0442 0.0344

rotated object 11 
-0.3602 -0.0921
-0.1372 -0.1293
0.2641 -0.0733
0.3025 -0.0369
0.3125 -0.0105
0.3128 0.0219
0.2816 0.0523
0.1961 0.0916
0.0891 0.1251
-0.0877 0.1480
-0.3511 0.0215
-0.2048 0.0188
-0.2058 -0.0057
-0.1373 0.0026
-0.1422 -0.0341
-0.1434 -0.0631
-0.0140 -0.0707
0.0249 0.0339

rotated object 12 
-0.3587 -0.0857
-0.1060 -0.1288
0.2708 -0.0710
0.2968 -0.0368
0.3135 -0.0069
0.3110 0.0203
0.2759 0.0519
0.2047 0.0859
0.0873 0.1213
-0.0677 0.1489
-0.3485 0.0190
-0.2200 0.0138
-0.2253 -0.0132
-0.1378 0.0055
-0.1436 -0.0339
-0.1523 -0.0607
-0.0226 -0.0660
0.0224 0.0364

rotated object 13 
-0.3715 -0.0900
-0.1223 -0.1372
0.2778 -0.0720
0.2911 -0.0448
0.3041 -0.0108
0.2993 0.0235
0.2746 0.0525
0.1961 0.0936
0.0933 0.1270
-0.0749 0.1576
-0.3606 0.0195
-0.2060 0.0228
-0.2168 -0.0121
-0.1306 0.0027
-0.1379 -0.0332
-0.1355 -0.0632
-0.0105 -0.0722
0.0305 0.0364

rotated object 14 
-0.3683 -0.0888
-0.1100 -0.1228
0.2674 -0.0756
0.2962 -0.0405
0.3088 -0.0024
0.3082 0.0217
0.2695 0.0538
0.2068 0.0875
0.0915 0.1197
-0.0774 0.1459
-0.3542 0.0203
-0.2167 0.0138
-0.2138 -0.0090
-0.1489 0.0020
-0.1479 -0.0334
-0.1473 -0.0552
-0.0005 -0.0694
0.0367 0.0324

rotated object 15 
-0.3608 -0.0831
-0.0909 -0.1298
0.2763 -0.0682
0.2959 -0.0397
0.3061 -0.0114
0.2998 0.0191
0.2653 0.0492
0.2047 0.0883
0.0984 0.1268
-0.0749 0.1573
-0.3552 0.0217
-0.2199 0.0118
-0.2254 -0.0118
-0.1421 -0.0000
-0.1522 -0.0343
-0.1506 -0.0613
-0.0117 -0.0711
0.0373 0.0366

rotated object 16 
-0.3447 -0.0869
-0.1040 -0.1312
0.2725 -0.0767
0.2988 -0.0448
0.3118 -0.0137
0.3068 0.0228
0.2727 0.0552
0.2072 0.0921
0.0909 0.1293
-0.0728 0.1582
-0.3526 0.0162
-0.2208 0.0161
-0.2179 -0.0119
-0.1439 -0.0031
-0.1495 -0.0295
-0.1479 -0.0598
-0.0308 -0.0680
0.0241 0.0357

Aligned specimens ('coord. residuales') saved in 
C:/Users/vmc04/Documents/GitHub/wingproj/Gomez analysis plan/Field 18 Procrustes analysis MOG individual/2017_09_06 Field 18 TPN scaled_ALIGNED.txt


Orthogonal projection of the preshape data to the Kendall tangent space ('coordenadas residuales' proyectadas en un plano tangential al espacio de la forma) saved in 
C:/Users/vmc04/Documents/GitHub/wingproj/Gomez analysis plan/Field 18 Procrustes analysis MOG individual/2017_09_06 Field 18 TPN scaled_ProcrRes.txt


ITERATION 1 : consensus:
-0.36704803429582727 -0.059678619823104975 -0.11031057918374129 -0.12018499678813443 0.26733236971854585 -0.089420150996854908 0.29316046450101463 -0.060719295839901939 0.30662959682880248 -0.031125849720078081 0.30586086679515967 0.00059381159182348093 0.27375455676857724 0.033193708410313924 0.2089772541322413 0.07329236147634316 0.10583046846473143 0.1158503278296735 -0.061906597515993381 0.15739940477150316 -0.35042780606144502 0.044924876589808857 -0.21190237305635429 0.031400614843087968 -0.21787135683405215 0.0041655047439909465 -0.14673987908700389 0.0098636523923100877 -0.15167683242855221 -0.022633209220623215 -0.1567529104120455 -0.050416103656449419 -0.018393011494661684 -0.069415548035469843 0.031483803160604833 0.032909511431762135


ITERATION 2 : consensus:
-0.36704417036399661 -0.059702521564093065 -0.11030274756088697 -0.12019202019683313 0.26733817265966986 -0.089402781203481094 0.29316441846871027 -0.060700290151022504 0.30663162576968706 -0.031105961287112842 0.30586082688050054 0.00061365166949189421 0.27375240447643912 0.033211472193700062 0.20897248836694249 0.073305940870905389 0.10582294166434915 0.11585723263804161 -0.061916837811046885 0.15739541544664715 -0.35043073019458371 0.044902075848204569 -0.21190440917881737 0.031386819087449815 -0.2178716289287308 0.0041513041825331758 -0.14674053201427151 0.0098541284484871209 -0.15167535889102238 -0.022643076906834706 -0.1567496213525269 -0.05042629907039016 -0.018388494117998731 -0.069416673633344805 0.031481652127583304 0.032911583627651529


PARTIAL WARPS scores (mdonnees_pw) 

Componente NO UNIFORME:
Las diferencias entre cada objeto y el consenso se proyectan utilizando los eigenvectores arriba 
(se multiplica una matriz 'k . p' de diferencias entre coordenadas (objeto versus referencia) 
por la matriz de dimensiones 'p . (p-k-1)' de los principal warps). 
Resulta entonces una matriz de dimensiones 'k . (p-k-1)' 
(la matriz final tendra 'kp-k2-k' + 2 columnas para el componente uniforme) 

Componente UNIFORME:
Estas diferencias se estiman AQUI de acuerdo a las formulas propuestas por Rohlf, 1996 

0.00011947103165235543 -0.00097611788001974228 -0.0015507017212558706 6.9318632724951943e-05 -0.0035187273050789193 -0.004737614163815386 0.00091060098640885923 0.00096555659804768712 0.0025330007577554193 0.00074345310471269743 -0.0073493088981923258 -0.0021575845602771109 -0.0028641617347689146 -0.00073955929417833955 0.016671804193870685 0.0035465188158342095 -0.0095509773757242039 -0.001387507615022634 0.0029862212503148637 -0.0012962845614494518 -0.015782805250362769 -0.00026410941852978624 -0.018162816527011138 0.0033552941507637929 0.0070334031900049915 -0.0015236985958029465 -0.00016566423276592675 -0.001348886648582653 0.038498481150641022 0.0034824597470329535 0.0059277595929194352 -0.010536269976358334
0.0011935501128196571 -0.0005258304761750559 -0.0014736498619256847 -0.0015438805061353568 0.0030972354489975334 -0.00024753047558086103 0.00079952597043920332 0.00060900016541918221 -0.002310050627094962 0.0011347223589382523 -0.00013359462640602266 0.0012879898844246065 0.00036739841365160224 0.0031571032869630519 0.0006031976073069894 0.0007815977217900318 0.0059146446635694617 0.0019700405535096905 -0.01497987661768584 -0.0028040345332046948 7.8559495473870663e-05 0.0044612477523057158 0.01672879103120286 -0.0014018669657490971 -0.0073275266772371483 -0.001018009143536943 -0.018691172520792061 0.0013599461051634924 -0.0081626226046637891 0.0016572086072092155 0.0046592083383892929 -0.0011236492476606416
0.00084997426180447619 0.0031073513021262749 -0.00086929619224184709 -0.0049037661155091694 -0.0038242849302961251 -0.00063132323716757761 0.0025180707375114441 -0.00031508434280129926 0.001623149667940756 -0.0042527464565059103 -0.011483343325522338 0.00043713014645924673 -0.0068544298975109792 0.0022360958328969411 -0.018863961778835935 0.0030836444115346869 -0.0046974745093358895 0.0043795887708095085 0.011469480175781661 -0.0070335096864956462 -0.0031555560205266792 0.0019207395566018968 -0.018873511749240082 0.0015845120884336315 0.0018833419859986176 0.0030959255917744947 -0.015534203719550011 -0.0017486971168777208 0.0061905071615849664 -0.0041365683176210876 -0.002413881830966563 0.0058061965797072505
-0.0021731160372407401 -0.0021268041708790496 -0.0036202345309502967 0.00083183283988142495 -0.0020885940933445665 -0.0015384905367715983 -0.0023926553878745264 -0.0045317843268568511 -0.008405544270938951 -0.0021423885745955715 -0.003389798033017579 0.0022850802884497893 0.0066274943272179891 0.003893048755746923 -0.0078598066276581308 -0.0024069182216544536 0.0079794080542595573 -0.0023839199814333517 0.0087822150053563156 -0.0029942462864951552 -0.0029963815690836225 -0.00063466510526133586 -0.0056105233424342295 0.0035011586146216386 -0.0032824082316170664 -0.00060613881814454884 -0.00036065856363832419 0.0052422041111918416 0.00081260179577017982 -0.0015918064315344296 -0.0027977995001324135 -0.0055464259231943818
0.00027588967848580468 -0.0017727625233180074 -0.0020655032550397361 0.0028246055612790679 0.0058881954561424699 0.0022629099146179617 -0.011903433779639773 0.0001089797314821345 0.003269543938639376 -0.0059863227259985986 0.0064612946544716351 -0.0041402598184098159 0.011455663395098811 0.0008100268127473895 0.0093319378663213465 -0.00066330781655733772 -0.0048115487662810487 -0.0020599083733820267 -0.01630431688011983 -0.00038749439095767612 -0.017796762506254706 -0.0066253520761287293 0.0010817416379149884 -0.0010643231277095695 0.0039865072581957758 0.0082644813945141078 -0.014148434326105061 -0.0032530233660057195 -0.0003105836208077673 0.00262119104749801 0.0056888721067549497 0.0029460577375549383
0.0046794392922088609 0.0012870271410104709 -0.005971183307614536 -0.00086293597212996616 0.0018084949781564305 0.0021172424679362098 0.0045353938226317791 0.0027874917435073373 -7.7855324560972545e-05 0.0025506289572863176 0.0064796684424887245 0.0010495143656292735 0.00011191885523286968 -0.0016348422943910034 0.013634271960663753 -0.00077671652811472718 0.0070654185969236116 0.0014434258259454081 -0.020358425514304505 0.0090371167851237728 0.014535177525429753 9.4958766523896732e-05 0.03160950531938337 0.00029835356782090391 -0.0060394874111926854 -0.0038673392298305006 0.0086788715460166272 -0.0056878998930784052 -0.021858985706847172 0.0059745511296980238 0.0008969581961005465 -0.01227266055664291
-0.0023562244771114728 0.0012038447204022736 0.0014579433738313502 -0.0019570568976048316 -0.0021256150957205924 -0.0010460061272920594 -0.0024758327504259005 -0.0013627759313790608 -0.0056207239945372731 -0.0044560431583835405 0.0090320269679746937 0.0011621659508210156 0.0036568482863204759 -0.0013250541621981473 0.006492163205509942 -0.00071709763534610926 -0.0072725111510585257 -0.0067142530063641383 -0.011995980016754136 -0.0021014211372685854 0.0054621936680346473 -0.0035227564055810893 0.016990900925361305 -0.0030423703390509461 0.0072407089242087636 0.0053106981225004334 0.0033926347190694072 0.0012006900184758753 -0.0080876053020087282 -0.0024920158385650995 -0.0074696791608135377 -0.0036637131323182691
-0.0017844326838156333 -0.00048798739297096572 -0.0026971314763831475 0.00055202807209014633 0.0033890983038646107 -0.00018489033559081908 0.00078302712280185576 0.00092067567046132625 0.0014356165561369906 0.0030725663917174646 0.011120240226041104 -0.0042317615427183855 0.0067170854974664901 -0.00090025462292512822 0.019702446829822542 -0.0015162235960476515 -0.0068568061395380469 0.00063006924746958673 -0.010658910905149532 0.00082221463937292975 0.01930837159708151 -0.0019017885740422662 0.011230502618218936 -0.0015794207535405804 0.011946805377259648 -0.0041024769908230606 0.033616343130785972 0.00080086055987836787 0.002920796617649735 0.0048564348956043717 -0.0043771024300275534 0.0019308139529625938
-0.0023363718271436429 0.0013419037345976407 -0.00060874149725623249 -0.0016910162213642813 0.0016826336268780449 0.00073920748459268778 -0.0038310588388457724 -0.0057888117104271143 -0.0017157215658397634 -0.0015421261892750537 0.0077725166322440446 0.0054088733430908359 -0.0018159294343338664 0.0031065547803977396 0.0027695984378265427 0.0011527791846129758 -0.0036475029680256899 -0.0013154785178943343 -0.0052966183773134725 0.0047596877450706634 0.0020909913487952266 0.00070036873891430142 -0.0046493433718396322 -0.0003181697831296992 -0.0035991835362635134 -0.0010189009386224223 0.0074888297906372551 0.0039396886257995357 -0.01404629241676842 0.00049003824742555307 -0.0056079000579970567 0.010762725124628609
0.00080731642120885261 -0.0011983187547825022 0.0023249159765591403 0.00096170751225074834 -0.00097953861750543531 0.0014223094458462179 0.0054322049552719054 0.00040867064351434519 0.0081198475953695344 0.0020727199290399272 -0.0072781205528728724 0.0018889090482786871 -0.011508024482180773 0.0015945045347698242 0.0071546651170229601 0.0017324879830692998 -0.0088428759158930142 0.003399262959056177 0.0022969050435774395 0.0036239619446401345 0.0084754394881116687 0.0053108095259174082 -0.01542684334179399 0.002271450635800597 0.0062445992530562296 -0.0017979434721081516 0.0023828704286170325 0.00094586200021807535 -0.0065774449584825329 -0.00010389879771641127 0.00050169312710787956 -0.0018418252335283488
0.0041316531273532945 0.0019239824849354918 -0.0049912554551521781 -0.00050000371419192549 -0.0014628610707521825 -0.0022074046146761108 0.00047852291643494312 0.0026578502213689447 0.0011534493358973368 0.00080307996334587741 0.0027829008373655038 -0.0039637771092324971 0.0040946986977716945 5.3324907391797544e-05 0.0016889605186994738 -0.00220746968323651 0.0093673709861288972 0.00043105486624295968 4.6235578255018894e-05 0.00013447702183607801 0.006489077277708726 -0.0013327561899446484 0.0059927384344475639 0.005820128601614875 0.0098626816800530415 0.0075096627998727837 0.03511919271371805 -0.0016434049351575645 -0.0013480201225055085 0.0034750915144522261 0.0063618057586429366 -0.00086921862148827723
0.0030783562952570965 0.0025639857934503857 0.0045792023154402148 0.001077396609474066 -0.00043968944668404885 0.0032656842083498032 0.0074195247984630598 0.0018200547281667454 -0.0029419830450200316 0.0028265792003819208 -0.011166459173261272 0.0026424110065633053 -0.012958298162247146 -0.00039107070863417633 -0.0051357966073110771 0.002412350802144466 0.0028700953471740447 -0.00094900717225594928 0.022935771411086138 -0.0054024087643540081 -0.0055435658834108717 0.0012589571174312154 -0.020755781553400646 -0.0058570116668450502 -0.014725855156663453 -0.0036286530391606781 -0.023321471814898031 -0.0023170868550702653 0.015472160912800259 -0.0021937944703149482 0.0032356030042848308 0.0029476610316453156
-0.001604157685960952 -0.00073911333140801313 -0.00047416478029475053 0.0034458808019041313 0.00089115110615124997 0.00095908164473460238 -0.00076851131991592615 0.0033243938187938285 0.0010110635680238959 0.0014496875985604476 0.006442049795511386 0.0027643833459119406 0.00061521637605906673 -0.0033711747587110946 -0.014453260999782796 -0.0017242811004193588 0.0053605341732352691 0.0014738905973231973 0.0073728893637283804 0.0033840914251733033 0.0037725694709554581 0.00031172149572325259 0.0095378498857453201 -0.0037423956570752617 -0.0038156774579101785 0.0015232463065727 -0.0079572090441614122 0.00038024620368139314 0.01003922576461143 -0.0029268437385920982 0.0019017215471741644 -0.0047016086310551226
-0.0044390302891824177 -0.00034656651132290625 0.0060912048082032563 -0.00019346026858525081 -0.0072911650568540844 -0.0034861215014888348 0.0003970042907121371 -0.0037719240747363988 -0.0098208713369907479 0.0012869804513443754 -0.006972167345449789 0.0016432940836087768 -0.0070708139247940265 -0.0013533133188969528 -0.016043177680737965 -0.00058691883282918167 0.0014587247937977745 -0.0031562290620059368 0.010973524423295897 0.00070220283000266563 -0.0093821900738191525 -0.0011112143111287715 -0.012359087474108845 -0.0034351078579327706 -0.0040654524191945001 -0.0013465074619751511 -0.021000179954266538 -0.0020420362096978833 -0.012895639032071434 -0.00072330871752671901 0.0039053794722110754 0.014368595141393234
0.001433778991822828 -0.0049413655919415163 0.0019641202607079047 0.0040638213392754268 0.0026154466219358587 0.0019566502295639454 -0.0010504586288782596 0.0028272113285795313 0.006567062584264852 0.0035118102015543854 -0.010135620721115748 -9.3449436296307675e-06 -0.002630776414506303 -0.00020186788273344569 -0.0025511666848734263 0.0011216222196171655 -0.00084669119400113124 0.0047194481482979965 0.010141600307495394 -0.0008443518341015899 0.0073969776700659601 0.0043129516060367934 -0.010704624345280937 0.00082076693654190567 -0.0030128124008653549 -0.0077050495844751743 -9.5102916063661679e-05 -0.0027717317575322556 -0.0076842033099639587 -0.0013088589946145895 -0.0016284235474949202 -0.0064913575636366795
-0.0010616902606913965 0.00026012598322472516 0.0044792001301113774 0.0011071136706980048 -0.00053741228189571513 0.0026545332534109113 -0.0011200106290171151 -0.00028593028534360237 0.0019068710263327633 0.00025312392833889725 0.0069507846321293244 -0.0013966484071181789 0.0056014582061751092 -0.0011580476887403787 -0.0045824578774665958 -0.0029032313950494966 0.003773582226280236 0.00093258057668465892 -0.0023615348381716729 -0.0013132031739211993 -0.0020382529426373757 -0.0034070397208930082 0.0014557740799676202 0.001249255913440067 0.0047367601231461361 0.0052623848370099216 0.010224687367350983 0.003149215020080576 -0.0095878828443890212 0.00047565042399751298 -0.0064883114708920832 0.0047506408816298824
-0.00081440595146582695 0.0014266454730707196 0.0034252752132613962 -0.0032815853440572485 0.0028956323560052305 -0.0012982376566690454 0.00026808573392192924 -0.00037357397779653486 0.0032731451346224112 -0.0013257249804617208 0.00086693048761164184 -0.0046703750818518812 0.006454651995348025 -0.0037754741795050402 -0.0085594174803786966 -0.00032883632934817118 0.0027366091784889104 -0.001413057816980728 0.0049508205906065271 0.0017132019770286031 -0.010913843295561694 0.000427927242054879 0.011914727772866911 0.001539745641994958 -0.0070664045009782546 -0.0043516817777651652 0.00037066739604503279 0.0037940541375133122 0.016625506515450653 -0.0075555303064322741 -0.0020758225127153565 0.011251644895252235


{partial warps scores - U1 y U2 en las dos ultimas columnas} saved in 
C:/Users/vmc04/Documents/GitHub/wingproj/Gomez analysis plan/Field 18 Procrustes analysis MOG individual/2017_09_06 Field 18 TPN scaled_PW.txt


Relative warps

-0.020646527582585908 0.041598545650310466 0.021273053115037358 0.010901098428050799 -0.0027086080675068876 0.0022179945499217367 -0.0011403294835252034 -0.0053083046278140956 -0.0015137947399367665 -0.0021251601577219957 0.0033330246093847215 0.0029629342609394076 0.00066586568985559915 0.00082202721997296077 0.0017773808820567081 0.0013415974053846407 1.0050384732351175e-16 8.5352968995974082e-17 1.4931496794198806e-17 -3.6524060685605431e-17 7.4342387714615432e-17 -1.5856456772600502e-18 1.0601803181013725e-16 4.4482782258006837e-17 -1.5163583821746485e-17 -1.1348886240492018e-16 2.7525182653975744e-17 -2.6630715861675203e-18 5.6703773620991882e-17 -1.0093244599482243e-17 -3.468430512416909e-17 -9.5259866347060379e-17
0.0057373406683647954 -0.024716308416741637 0.013976130499569249 0.0092939007688966676 -0.0079403280262201927 0.0017128034533555824 -0.00031446614936622225 0.0011635018430645723 -0.0033430892107873993 -0.005772675283655603 -0.003877327711500993 -0.0031457096929946326 0.0041613138199759342 0.005080018659424714 -0.0010969766489094498 0.0013510807519091007 8.5101400210639555e-17 1.1178802024683354e-16 -1.3369906852640778e-16 -4.4953732576680228e-17 8.2412917636054406e-17 4.9561591809743621e-17 -1.4432594388266023e-16 -2.5800623573365988e-17 1.9832429427012188e-17 7.340048707726865e-17 -9.0246278332262175e-17 -3.1014958396663461e-17 2.2903770893756281e-17 -9.4020657145227338e-18 -2.5482139185198371e-17 -9.5147210965075557e-18
... ... ... ...

RELATIVE WARPS saved in 
C:/Users/vmc04/Documents/GitHub/wingproj/Gomez analysis plan/Field 18 Procrustes analysis MOG individual/2017_09_06 Field 18 TPN scaled_RW.txt


{centroid size AND partial warps scores - U1, U2 last columns - first column is size} saved in 
C:/Users/vmc04/Documents/GitHub/wingproj/Gomez analysis plan/Field 18 Procrustes analysis MOG individual/2017_09_06 Field 18 TPN scaled_PW_CS.txt
First column is centroid size
Centroid sizes 	 tamanhos centroides 	1.00	1.00	1.00	1.00	1.00	1.00	1.00	1.00	1.00	1.00	1.00	1.00	1.00	1.00	1.00	1.00	1.00
Native, unrounded sizes 
3.0158139592193556 2.8855176920877956 2.9575387237545203 2.9856919692198391 2.8566589353831895 2.460633711489955 2.9209921927569846 2.8304376311092558 2.9695537675704275 3.0236481209234176 3.1056785677106231 2.9258426823444963 2.894369950896444 2.9377671714877049 2.8565677140000902 2.7784590046968232 2.7019553184840031

