
C:/Users/vmc04/Documents/GitHub/wingproj/Gomez analysis plan/Field 18 Procrustes analysis MOG individual/2017_09_06 Field 18 SJU scaled Informe de MOG
Please do NOT use pink buttons or pink menu functions
Possible (COO generated) INPUT FILE: '..._format.txt', or '..._scaled.txt'
Please open an INPUT FILE, then enter the sample sizes of successive groups, each number separated by a space; otherwise just enter the total sample size.
FICHIER: 
C:/Users/vmc04/Documents/GitHub/wingproj/Gomez analysis plan/Field 18 Procrustes analysis MOG individual/2017_09_06 Field 18 SJU scaled.txt
Field18SJU scaled- 11 

11	configuraciones
18	landmarks

CONFIGURATION 1 :
1.754302517 1.398215041 2.724559216 1.270807596 3.979032524 1.473352765 4.073771394 1.577892208 4.1195074 1.688965365 4.099906254 1.796771665 3.982299382 1.881709962 3.747085636 1.996049977 3.355062728 2.11365685 2.783362652 2.198595147 1.780437377 1.744501944 2.290067159 1.734701371 2.280266586 1.643229359 2.616752916 1.69549908 2.606952343 1.587692781 2.590618055 1.479886481 3.025110113 1.46681905 3.126382697 1.819639668
CONFIGURATION 2 :
2.172460286 1.394948184 3.116582125 1.306743029 4.354721145 1.630161929 4.426592012 1.744501944 4.439659442 1.839240814 4.400457151 1.927445968 4.286117136 2.009117407 4.077038251 2.094055704 3.665414197 2.192061432 3.090447264 2.24759801 2.178994001 1.754302517 2.662488922 1.760836232 2.659222065 1.672631077 3.00224211 1.757569374 2.998975252 1.636695644 2.979374107 1.522355629 3.35179587 1.525622487 3.469402743 1.888243677
CONFIGURATION 3 :
1.832707099 1.143400151 2.718025501 1.019259563 3.943097091 1.251206451 4.001900527 1.33287789 4.014967957 1.443951047 3.982299382 1.515821914 3.89082737 1.597493353 3.717683918 1.708566511 3.397531876 1.813105953 2.832365516 1.920912253 1.842507671 1.502754484 2.309668304 1.489687053 2.303134589 1.401481899 2.600418628 1.430883617 2.590618055 1.329611032 2.587351198 1.231605305 3.021843255 1.215271017 3.155784416 1.54849049
CONFIGURATION 4 :
2.084255132 1.708566511 2.966306676 1.646496217 4.109706827 1.878443105 4.188111409 1.973181974 4.207712554 2.074454559 4.175043978 2.169193429 4.083571966 2.254131725 3.845091364 2.375005456 3.518405606 2.47627804 2.949972389 2.541615192 2.11365685 2.058120271 2.551415765 2.077721416 2.551415765 1.986249404 2.842166089 2.038519126 2.829098658 1.937246541 2.819298086 1.835973956 3.198253564 1.822906526 3.319127294 2.172460286
CONFIGURATION 5 :
1.901311108 0.421424627 2.767028364 0.421424627 3.897361085 0.813447536 3.933296518 0.898385833 3.946363948 0.989857845 3.9038948 1.078062999 3.763419924 1.156467581 3.59354333 1.221804732 3.227655282 1.300209314 2.646154634 1.306743029 1.865375674 0.78077896 2.299867731 0.823248108 2.316202019 0.741576669 2.597151771 0.816714393 2.600418628 0.708908093 2.606952343 0.601101793 2.998975252 0.633770369 3.038177543 0.989857845
CONFIGURATION 6 :
1.764103089 2.303134589 2.587351198 2.12672428 3.822223361 2.263932298 3.887560512 2.332536307 3.936563376 2.430542034 3.91696223 2.528547762 3.822223361 2.613486058 3.632745621 2.737626646 3.276658146 2.884635237 2.724559216 3.025110113 1.800038523 2.662488922 2.237797438 2.610219201 2.224730007 2.535081477 2.515480331 2.561216337 2.495879186 2.446876322 2.482811756 2.345603737 2.851966661 2.290067159 3.012042682 2.610219201
CONFIGURATION 7 :
2.087521989 1.463552193 3.047978116 1.296942457 4.315518854 1.532156202 4.364521718 1.623628214 4.393923436 1.728167656 4.36125486 1.809839096 4.24038113 1.901311108 4.028035388 2.00585055 3.698082773 2.133257995 3.087180407 2.22146315 2.107123135 1.796771665 2.613486058 1.770636805 2.603685486 1.679164793 2.956506104 1.718367083 2.940171816 1.626895071 2.927104386 1.522355629 3.224388425 1.483153338 3.456335312 1.852308244
CONFIGURATION 8 :
1.672631077 0.427958342 2.535081477 0.320152042 3.707883345 0.5390315 3.769953639 0.637037227 3.786287927 0.731776096 3.776487355 0.829781824 3.665414197 0.924520693 3.4726696 1.035593851 3.093714122 1.159734438 2.554682622 1.231605305 1.679164793 0.810180678 2.090788847 0.777512102 2.094055704 0.699107521 2.371738598 0.744843527 2.361938025 0.633770369 2.358671168 0.529230927 2.77356208 0.516163497 2.936904958 0.87551783
CONFIGURATION 9 :
2.094055704 1.590959638 3.021843255 1.584425923 4.24038113 2.00585055 4.269782848 2.103856277 4.259982275 2.175727144 4.224046842 2.260665441 4.122774257 2.335803165 3.926762803 2.424008319 3.538006752 2.482811756 2.972840392 2.515480331 2.074454559 1.960114544 2.535081477 1.986249404 2.535081477 1.907844823 2.868300949 1.99278312 2.874834664 1.88497682 2.871567807 1.783704235 3.24398957 1.809839096 3.3648633 2.185527716
CONFIGURATION 10 :
1.937246541 1.630161929 2.79969694 1.486420196 3.972498809 1.685698508 4.057437106 1.79023795 4.063970821 1.888243677 4.047636533 1.999316835 3.949630806 2.071187701 3.753619352 2.159392856 3.410599306 2.276999728 2.871567807 2.348870595 1.947047114 1.960114544 2.388072886 1.924179111 2.378272313 1.849041386 2.724559216 1.89804425 2.708224928 1.79023795 2.69189064 1.698765938 3.106781552 1.68243165 3.204787279 2.002583692
CONFIGURATION 11 :
2.041785983 1.084596714 2.923837528 0.950655554 4.155442833 1.110731575 4.250181703 1.205470444 4.273049706 1.303476172 4.256715418 1.398215041 4.148909118 1.486420196 3.965965094 1.590959638 3.583742758 1.721633941 2.992441537 1.832707099 2.061387129 1.434150475 2.499146043 1.401481899 2.489345471 1.316543602 2.842166089 1.35901275 2.819298086 1.244672735 2.789896367 1.143400151 3.211320994 1.127065863 3.33872844 1.450484762

CONFIGURATION CONSENSUS 
1.940 1.324 2.837 1.221 4.045 1.471 4.111 1.565 4.131 1.663 4.104 1.756 3.996 1.839 3.796 1.941 3.433 2.050 2.864 2.126 1.950 1.679 2.407 1.669 2.403 1.585 2.722 1.638 2.711 1.530 2.701 1.427 3.092 1.416 3.220 1.763

TRANSLACION de los OBJETOS sobre UN mismo CENTROIDE

Translated matrix object 0
-1.1968333333333334 -0.32394444444444437
-0.29983333333333323 -0.4269444444444444
0.90816666666666657 -0.17694444444444424
0.9741666666666664 -0.08294444444444439
0.99416666666666687 0.015055555555555669
0.96716666666666673 0.10805555555555542
0.85916666666666663 0.19105555555555559
0.6591666666666669 0.29305555555555546
0.29616666666666647 0.40205555555555544
-0.27283333333333332 0.47805555555555529
-1.1868333333333334 0.031055555555555683
-0.72983333333333322 0.021055555555555563
-0.73383333333333334 -0.062944444444444317
-0.41483333333333339 -0.0099444444444443808
-0.42583333333333345 -0.11794444444444423
-0.43583333333333352 -0.22094444444444422
-0.044833333333333086 -0.23194444444444434
0.083166666666667055 0.11505555555555569

Translated matrix object 1
-1.2976684246111114 -0.30000642066666661
-0.32741172561111032 -0.42741386566666661
0.92706158238888936 -0.22486869666666676
1.0218004523888893 -0.12032925366666652
1.0675364583888891 -0.0092560966666662692
1.0479353123888897 0.098550203333333281
0.93032844038888929 0.18348850033333314
0.69511469438888918 0.29782851533333315
0.30309178638888923 0.41543538833333332
-0.26860828961111094 0.50037368533333337
-1.271533564611111 0.046280482333333484
-0.76190378261111091 0.036479909333333782
-0.77170435561111062 -0.054992102666666376
-0.43521802561111111 -0.0027223816666663292
-0.44501859861111093 -0.11052868066666627
-0.46135288661111085 -0.21833498066666626
-0.02686082861111086 -0.23140241166666647
0.074411755388888778 0.12141820633333378

Translated matrix object 2
-1.2348721628333332 -0.37750354144444409
-0.2907503238333336 -0.46570869644444446
0.94738869616666699 -0.14228979644444406
1.0192595631666665 -0.027949781444444322
1.032326993166667 0.066789088555555751
0.99312470216666726 0.15499424255555616
0.87878468716666658 0.23666568155555612
0.66970580216666753 0.32160397855555578
0.25808174816666729 0.41960970655555568
-0.31688518483333317 0.47514628455555535
-1.228338447833333 -0.01814920844444462
-0.74484352683333299 -0.011615493444444402
-0.74811038383333328 -0.099820648444444438
-0.40509033883333312 -0.014882351444444331
-0.40835719683333288 -0.13575608144444445
-0.42795834183333303 -0.25009609644444419
-0.055536578833332934 -0.24682923844444432
0.062070294166666873 0.11579195155555566

Translated matrix object 3
-1.2085558094999997 -0.29528762583333329
-0.3232374075000003 -0.41942821383333323
0.90183418249999914 -0.18748132583333324
0.9606376184999994 -0.10580988683333323
0.97370504849999917 0.0052632701666668474
0.94103647349999964 0.077134137166666797
0.84956446149999976 0.15880557616666674
0.67642100950000017 0.26987873416666652
0.35626896750000003 0.37441817616666689
-0.20889739250000003 0.48222447616666692
-1.1987552374999997 0.064066707166666806
-0.73159460449999958 0.050999276166666732
-0.73812831950000002 -0.037205877833333317
-0.44084428049999957 -0.0078041598333330325
-0.45064485349999928 -0.10907674483333299
-0.45391171049999979 -0.20708247183333323
-0.019419653499999939 -0.22341675983333292
0.11452150750000012 0.10980271316666701

Translated matrix object 4
-1.1575565331111108 -0.34846480755555542
-0.27550498911111099 -0.41053510155555561
0.86789516188888982 -0.17858821355555549
0.94629974388888949 -0.083849344555555122
0.9659008888888897 0.017423240444444557
0.93323231288888941 0.11216211044444453
0.84176030088888931 0.19710040644444482
0.6032796988888891 0.31797413744444453
0.27659394088888878 0.41924672144444469
-0.29183927611111082 0.48458387344444437
-1.1281548151111114 0.0010889524444445409
-0.69039590011111129 0.020690097444444736
-0.6903959001111114 -0.070781914555555464
-0.39964557611111134 -0.01851219255555539
-0.41271300711111131 -0.11978477755555557
-0.42251357911111131 -0.22105736255555566
-0.04355810111111158 -0.23412479255555568
0.077315628888888988 0.11542896744444442

Translated matrix object 5
-1.0933083338888889 -0.45100783705555553
-0.22759107788888894 -0.45100783705555553
0.90274164311111083 -0.058984928055555656
0.9386770761111114 0.02595336894444434
0.95174450611111139 0.11742538094444438
0.90927535811111149 0.20563053494444425
0.76880048211111085 0.28403511694444428
0.59892388811111119 0.34937226794444431
0.233035840111111 0.42777684994444443
-0.34846480788888873 0.4343105649444442
-1.1292437678888889 -0.091653504055555557
-0.69475171088888898 -0.049184356055555482
-0.67841742288888929 -0.13085579505555558
-0.39746767088888935 -0.055718071055555533
-0.3942008138888895 -0.16352437105555556
-0.38766709888888939 -0.27133067105555553
0.0043558101111107472 -0.23866209505555561
0.043558101111110581 0.11742538094444444

Translated matrix object 6
-1.1798800606666662 -0.21397917100000008
-0.35663195166666667 -0.39038948000000007
0.87824021133333241 -0.25318146199999969
0.94357736233333245 -0.18457745300000017
0.99258022633333309 -0.086571725999999655
0.97297908033333325 0.011434002000000054
0.87824021133333285 0.096372297999999856
0.68876247133333357 0.22051288599999982
0.33267499633333353 0.36752147700000015
-0.21942393366666624 0.50799635300000034
-1.1439446266666662 0.14537516200000009
-0.70618571166666655 0.093105441000000233
-0.71925314266666607 0.01796771700000005
-0.42850281866666584 0.044102576999999921
-0.44810396366666616 -0.070237437999999958
-0.46117139366666637 -0.17151002300000023
-0.092016488666665758 -0.2270466010000001
0.068059532333334172 0.093105441000000067

Translated matrix object 7
-1.2709890883888888 -0.26788232083333335
-0.31053296138888886 -0.4344920568333332
0.95700777661111025 -0.19927831183333339
1.0060106406111109 -0.10780629983333329
1.0354123586111108 -0.0032668578333333864
1.0027437826111119 0.078404582166666473
0.88187005261111184 0.16987659416666656
0.66952431061111128 0.27441603616666665
0.33957169561111095 0.40182348116666661
-0.27133067038888881 0.49002863616666664
-1.2513879423888885 0.065337151166666732
-0.74502501938888921 0.039202291166666806
-0.75482559138888861 -0.052269720833333422
-0.40200497338888874 -0.01306743083333331
-0.41833926138888866 -0.1045394428333333
-0.43140669138888876 -0.20907888483333315
-0.13412265238888871 -0.24828117583333326
0.09782423461111156 0.12087373016666692

Translated matrix object 8
-1.144126119333333 -0.31779264516666667
-0.28167571933333324 -0.42559894516666652
0.89112614866666651 -0.20671948716666666
0.95319644266666714 -0.10871376016666678
0.96953073066666706 -0.013974891166666607
0.959730158666667 0.084030836833333261
0.84865700066666705 0.17876970583333326
0.65591240366666692 0.28984286383333346
0.27695692566666685 0.41398345083333354
-0.26207457433333303 0.48585431783333327
-1.1375924033333331 0.064429690833333386
-0.72596834933333343 0.031761114833333333
-0.72270149233333314 -0.046643466166666786
-0.44501859833333324 -0.0009074601666667001
-0.45481917133333316 -0.11198061816666677
-0.45808602833333323 -0.21652006016666678
-0.043195116333333367 -0.22958749016666677
0.12014776166666685 0.12976684283333328

Translated matrix object 9
-1.1858692993888884 -0.46407526766666685
-0.25808174838888887 -0.47060898266666706
0.96045612661111135 -0.049184355666666957
0.98985784461111126 0.048821371333333391
0.98005727161111067 0.12069223833333373
0.94412183861111099 0.20563053533333364
0.84284925361111074 0.28076825933333383
0.64683779961111099 0.36897341333333344
0.25808174861111105 0.4277768503333329
-0.30708461138888876 0.46044542533333332
-1.2054704443888888 -0.094920361666666592
-0.74484352638888884 -0.068785501666666693
-0.74484352638888862 -0.14719008266666675
-0.41162405438888883 -0.062251785666666837
-0.40509033938888817 -0.17005808566666664
-0.40835719638888857 -0.27133067066666672
-0.03593543338888866 -0.24519580966666688
0.084938296611111852 0.13049281033333338

Translated matrix object 10
-1.1746167894999997 -0.26661187633333322
-0.31216639050000033 -0.41035360933333331
0.86063547850000033 -0.21107529733333324
0.94557377550000021 -0.10653585533333315
0.95210749049999954 -0.0085301283333332617
0.93577320250000051 0.10254302966666669
0.83776747550000064 0.17441389566666698
0.64175602149999977 0.26261905066666713
0.29873597550000025 0.38022592266666655
-0.24029552350000008 0.45209678966666722
-1.1648162164999998 0.063340738666666743
-0.7237904445000003 0.027405305666666505
-0.73359101749999978 -0.047732419333333428
-0.38730411449999957 0.0012704446666667729
-0.40363840249999972 -0.10653585533333326
-0.41997269049999936 -0.19800786733333348
-0.005081778499999301 -0.21434215533333334
0.09292394850000063 0.10580988666666657

Translated matrix object 11
-1.2161784779444444 -0.25771876438888897
-0.33412693294444418 -0.3916599243888888
0.89747837205555614 -0.2315839033888889
0.99221724205555573 -0.13684503438888895
1.0150852450555559 -0.038839306388888786
0.99875095705555506 0.055899562611111245
0.89094465705555548 0.14410471761111115
0.70800063305555683 0.24864415961111092
0.32577829705555589 0.37931846261111107
-0.26552292394444443 0.4903916206111113
-1.1965773319444446 0.091834996611111122
-0.75881841794444416 0.059166420611111062
-0.76861898994444422 -0.025771876388888795
-0.41579837194444447 0.016697271611111092
-0.43866637494444449 -0.097642743388888634
-0.46806809394444443 -0.19891532738888865
-0.0466434669444446 -0.21524961538888876
0.080763979055555435 0.10816928361111144



SCALING to UNIT Centroid Size

Scaled individual 0
3.2514352899057433
-0.368 -0.100
-0.092 -0.131
0.279 -0.054
0.300 -0.026
0.306 0.005
0.297 0.033
0.264 0.059
0.203 0.090
0.091 0.124
-0.084 0.147
-0.365 0.010
-0.224 0.006
-0.226 -0.019
-0.128 -0.003
-0.131 -0.036
-0.134 -0.068
-0.014 -0.071
0.026 0.035
Scaled individual 1
3.4455911099852838
-0.377 -0.087
-0.095 -0.124
0.269 -0.065
0.297 -0.035
0.310 -0.003
0.304 0.029
0.270 0.053
0.202 0.086
0.088 0.121
-0.078 0.145
-0.369 0.013
-0.221 0.011
-0.224 -0.016
-0.126 -0.001
-0.129 -0.032
-0.134 -0.063
-0.008 -0.067
0.022 0.035
Scaled individual 2
3.3564897967017311
-0.368 -0.112
-0.087 -0.139
0.282 -0.042
0.304 -0.008
0.308 0.020
0.296 0.046
0.262 0.071
0.200 0.096
0.077 0.125
-0.094 0.142
-0.366 -0.005
-0.222 -0.003
-0.223 -0.030
-0.121 -0.004
-0.122 -0.040
-0.128 -0.075
-0.017 -0.074
0.018 0.034
Scaled individual 3
3.2449800404510314
-0.372 -0.091
-0.100 -0.129
0.278 -0.058
0.296 -0.033
0.300 0.002
0.290 0.024
0.262 0.049
0.208 0.083
0.110 0.115
-0.064 0.149
-0.369 0.020
-0.225 0.016
-0.227 -0.011
-0.136 -0.002
-0.139 -0.034
-0.140 -0.064
-0.006 -0.069
0.035 0.034
Scaled individual 4
3.1423807723789041
-0.368 -0.111
-0.088 -0.131
0.276 -0.057
0.301 -0.027
0.307 0.006
0.297 0.036
0.268 0.063
0.192 0.101
0.088 0.133
-0.093 0.154
-0.359 0.000
-0.220 0.007
-0.220 -0.023
-0.127 -0.006
-0.131 -0.038
-0.134 -0.070
-0.014 -0.075
0.025 0.037
Scaled individual 5
3.1190585839847449
-0.351 -0.145
-0.073 -0.145
0.289 -0.019
0.301 0.008
0.305 0.038
0.292 0.066
0.246 0.091
0.192 0.112
0.075 0.137
-0.112 0.139
-0.362 -0.029
-0.223 -0.016
-0.218 -0.042
-0.127 -0.018
-0.126 -0.052
-0.124 -0.087
0.001 -0.077
0.014 0.038
Scaled individual 6
3.2146326716893387
-0.367 -0.067
-0.111 -0.121
0.273 -0.079
0.294 -0.057
0.309 -0.027
0.303 0.004
0.273 0.030
0.214 0.069
0.103 0.114
-0.068 0.158
-0.356 0.045
-0.220 0.029
-0.224 0.006
-0.133 0.014
-0.139 -0.022
-0.143 -0.053
-0.029 -0.071
0.021 0.029
Scaled individual 7
3.3670018485767197
-0.377 -0.080
-0.092 -0.129
0.284 -0.059
0.299 -0.032
0.308 -0.001
0.298 0.023
0.262 0.050
0.199 0.082
0.101 0.119
-0.081 0.146
-0.372 0.019
-0.221 0.012
-0.224 -0.016
-0.119 -0.004
-0.124 -0.031
-0.128 -0.062
-0.040 -0.074
0.029 0.036
Scaled individual 8
3.19782594435187
-0.358 -0.099
-0.088 -0.133
0.279 -0.065
0.298 -0.034
0.303 -0.004
0.300 0.026
0.265 0.056
0.205 0.091
0.087 0.129
-0.082 0.152
-0.356 0.020
-0.227 0.010
-0.226 -0.015
-0.139 -0.000
-0.142 -0.035
-0.143 -0.068
-0.014 -0.072
0.038 0.041
Scaled individual 9
3.3038978407761967
-0.359 -0.140
-0.078 -0.142
0.291 -0.015
0.300 0.015
0.297 0.037
0.286 0.062
0.255 0.085
0.196 0.112
0.078 0.129
-0.093 0.139
-0.365 -0.029
-0.225 -0.021
-0.225 -0.045
-0.125 -0.019
-0.123 -0.051
-0.124 -0.082
-0.011 -0.074
0.026 0.039
Scaled individual 10
3.1528860688347695
-0.373 -0.085
-0.099 -0.130
0.273 -0.067
0.300 -0.034
0.302 -0.003
0.297 0.033
0.266 0.055
0.204 0.083
0.095 0.121
-0.076 0.143
-0.369 0.020
-0.230 0.009
-0.233 -0.015
-0.123 0.000
-0.128 -0.034
-0.133 -0.063
-0.002 -0.068
0.029 0.034
Scaled individual 11
3.3099142347503663
-0.367 -0.078
-0.101 -0.118
0.271 -0.070
0.300 -0.041
0.307 -0.012
0.302 0.017
0.269 0.044
0.214 0.075
0.098 0.115
-0.080 0.148
-0.362 0.028
-0.229 0.018
-0.232 -0.008
-0.126 0.005
-0.133 -0.030
-0.141 -0.060
-0.014 -0.065
0.024 0.033

{translated and scaled (first one is consensus)} saved in 
C:/Users/vmc04/Documents/GitHub/wingproj/Gomez analysis plan/Field 18 Procrustes analysis MOG individual/2017_09_06 Field 18 SJU scaled_TRANSCALED.txt


 - Centroid sizes -  saved in 
C:/Users/vmc04/Documents/GitHub/wingproj/Gomez analysis plan/Field 18 Procrustes analysis MOG individual/2017_09_06 Field 18 SJU scaled_CS.txt


ROTATION (aligned specimens)
New sum of Procrustes distances to mean shape: 0.0079114827622620097
Convergence = 0.057455976531494819
New sum of Procrustes distances to mean shape: 0.007408510261776009
Convergence = 0.0005029725004860007
New sum of Procrustes distances to mean shape: 0.0074039412580161933
Convergence = 4.5690037598156499e-06
New sum of Procrustes distances to mean shape: 0.0074038956020593648
Convergence = 4.5655956828517807e-08
Procedure ROTATION
Last consensus, 

-0.3678 -0.0996
-0.0922 -0.1314
0.2793 -0.0544
0.2996 -0.0254
0.3055 0.0048
0.2972 0.0333
0.2640 0.0590
0.2027 0.0901
0.0911 0.1239
-0.0839 0.1472
-0.3647 0.0094
-0.2243 0.0064
-0.2255 -0.0195
-0.1278 -0.0033
-0.1309 -0.0365
-0.1342 -0.0681
-0.0139 -0.0714
0.0257 0.0355


rotated object 0 
-0.3744 -0.0962
-0.0920 -0.1263
0.2706 -0.0587
0.2973 -0.0277
0.3098 0.0048
0.3034 0.0360
0.2686 0.0598
0.1996 0.0913
0.0850 0.1227
-0.0815 0.1433
-0.3692 0.0045
-0.2213 0.0052
-0.2235 -0.0214
-0.1263 -0.0039
-0.1283 -0.0352
-0.1323 -0.0666
-0.0062 -0.0673
0.0207 0.0358

rotated object 1 
-0.3725 -0.0961
-0.0927 -0.1348
0.2801 -0.0548
0.3030 -0.0217
0.3081 0.0063
0.2976 0.0331
0.2647 0.0589
0.2036 0.0869
0.0823 0.1215
-0.0881 0.1456
-0.3658 0.0108
-0.2218 0.0063
-0.2240 -0.0199
-0.1208 0.0009
-0.1233 -0.0350
-0.1307 -0.0688
-0.0198 -0.0727
0.0200 0.0336

rotated object 2 
-0.3694 -0.1027
-0.0955 -0.1323
0.2796 -0.0490
0.2969 -0.0233
0.2999 0.0111
0.2891 0.0329
0.2601 0.0572
0.2057 0.0897
0.1061 0.1188
-0.0690 0.1465
-0.3699 0.0081
-0.2258 0.0086
-0.2270 -0.0186
-0.1357 -0.0067
-0.1377 -0.0380
-0.1378 -0.0682
-0.0038 -0.0690
0.0342 0.0349

rotated object 3 
-0.3700 -0.1053
-0.0896 -0.1293
0.2753 -0.0610
0.3007 -0.0313
0.3074 0.0009
0.2975 0.0312
0.2688 0.0587
0.1935 0.0983
0.0900 0.1321
-0.0905 0.1556
-0.3590 0.0058
-0.2196 0.0099
-0.2200 -0.0192
-0.1273 -0.0040
-0.1319 -0.0361
-0.1355 -0.0683
-0.0150 -0.0743
0.0252 0.0364

rotated object 4 
-0.3652 -0.1020
-0.0896 -0.1349
0.2851 -0.0531
0.2998 -0.0275
0.3074 0.0012
0.2973 0.0309
0.2556 0.0612
0.2040 0.0884
0.0905 0.1273
-0.0944 0.1515
-0.3630 0.0138
-0.2230 0.0108
-0.2209 -0.0158
-0.1287 -0.0026
-0.1317 -0.0371
-0.1337 -0.0716
-0.0077 -0.0761
0.0183 0.0357

rotated object 5 
-0.3583 -0.1038
-0.0979 -0.1322
0.2798 -0.0504
0.2979 -0.0271
0.3099 0.0048
0.3007 0.0345
0.2687 0.0578
0.2061 0.0902
0.0912 0.1243
-0.0841 0.1502
-0.3586 0.0086
-0.2215 0.0063
-0.2231 -0.0173
-0.1340 0.0000
-0.1364 -0.0360
-0.1372 -0.0678
-0.0212 -0.0732
0.0181 0.0310

rotated object 6 
-0.3749 -0.0910
-0.0883 -0.1318
0.2859 -0.0505
0.2996 -0.0229
0.3074 0.0084
0.2970 0.0323
0.2603 0.0584
0.1963 0.0875
0.0972 0.1223
-0.0850 0.1430
-0.3721 0.0081
-0.2215 0.0049
-0.2236 -0.0223
-0.1192 -0.0075
-0.1232 -0.0348
-0.1262 -0.0660
-0.0376 -0.0749
0.0280 0.0368

rotated object 7 
-0.3560 -0.1056
-0.0858 -0.1346
0.2797 -0.0598
0.2986 -0.0288
0.3032 0.0009
0.2996 0.0315
0.2644 0.0605
0.2035 0.0942
0.0843 0.1309
-0.0846 0.1505
-0.3560 0.0139
-0.2272 0.0060
-0.2257 -0.0185
-0.1391 -0.0027
-0.1416 -0.0375
-0.1420 -0.0702
-0.0123 -0.0720
0.0369 0.0412

rotated object 8 
-0.3723 -0.0999
-0.0934 -0.1329
0.2873 -0.0469
0.2994 -0.0184
0.2989 0.0035
0.2909 0.0303
0.2629 0.0563
0.2069 0.0893
0.0920 0.1200
-0.0770 0.1488
-0.3658 0.0118
-0.2264 0.0042
-0.2290 -0.0193
-0.1259 -0.0049
-0.1275 -0.0376
-0.1319 -0.0680
-0.0190 -0.0726
0.0299 0.0364

rotated object 9 
-0.3702 -0.0943
-0.0956 -0.1327
0.2746 -0.0598
0.3007 -0.0259
0.3019 0.0052
0.2958 0.0403
0.2642 0.0623
0.2013 0.0886
0.0916 0.1230
-0.0799 0.1413
-0.3698 0.0104
-0.2297 0.0027
-0.2322 -0.0212
-0.1228 -0.0028
-0.1271 -0.0371
-0.1315 -0.0663
0.0002 -0.0680
0.0286 0.0343

rotated object 10 
-0.3624 -0.0985
-0.0941 -0.1239
0.2747 -0.0545
0.3016 -0.0243
0.3069 0.0056
0.3003 0.0339
0.2663 0.0587
0.2093 0.0871
0.0918 0.1200
-0.0885 0.1434
-0.3625 0.0072
-0.2299 0.0049
-0.2314 -0.0209
-0.1257 -0.0021
-0.1306 -0.0370
-0.1378 -0.0680
-0.0104 -0.0657
0.0225 0.0340

Aligned specimens ('coord. residuales') saved in 
C:/Users/vmc04/Documents/GitHub/wingproj/Gomez analysis plan/Field 18 Procrustes analysis MOG individual/2017_09_06 Field 18 SJU scaled_ALIGNED.txt


Orthogonal projection of the preshape data to the Kendall tangent space ('coordenadas residuales' proyectadas en un plano tangential al espacio de la forma) saved in 
C:/Users/vmc04/Documents/GitHub/wingproj/Gomez analysis plan/Field 18 Procrustes analysis MOG individual/2017_09_06 Field 18 SJU scaled_ProcrRes.txt


ITERATION 1 : consensus:
-0.37613669752778006 -0.06083330608736532 -0.10537063425181889 -0.12113485853559873 0.27217733924960613 -0.083139598009508403 0.29534277681115834 -0.056338810049282789 0.30437778626582529 -0.026973693190932044 0.29905729251895169 0.0022923090820457562 0.26875241654013321 0.031301522852066638 0.21097170200043838 0.068593938235559676 0.10347024842587155 0.11377753611252647 -0.068113284624187559 0.15516347836348252 -0.36176088044346921 0.047195806748558319 -0.2224692600926608 0.029621764518568638 -0.22630716780030682 0.0040216750528649526 -0.12741687292787496 0.0099936428060803783 -0.13395423202835802 -0.022696042546327636 -0.14060125953685071 -0.053836337408889053 -0.021233084088696164 -0.069616559876620895 0.029213811510019283 0.032607531932771806


ITERATION 2 : consensus:
-0.37614534091637863 -0.060779812346142006 -0.10538785025403176 -0.12111987508405213 0.27216548702185928 -0.083178274330312441 0.29533474518757552 -0.056380816066556649 0.3043739277339727 -0.027016998856853259 0.29905762062040736 0.0022497538592383959 0.26875687422978012 0.031263291357089724 0.21098145767946927 0.068563943158410939 0.10348644554690772 0.1137628641859168 -0.068091211288585765 0.15517320972739493 -0.36175416962537271 0.047247242324495349 -0.22246504279709514 0.029653394126656938 -0.22630659353037166 0.0040538487121319928 -0.12741543797021737 0.010011740117195857 -0.13395745647690419 -0.022677010767903641 -0.14060891787605895 -0.053816346761629538 -0.021242985083303609 -0.069613576607887015 0.029218447798347744 0.032603423252805713


PARTIAL WARPS scores (mdonnees_pw) 

Componente NO UNIFORME:
Las diferencias entre cada objeto y el consenso se proyectan utilizando los eigenvectores arriba 
(se multiplica una matriz 'k . p' de diferencias entre coordenadas (objeto versus referencia) 
por la matriz de dimensiones 'p . (p-k-1)' de los principal warps). 
Resulta entonces una matriz de dimensiones 'k . (p-k-1)' 
(la matriz final tendra 'kp-k2-k' + 2 columnas para el componente uniforme) 

Componente UNIFORME:
Estas diferencias se estiman AQUI de acuerdo a las formulas propuestas por Rohlf, 1996 

-0.00060350425548366823 0.00068340335457472198 0.0004773508690533405 0.00069108325470399444 0.00043877307965866269 -0.001241417918610873 -0.00061522698438807037 -0.0012254043840140131 -0.00040217693482136964 -0.0010192003383629989 0.0017181790130316125 -0.00069714199379590611 -0.0065424119227204787 -0.00048642134365551405 -0.0033279326380260266 -0.00119723445620103 -0.0077714564875539533 -0.0022060682795176072 -0.0065182931571325688 -0.002194462943845238 0.008582746935795001 6.3402692571591819e-05 0.0033723421011841049 0.0025053235158816372 0.0072727993041053077 0.0045638928207418807 0.0075742693313546588 -0.0061715292275648535 0.0062450787577501285 0.0030315327764546432 -0.0012190521204439161 -0.0054723948043096894
4.5879855458062216e-06 0.00066464569890079689 0.001367932868832075 -0.00060692066295867369 0.001589242049817119 0.0025125415076965784 -0.00029354996366023119 0.00015836560420728223 -0.002476812591633511 -0.00029541379854543969 -0.0022808241952846503 -0.001822115641274813 0.0021820274785044505 -0.0023207469654428353 0.0034325015567526406 -0.0004621032783577468 0.0061346183361303775 0.0017445783181233205 -0.0035969021569514361 -0.0042076144298147282 -0.00019024868276532026 -0.0022610109624213491 0.00020691873288971891 -7.2834184880903909e-05 0.0071874220988150384 -0.0016741456756628871 0.013357364290762256 0.0019408397025871943 -0.00076243139438322859 -0.0041318406994841836 -0.0057745398439391629 -0.0014235698519252658
-0.0009573322320368256 -0.0039313252758405555 -0.00063044078650401655 0.00024323724072509119 0.0011963004779244487 -0.0013352549101832958 -0.00037261829795367 -0.0011604655310889825 -0.00027963885619988629 -0.0029227697876345292 0.006015005711442342 0.0021064874626931535 -0.004743036681813426 0.00057481681751434725 0.0023260041514053553 0.0010222719132994482 -0.0076495847632308501 -0.0025785573739043883 0.0075967843967385653 0.00076032070964869884 -0.0036484051749790698 0.0013634661064751673 -5.3229896486970719e-06 -0.0023634634787181017 -0.014088060608015842 -0.002127489701239306 -0.012478842326253018 0.0064166995357774854 0.01142836683437575 -0.0026698214730496005 0.015051607432886924 -0.0062113572633653875
-0.00098739701540005481 8.5912591840841269e-05 -0.00012098887298896659 0.0010969262779272331 0.0050835587645928692 -0.0015805722904394016 0.00082782212464287434 -0.0019481345903927803 0.0043780787481822051 -0.0027761778572821558 -0.0028445140038795259 -0.00036648144017002748 0.00010349734569134328 0.0015320385268411136 -0.0088911894234226397 0.0020118393677349116 -0.0024485120763596169 -0.0010938544654981023 0.0016809709713654297 0.0061461955188415757 0.0035591969578800688 -0.00029987816768951045 -0.0053393019206345576 0.0041091877306702104 0.0038961675498700682 0.0046885667426205726 0.0049802607626282542 -0.0030999133510735536 -0.0028398706347328314 0.0093187768770154993 -0.0023218370245476519 0.015409489728792337
-0.00073710209432294432 -0.00026576844863073699 -0.00074674036642013802 0.00099783199050917037 -0.0055141030679605584 0.0014996357385379565 0.0020223570193418929 0.00037101607829926751 -0.0037901487836786351 0.0053771296540037379 -5.5392597982683336e-05 -0.0016430228567688872 -0.0073765266854426709 0.0022199946334040235 0.00212447735035116 0.00024632442720052964 0.00045772149156562102 -0.00014481961693508678 0.0070266215746919948 0.0030456935348504317 -0.0010648831898516348 -0.0011795926653124303 -0.0058388171862744209 -0.002157491848905806 0.001283389713858097 -0.0017323332888651631 0.00036789236366161176 0.0038613499793827221 -0.0035189537127828059 -0.0018109013505499846 -0.011389107323488457 0.010814471068489073
-0.0031021356969287072 -0.0005094564375346547 -0.0007933933674858912 -0.0011592352877581021 -0.0019905708487825773 -0.0034197305673202495 -0.00058863627511767617 0.002295018090181654 0.0009820571485288788 0.0014133886882472582 0.0018683699327447898 -0.0012469632749317538 -0.0012741300019561263 -0.0015422684811632155 0.00072053468700153107 0.0022876642256971619 -0.0027235631019522626 0.0026187134933028733 0.0026431575485661874 0.0023816570346834702 -0.001285227450087756 8.8553595648630684e-05 0.0032473382083910091 0.0013099306198138237 0.0043789222044282134 -0.00055052471297757991 -0.00046810540536990509 0.0060332128943956908 -0.018229620878326327 0.0032438615638914377 0.0046450223644943179 0.0017166173411751729
-0.0024016957011461994 -0.0020434406003057102 -0.00024507014576495502 0.0020417500163338429 -0.0030881658582015011 0.00093199155554615602 -0.0014860483214876772 -0.0025192143102497908 0.0035580005834608235 -0.00053523177625335689 -0.0042027143082509341 0.0035097923008768927 0.012569110305743727 0.0012009648609221911 -0.0089539857145578654 -0.00072237152248694008 0.015416699935157449 0.00055607329140164178 0.0054521300301410671 -0.00249546478558705 -0.015215808436624621 -0.0044339514427946336 0.004955248975317789 0.0016807465666825413 0.004087259787489245 -0.0023845782863334761 0.013466873243745269 -0.0044289717363747445 0.0052241337683036548 -0.0066914310930250567 8.2549460340908471e-05 -0.0071079959024675744
0.0023461668209940984 0.00053241179588184415 0.00042182270996516655 -0.00028038678975839993 -0.0019770616932234179 0.0013600986200831093 0.0018554631778402075 0.0016735872435097853 -0.00043957025498335953 0.00036393096887147658 -0.00060332792142846431 -0.00020911382425200159 0.011043446174801411 0.00057794184755655814 -0.0022673958327177456 -0.00088177706384984299 -0.01175181300467453 0.0024150209580865957 -0.00011206899193613425 0.0010188829072890282 0.0056323815209877292 0.0019147343332995184 -0.0024995735936061709 -0.0054001756756684224 -0.0081709538324278679 0.0017476457039510066 -0.014885699704220514 -0.0023135076411976269 -0.010875754825786543 0.0051846484996833885 -0.0026653774488220616 0.013962375534482763
0.00086202152802308145 0.0021674470315576687 0.00082436825284903535 -0.00051012149375043593 -0.00023207350946805844 0.0019835647230129227 -0.00077333608693584135 0.0015484880995978074 0.0023817469634283364 -0.0012050009627716824 0.0014546837045260992 0.0021787028359909586 0.0080329192603792506 0.002460599440063676 0.0092756239960694667 0.0033569391428816251 0.0073552523803222724 0.0016040791891304656 0.0027926812767579551 0.0018045566012006966 -0.0033666647888964565 -0.00076991656551560011 0.00069328795924963817 -0.0015600527966360162 -0.0064241581573665748 -0.0076030106684969422 0.0012079761902268704 0.0027201635342235541 0.0058207757141540556 -0.0037564950459849401 0.0055159675428921116 -0.0035646367816146562
0.0034111999917709871 0.0025881091748983544 -0.0010757646715688573 -0.0018654932846538311 0.0032482554445906636 -0.001182731713000654 -0.00085921160653545231 0.00070311502707539762 2.6956888888208703e-05 0.001290484837801013 0.0024953089823260984 0.00080273980600580096 -0.0085382590909230151 -0.003090469875687096 0.0028984062477530872 -0.0043375054445668696 0.0004987883446283479 -0.00047243664704859484 -0.010924586214620429 -0.0063064305305205754 0.0035194578868697167 0.0020984779164450441 0.00049026067272868782 0.00037186185751849113 -0.0036563642324296719 0.0056407743980558932 -0.0045961149557998751 -0.0044037471636362005 0.012377179662121344 -0.0051324223115550675 -0.00012027732088408614 -0.0034546639577904825
0.0021651906689849811 2.8061114657425679e-05 0.000520923510033159 -0.00064867126131988779 0.0012458451610520816 0.00047187525467772988 0.00028298521425371679 0.00010362867287436311 -0.0039384929111713068 0.00030886037192670752 -0.0035647743172448343 -0.0026128833743734713 -0.0054566361822644734 -0.0011264494603534839 0.0026629556193911298 -0.0013240473113513658 0.0024818489459671441 -0.0024427288671409887 -0.0060404952776208073 4.6666383253793125e-05 0.003477454421672581 0.0034157151592935277 0.00071761904040307971 0.0015769676942422443 0.0042335761716739279 -0.00056879733179389489 -0.008525873790735947 -0.00055459652651983628 -0.004868903290693203 0.003414092256603809 -0.0017733480408878054 -0.010102700663371215


{partial warps scores - U1 y U2 en las dos ultimas columnas} saved in 
C:/Users/vmc04/Documents/GitHub/wingproj/Gomez analysis plan/Field 18 Procrustes analysis MOG individual/2017_09_06 Field 18 SJU scaled_PW.txt


Relative warps

-0.0023058275734257963 -0.00043985352752102201 -0.019572656189836758 0.0048228593092267524 0.0062540309763937114 -0.0026023452015877589 -0.0020809921118551673 0.0050470001157787193 -0.0054900761023200422 0.0022492034518891146 -1.2556416410097748e-17 -8.7007224341961731e-18 1.3877787807814457e-17 5.5301087060338761e-17 -2.0006918214146574e-17 1.5819187322921313e-17 -1.2241320153719149e-17 1.0794587879808804e-17 1.8370450560051266e-17 1.0221993607464896e-17 4.8692536005860709e-17 1.3023978596982122e-17 -3.2526065174565133e-18 2.1677267186132054e-17 9.5214973600855901e-18 2.3818566476790926e-17 -2.3198538359400778e-17 3.8523058441125579e-18 -1.8472094513721782e-17 -3.0933643233727048e-17 2.9320892502154861e-17 3.6957741554599632e-17
-0.013300719456527201 -0.0094472514218347445 -0.0050117825816292086 -0.0055379462201515456 -0.0046887473480802765 0.0015574875541273362 -0.0061200386586239969 0.0023752980573396969 -0.00022600398943194502 -0.0051564535706152019 -9.1411795667684093e-18 5.7462715141731735e-18 -2.1033522146218786e-17 -8.3009228830921433e-18 1.4416500762268192e-17 -5.3227550405460233e-18 3.3711911300721153e-18 -5.7130678226408049e-17 4.9161792258639592e-17 -8.2229958519447477e-18 -4.332912338384648e-17 -1.974603206639225e-17 2.7267684638010437e-17 -2.4306457454409403e-17 -6.3891695211391875e-18 -3.1299561466940906e-17 1.960034239946451e-17 -2.3686429337019255e-17 7.1543790856887224e-17 -6.9456701674852628e-18 -3.5297556977981204e-17 -3.8922857992229609e-17
... ... ... ...

RELATIVE WARPS saved in 
C:/Users/vmc04/Documents/GitHub/wingproj/Gomez analysis plan/Field 18 Procrustes analysis MOG individual/2017_09_06 Field 18 SJU scaled_RW.txt


{centroid size AND partial warps scores - U1, U2 last columns - first column is size} saved in 
C:/Users/vmc04/Documents/GitHub/wingproj/Gomez analysis plan/Field 18 Procrustes analysis MOG individual/2017_09_06 Field 18 SJU scaled_PW_CS.txt
First column is centroid size
Centroid sizes 	 tamanhos centroides 	1.00	1.00	1.00	1.00	1.00	1.00	1.00	1.00	1.00	1.00	1.00
Native, unrounded sizes 
3.4455911099852838 3.3564897967017311 3.2449800404510314 3.1423807723789041 3.1190585839847449 3.2146326716893387 3.3670018485767197 3.19782594435187 3.3038978407761967 3.1528860688347695 3.3099142347503663

