C:/Users/vmc04/Documents/GitHub/wingproj/Gomez analysis plan/Field 18 Procrustes analysis MOG individual/2017_09_06 Field 18 RMO scaled  - Centroid sizes -  Field18RMO scaled- 45
2.5695127609356283
2.6808097010546583
2.813344832835349
2.6894240590471634
2.9741771489090261
2.9046376175735671
2.7197628627681594
3.0101259727099423
2.9061122499006311
2.6696329099108289
3.1048127600957893
2.7528991191519596
3.0060325860811359
2.6848731230921956
2.8181878839182102
2.3878800890581853
2.7809237953099237
2.9375944059092562
2.6901766022463187
2.9555809505785295
2.9888206993656325
2.376432997119847
2.9467145850990617
2.9552479250442372
2.9048246927298824
2.7649048204214273
3.0350910979879493
2.9752069240610868
2.9080040343000872
3.0183774172408446
2.7275517568177547
3.0471117714241616
2.6314609289760025
2.9939828320547517
2.7998436971778138
2.8704128590613207
2.9340893707998004
2.6434902889243954
2.6963288018764451
2.7224298777374019
2.7241745517495541
3.0599678317268562
2.6018511320725985
2.8956122984313373
2.9383423103512478
