C:/Users/vmc04/Documents/GitHub/wingproj/Gomez analysis plan/Field 18 Procrustes analysis MOG individual/2017_09_06 Field 18 TLC scaled  - Centroid sizes -  Field18TLC scaled- 54
2.6513363129156478
3.1913819249137672
2.9708992881033214
3.0550810996178721
2.7741801310081198
2.9554609859355612
2.8087201546978169
2.8647334861044813
2.9899428972816677
2.4588926575736396
2.6599535063427151
2.7018619460529472
2.9085908674008727
3.002808354929043
2.8722283492961558
2.7805012967370133
2.8697554112213011
3.0461574956428485
2.9523800457796523
3.0264719769510875
2.8996022896150189
2.9629412671578823
3.0883626633849208
2.6759403610965107
2.8400317129128285
2.7835646934045726
2.9153710848655883
3.0394880035906646
2.8788004180554574
2.9197274427026758
2.806383514110621
2.9821927662617793
2.8608811836371659
2.7054967943289814
2.9923591116591171
3.0033506067994264
3.0805934748027526
2.7049541252695533
2.9702463165715018
2.9029672936655504
2.7966083895369378
2.8297813721907645
2.4339647998216369
2.7572320928629259
2.8928736549329255
2.7996277940883414
2.7546644221554923
2.8023728284812912
2.8332211416821207
3.083844720199028
2.7639396676556478
2.8881325432727936
2.9318445603174026
2.8408346262357891
