C:/Users/vmc04/Documents/GitHub/wingproj/Gomez analysis plan/Field 18 Procrustes analysis MOG individual/2017_09_06 Field 18 RPV scaled  - Centroid sizes -  Field18RPV scaled- 47
2.4920287740287934
2.868462282582847
3.0798762644512645
2.725448795729605
2.6752290258982416
2.7216006379321547
2.7289942197060144
2.8876475016533454
2.7094283319264481
2.701840439969927
2.6759813510852379
2.7828409201595221
2.7975168097029242
2.8430822677351943
2.364021002293081
2.6055823778141631
2.8955643845952439
2.9095194482157507
2.3717892205765629
2.782852745135886
2.8111285691978942
2.9179572535598228
3.0015843998097425
2.870124902111324
2.7637204243678446
2.823916777110731
2.81498355888152
2.8023969481226811
2.5638114701594898
2.5943324329109103
2.6416108544102235
2.6867542931497237
2.7026719044332643
2.6197325843950674
2.8273654647066198
2.7498638729278042
2.6840160434443381
2.7489028215455193
2.465655447941236
2.5011251847978224
2.7731565249703283
2.7961495619820833
3.0169478326223236
2.5899682187008533
2.9960763039459661
2.9267451261266175
2.7318708910753524
