C:/Users/vmc04/Documents/GitHub/wingproj/Gomez analysis plan/Field 18 Procrustes analysis MOG individual/2017_09_06 Field 18 RPV scaled - {Relative warps} - Field18RPV scaled- 47
-0.00040 -0.01952 0.01012 0.00255 0.01319 -0.00654 -0.00344 -0.00706 0.00734 -0.00464 -0.00582 -0.00566 -0.00325 -0.00435 -0.00250 -0.00645 0.00298 0.00031 0.00107 0.00181 0.00056 0.00057 -0.00135 0.00077 -0.00120 -0.00129 0.00097 -0.00027 -0.00035 -0.00009 0.00039 0.00033
0.02725 0.01250 0.01441 -0.00248 -0.00215 -0.00844 -0.01049 -0.00187 0.00599 -0.00418 0.00069 0.00048 0.00076 -0.00338 -0.00212 -0.00215 0.00249 -0.00378 -0.00097 -0.00121 -0.00242 -0.00094 0.00077 -0.00168 0.00141 0.00097 -0.00140 -0.00042 0.00027 0.00071 -0.00080 -0.00078
-0.01018 -0.00721 -0.00258 0.01279 0.00891 -0.00911 0.00163 -0.00296 0.00606 -0.00057 0.00102 -0.00007 0.00150 -0.00315 -0.00365 0.00088 -0.00345 0.00646 0.00213 -0.00029 -0.00159 -0.00122 -0.00063 -0.00079 -0.00131 0.00093 -0.00085 0.00020 -0.00007 -0.00007 0.00018 -0.00044
0.01358 -0.00387 0.02057 0.02804 0.00193 -0.00519 0.00603 0.01435 0.00541 -0.01029 0.00051 0.00537 0.00091 0.00070 -0.00313 0.00408 0.00119 -0.00032 -0.00326 0.00053 -0.00047 -0.00165 0.00217 0.00361 0.00049 0.00023 0.00074 0.00126 0.00039 0.00075 0.00024 0.00029
0.02714 0.02095 0.00820 0.00495 -0.00482 -0.01787 -0.00501 -0.00017 -0.01479 -0.00795 0.00514 -0.00228 0.00262 -0.00208 -0.00199 -0.00057 -0.00342 -0.00061 0.00191 0.00113 0.00176 -0.00070 -0.00031 -0.00029 0.00020 0.00110 0.00102 -0.00008 -0.00039 -0.00087 -0.00037 -0.00014
0.00913 0.02434 0.00512 0.01936 0.00354 0.01763 0.00948 0.00358 0.00196 -0.00226 -0.00841 0.00294 -0.00180 -0.00440 0.00538 -0.00360 -0.00004 0.00296 -0.00314 0.00035 0.00116 0.00018 0.00069 -0.00345 0.00074 0.00094 -0.00025 -0.00111 0.00037 0.00004 0.00043 0.00025
-0.01707 -0.02955 0.00730 0.01717 -0.00221 0.00081 -0.00979 0.00177 0.00051 0.00746 0.00126 -0.00503 -0.00008 0.00212 0.00485 -0.00306 -0.00200 -0.00079 -0.00026 0.00082 0.00054 0.00265 -0.00011 0.00096 0.00172 0.00028 0.00090 0.00259 0.00087 0.00113 -0.00134 0.00034
0.00591 0.00997 0.01931 0.00048 -0.00419 -0.00158 -0.00238 -0.00635 -0.01144 -0.00106 0.00777 -0.00219 -0.00392 -0.00070 0.00253 0.00084 0.00050 0.00320 0.00043 -0.00045 -0.00113 0.00080 -0.00066 -0.00088 0.00106 0.00045 0.00086 0.00114 -0.00006 -0.00018 0.00110 0.00015
0.00657 0.01049 -0.01413 -0.00385 0.01653 -0.00318 -0.00740 -0.01020 0.00204 -0.00112 0.00573 0.00272 -0.00259 0.00142 0.00529 -0.00326 -0.00128 0.00054 -0.00474 -0.00149 -0.00335 0.00012 -0.00051 -0.00013 0.00225 0.00071 0.00160 -0.00033 0.00094 0.00040 0.00053 0.00010
0.00751 0.00466 -0.00679 0.00773 -0.01934 -0.00769 0.00065 -0.01448 0.01009 -0.00027 0.00433 -0.00822 -0.00091 -0.00038 -0.00049 0.00281 -0.00378 -0.00078 -0.00081 -0.00083 0.00050 0.00148 0.00247 -0.00024 -0.00290 -0.00033 -0.00148 0.00023 0.00066 0.00008 0.00070 -0.00001
0.02834 0.01887 -0.01426 0.01071 0.00673 -0.00448 0.00635 0.00157 0.00690 0.00895 0.00668 0.00236 0.00980 0.00256 0.00143 -0.00579 0.00096 -0.00186 0.00208 -0.00165 -0.00085 -0.00024 -0.00016 0.00161 0.00112 -0.00111 -0.00078 -0.00020 -0.00152 -0.00097 0.00160 0.00027
-0.00194 0.00714 -0.00888 0.01796 0.00504 0.01067 -0.00744 0.00369 0.00481 -0.00264 0.00420 0.00324 0.00060 0.00186 0.00002 0.00470 -0.00049 -0.00004 0.00511 -0.00452 0.00460 0.00043 -0.00334 -0.00141 0.00001 0.00123 -0.00008 0.00070 0.00040 -0.00082 -0.00027 0.00050
0.01660 0.00530 -0.01312 -0.01357 0.00805 -0.00088 -0.00017 0.00193 -0.00227 -0.00861 0.00005 -0.00007 -0.00581 0.00678 0.00182 0.00383 -0.00249 0.00527 -0.00161 0.00216 0.00169 0.00151 -0.00029 0.00104 0.00061 -0.00010 -0.00097 -0.00067 -0.00120 0.00008 -0.00006 -0.00043
-0.00760 -0.01692 0.00804 0.01018 0.01190 0.01707 0.00457 -0.00053 0.00064 0.00107 -0.00086 -0.00559 -0.00385 -0.00320 -0.00345 0.00457 -0.00537 -0.00415 0.00227 0.00072 -0.00347 0.00227 -0.00081 0.00024 0.00179 -0.00042 -0.00031 -0.00158 -0.00102 -0.00064 -0.00003 -0.00043
0.02813 0.01097 0.00678 -0.00616 0.00020 0.00054 -0.00851 -0.00097 0.01147 0.00018 -0.00637 -0.00179 -0.00154 0.00252 0.00514 0.00600 -0.00071 -0.00122 0.00127 0.00462 -0.00201 -0.00165 -0.00247 -0.00025 -0.00053 -0.00021 0.00005 0.00101 -0.00096 0.00044 0.00027 -0.00015
0.03183 0.02230 -0.00964 0.00359 0.00256 -0.00694 0.00904 0.00187 -0.00876 0.00641 -0.00506 -0.00256 -0.00117 -0.00442 0.00402 0.00346 0.00188 -0.00123 0.00473 -0.00014 -0.00150 0.00161 0.00213 0.00131 0.00117 -0.00009 -0.00038 -0.00033 0.00141 0.00017 -0.00095 0.00007
-0.00036 -0.01505 -0.00165 0.01896 -0.00357 0.00482 0.00847 -0.00617 -0.01501 -0.00683 -0.00374 -0.00580 0.00345 0.00178 0.00181 -0.00220 -0.00090 -0.00123 -0.00258 -0.00077 -0.00083 -0.00216 -0.00153 -0.00038 -0.00067 -0.00224 -0.00153 0.00037 -0.00094 -0.00017 -0.00022 0.00016
-0.03343 -0.01392 -0.00568 0.00776 0.00803 -0.01656 0.00073 0.00253 -0.00149 0.00245 -0.00397 0.00385 -0.00207 0.00138 -0.00003 -0.00424 -0.00146 -0.00303 0.00176 0.00186 0.00312 -0.00036 0.00162 -0.00186 -0.00123 0.00186 0.00022 -0.00046 -0.00180 0.00130 0.00010 -0.00021
-0.00622 0.01371 0.01490 -0.00145 -0.00003 -0.00071 -0.02015 0.00010 0.00064 -0.00064 -0.00339 0.00011 0.00347 -0.00038 0.00249 0.00142 0.00309 -0.00055 -0.00013 -0.00060 0.00315 -0.00059 0.00148 -0.00146 0.00068 -0.00392 -0.00100 -0.00036 0.00010 -0.00075 0.00013 -0.00069
0.02172 0.01403 0.02068 0.00085 0.00206 -0.00392 -0.00130 -0.00236 -0.00380 0.00720 -0.00409 0.00469 -0.00400 0.00723 -0.00242 -0.00204 0.00041 0.00247 0.00166 -0.00238 -0.00015 0.00319 0.00033 0.00082 -0.00107 -0.00106 0.00076 -0.00135 -0.00123 0.00149 -0.00067 0.00013
0.00813 0.00906 0.00084 -0.00310 -0.01463 0.00388 0.00463 0.00611 0.00495 0.00166 0.00150 -0.00111 0.00111 0.00498 0.00058 -0.00017 0.00101 0.00310 -0.00050 0.00030 0.00011 0.00035 -0.00118 0.00195 -0.00150 -0.00028 -0.00077 -0.00111 0.00047 0.00025 -0.00088 -0.00007
-0.03097 -0.00664 -0.01404 -0.00534 -0.00154 -0.01004 -0.00464 0.00487 0.00224 0.00181 0.00226 0.00089 -0.00436 -0.00398 0.00335 0.00159 -0.00180 0.00349 0.00317 0.00105 -0.00078 -0.00302 0.00201 0.00057 0.00224 -0.00036 -0.00090 -0.00035 -0.00000 0.00015 0.00005 0.00091
-0.01597 -0.00276 0.01284 -0.00316 0.00189 0.01643 -0.01039 -0.00441 -0.00281 0.00243 0.00151 0.00016 0.00556 0.00321 0.00167 0.00089 -0.00348 0.00028 -0.00040 0.00144 0.00050 -0.00040 0.00438 0.00009 -0.00181 -0.00079 0.00116 -0.00054 0.00009 -0.00032 0.00067 0.00087
-0.00848 -0.00422 -0.00548 0.00871 -0.00807 0.00080 0.00734 -0.00229 0.00348 0.00055 0.00270 -0.00339 -0.00110 0.00278 -0.00362 -0.00557 0.00228 0.00322 -0.00006 0.00441 0.00216 0.00175 0.00055 0.00068 0.00232 -0.00027 -0.00030 -0.00068 0.00128 -0.00139 0.00011 -0.00070
-0.01177 -0.00375 0.01191 -0.00281 -0.00498 -0.00939 -0.00567 0.00865 -0.00251 0.01011 -0.00440 -0.00025 -0.00027 -0.00025 -0.00311 0.00090 0.00045 0.00091 -0.00253 0.00199 -0.00152 -0.00105 -0.00157 -0.00107 0.00024 0.00108 -0.00135 -0.00146 0.00050 -0.00199 -0.00045 0.00118
-0.00325 -0.00907 -0.01590 0.00201 0.00371 0.00474 -0.00932 -0.00870 -0.00315 -0.00154 0.00195 0.00528 0.00823 0.00401 -0.00823 0.00281 0.00033 -0.00104 -0.00206 0.00055 -0.00207 0.00068 0.00062 -0.00012 0.00086 0.00118 -0.00088 -0.00106 0.00012 0.00045 -0.00078 0.00043
-0.01973 -0.00485 -0.00709 0.00016 -0.00315 -0.00356 0.00491 0.00517 -0.00170 -0.00112 -0.00423 -0.00134 0.00357 0.00665 0.00159 0.00123 0.00311 -0.00213 0.00248 0.00070 -0.00261 0.00032 -0.00047 -0.00111 -0.00019 -0.00125 0.00065 0.00076 0.00069 0.00009 0.00065 -0.00061
-0.00502 -0.01009 0.00610 -0.00255 -0.00557 0.01336 -0.00502 0.00640 -0.00133 0.00551 0.00764 -0.00136 -0.00842 0.00009 -0.00352 -0.00286 0.00274 0.00211 0.00054 -0.00276 -0.00220 -0.00244 0.00148 0.00002 -0.00020 0.00048 0.00047 0.00134 -0.00137 -0.00091 -0.00020 -0.00113
-0.01651 0.01718 0.00492 -0.01653 0.00532 0.01193 -0.00628 -0.00033 0.00016 -0.00810 -0.00466 -0.00076 0.00622 -0.00340 -0.00171 -0.00331 0.00252 0.00055 0.00267 0.00151 0.00039 0.00133 -0.00005 0.00295 0.00046 0.00142 0.00043 0.00082 -0.00005 -0.00082 -0.00043 0.00010
-0.01166 0.02029 -0.01114 -0.01096 -0.00855 0.00898 0.01061 -0.00155 0.00183 -0.00317 -0.00297 -0.00194 0.00448 0.00338 -0.00174 -0.00203 -0.00030 0.00153 0.00273 0.00064 -0.00181 -0.00261 0.00168 -0.00276 0.00111 0.00038 0.00030 0.00154 -0.00072 0.00109 -0.00100 0.00030
-0.01203 -0.02080 -0.00680 -0.01032 0.00956 -0.00662 0.00322 0.00901 -0.00232 -0.00013 0.00341 -0.00453 0.00249 -0.00038 0.00330 0.00213 0.00265 0.00050 -0.00284 -0.00177 0.00018 -0.00091 -0.00118 0.00092 -0.00015 -0.00204 -0.00053 -0.00006 -0.00088 -0.00018 -0.00031 0.00042
0.07581 -0.06313 -0.00832 -0.01667 -0.00955 0.00775 -0.00004 0.00292 -0.00145 -0.00019 -0.00124 0.00569 0.00226 -0.00494 0.00025 -0.00140 -0.00129 0.00061 0.00136 0.00043 0.00167 0.00034 0.00098 -0.00053 0.00068 -0.00009 -0.00027 0.00024 -0.00011 0.00034 0.00060 0.00014
-0.00340 0.01898 0.00028 -0.00711 -0.01230 -0.00279 0.00443 0.00639 0.00084 0.00734 -0.00214 0.00153 0.00388 -0.00306 -0.00047 0.00250 -0.00299 -0.00188 -0.00429 0.00194 0.00075 0.00166 -0.00078 -0.00021 -0.00011 0.00143 0.00260 0.00113 -0.00138 -0.00116 0.00056 -0.00036
-0.01366 0.02983 -0.02670 -0.00375 0.00361 0.00464 -0.00129 0.00454 -0.00252 0.00090 -0.00072 0.00360 -0.00562 -0.00656 -0.00518 -0.00057 -0.00362 -0.00149 -0.00076 -0.00021 0.00068 -0.00054 0.00052 0.00174 -0.00135 -0.00379 0.00107 0.00032 0.00063 0.00057 0.00000 -0.00012
-0.01013 0.00184 0.00582 -0.01269 0.00782 0.00159 0.00962 -0.01792 -0.00184 0.00528 -0.00359 -0.00487 0.00024 -0.00046 -0.00159 0.00423 0.00353 -0.00076 -0.00071 -0.00121 0.00373 -0.00229 0.00003 0.00246 0.00146 0.00229 -0.00024 0.00044 -0.00004 0.00066 0.00087 0.00009
0.01551 -0.00840 0.00831 -0.00737 0.00333 -0.00041 0.01012 0.00276 0.00581 -0.00311 0.00655 -0.00618 -0.00335 0.00242 -0.00081 0.00207 0.00292 -0.00248 0.00069 -0.00118 0.00092 -0.00165 0.00109 -0.00205 -0.00086 -0.00023 0.00361 -0.00217 0.00053 -0.00043 -0.00061 0.00066
-0.01026 -0.00358 -0.00959 0.00006 -0.00832 0.00131 0.00511 -0.00915 -0.00020 -0.00178 0.00705 0.01043 -0.00755 0.00268 0.00038 -0.00023 0.00131 -0.00509 0.00017 0.00409 0.00151 -0.00070 -0.00174 -0.00053 0.00136 -0.00128 -0.00021 0.00020 0.00034 -0.00036 -0.00047 0.00008
0.00214 -0.00203 -0.02045 0.00965 0.00032 0.00473 -0.00264 -0.00657 -0.00206 0.00033 0.00371 0.00336 -0.00032 -0.00542 0.00539 0.00055 0.00606 0.00030 -0.00081 0.00156 -0.00155 0.00074 0.00000 0.00088 -0.00503 0.00170 0.00008 -0.00007 -0.00077 -0.00056 -0.00124 0.00002
0.00626 0.00309 -0.00895 -0.00796 0.00342 0.00578 -0.00538 0.01200 -0.00302 0.00163 0.00357 -0.00707 0.00415 0.00109 0.00092 -0.00462 -0.00384 -0.00147 -0.00032 0.00072 0.00101 -0.00226 -0.00251 0.00075 -0.00165 0.00162 0.00014 -0.00138 0.00172 0.00160 0.00025 -0.00073
-0.01756 -0.00728 0.03691 -0.01413 0.01422 -0.00095 0.01529 -0.00376 0.00075 0.00379 0.00599 0.00857 0.00462 -0.00169 0.00352 0.00072 -0.00331 0.00008 0.00010 0.00012 0.00055 -0.00056 0.00002 -0.00012 -0.00143 -0.00054 -0.00148 0.00040 0.00109 -0.00031 -0.00089 -0.00091
0.00304 -0.02114 -0.01589 0.00278 0.00368 -0.00537 -0.00267 -0.00242 -0.00373 0.00108 -0.01347 0.00399 -0.00265 0.00561 -0.00024 0.00150 -0.00025 0.00009 -0.00007 -0.00290 -0.00090 -0.00132 0.00089 0.00018 -0.00112 0.00102 0.00116 0.00043 0.00168 -0.00176 0.00069 -0.00086
0.01918 0.00919 0.00586 -0.00614 0.00556 0.00038 0.00215 -0.00079 -0.00236 0.00543 -0.00077 0.00083 -0.00239 -0.00090 -0.00762 -0.00056 0.00143 0.00133 -0.00088 0.00058 -0.00039 0.00032 -0.00248 -0.00207 -0.00163 -0.00132 -0.00057 0.00229 0.00113 0.00092 0.00062 0.00090
-0.04126 -0.01573 -0.00048 -0.00373 -0.01225 -0.00524 0.00202 0.00130 -0.00102 -0.00454 0.00196 0.00346 0.00681 -0.00478 0.00027 0.00360 0.00305 0.00268 0.00123 -0.00095 -0.00173 0.00314 -0.00156 -0.00126 0.00043 -0.00084 0.00163 -0.00123 0.00022 0.00134 0.00113 -0.00035
-0.01782 0.00430 0.00297 -0.01941 0.00192 -0.00184 0.00317 0.01068 0.00020 -0.00934 0.00092 -0.00064 -0.00554 0.00244 0.00120 -0.00319 -0.00033 -0.00406 0.00018 -0.00213 -0.00116 0.00369 0.00138 -0.00034 -0.00134 0.00161 -0.00259 0.00094 0.00025 -0.00069 0.00098 0.00070
-0.01593 0.00396 0.00683 0.00674 -0.01453 0.00845 -0.00422 0.00264 -0.00399 0.00345 -0.00042 0.00112 -0.00494 -0.00156 0.00030 0.00147 0.00292 -0.00188 -0.00062 -0.00088 0.00081 -0.00121 -0.00063 0.00138 0.00044 0.00139 -0.00155 -0.00140 -0.00025 0.00159 0.00127 -0.00018
-0.01187 -0.00203 0.00607 -0.00797 -0.01993 -0.00374 0.00233 -0.00783 0.00604 -0.00368 -0.00735 0.00314 -0.00082 -0.00164 0.00186 -0.00390 -0.00448 -0.00029 -0.00063 -0.00527 -0.00027 -0.00084 -0.00206 0.00194 0.00091 -0.00039 0.00078 -0.00050 -0.00039 -0.00046 -0.00105 0.00039
0.00070 -0.00144 -0.01753 -0.00400 0.00665 -0.00326 0.00173 0.00402 0.00344 0.00275 -0.00045 -0.00511 0.00161 -0.00222 -0.00176 0.00298 0.00128 0.00017 -0.00479 -0.00243 0.00268 0.00218 0.00106 -0.00185 0.00154 -0.00006 -0.00051 0.00081 -0.00063 0.00027 -0.00113 -0.00045