C:/Users/vmc04/Documents/GitHub/wingproj/Gomez analysis plan/Field 18 Procrustes analysis MOG individual/2017_09_06 Field 18 ARS scaled - {Relative warps} - Field18ARS scaled- 17
0.05291 -0.02428 -0.01171 0.01291 0.00944 0.00506 0.00051 -0.00200 0.00067 -0.00264 0.00292 -0.00366 -0.00306 0.00045 0.00118 0.00030
0.01740 0.00121 -0.03404 -0.01042 -0.00625 -0.00913 0.00078 -0.00117 -0.00293 0.00454 0.00180 0.00364 0.00216 0.00195 -0.00103 -0.00078
-0.00602 0.01562 0.00045 -0.00023 0.01011 -0.00553 -0.00323 0.00419 -0.00607 -0.00627 0.00061 0.00567 -0.00335 -0.00006 0.00024 0.00331
-0.02041 0.01119 -0.01542 0.00879 0.00315 0.00295 0.00260 0.01062 0.00488 0.00280 -0.00375 -0.00572 0.00092 0.00119 -0.00195 0.00186
0.01373 -0.00909 0.00954 0.01422 -0.01775 -0.00553 -0.00364 0.00630 -0.00677 0.00471 -0.00129 -0.00067 0.00189 -0.00382 0.00164 0.00044
0.00430 -0.02072 0.01211 0.00416 0.00841 -0.00482 0.00559 -0.00427 -0.00105 -0.00681 -0.00181 0.00044 0.00679 0.00022 -0.00236 0.00044
0.00942 0.02310 0.01324 -0.00530 -0.00884 0.01153 0.01013 -0.00249 -0.00685 0.00235 0.00225 -0.00104 0.00091 0.00371 0.00087 0.00095
0.01993 0.02484 0.00821 -0.00568 -0.00055 0.00474 -0.01572 -0.00316 0.00034 -0.00017 0.00183 -0.00235 0.00067 -0.00100 -0.00342 -0.00052
-0.01909 0.02393 -0.00597 0.00135 -0.00210 -0.00782 -0.00275 -0.00288 0.00135 -0.00817 0.00060 -0.00491 0.00143 0.00091 0.00381 -0.00157
0.00554 -0.02409 0.01662 -0.01049 -0.00620 -0.00503 -0.00677 0.00181 0.00716 0.00219 -0.00332 0.00089 -0.00128 0.00516 0.00117 0.00066
-0.02779 -0.02279 -0.00897 -0.00750 -0.01492 0.00479 0.00120 -0.00645 -0.00459 -0.00493 -0.00422 -0.00189 -0.00411 -0.00143 -0.00166 -0.00014
0.01927 0.00783 0.00134 -0.00611 -0.00102 0.00806 0.00426 0.01058 0.00373 -0.00540 -0.00340 0.00484 -0.00023 -0.00150 0.00023 -0.00295
-0.00507 -0.00270 0.00128 -0.01586 0.02213 0.00147 -0.00047 -0.00278 -0.00442 0.00757 -0.00490 -0.00172 0.00037 -0.00234 0.00198 -0.00049
-0.02888 -0.02115 -0.00161 -0.01158 -0.00077 0.00669 -0.00107 0.00330 0.00482 0.00020 0.00929 0.00066 0.00211 -0.00242 0.00103 0.00096
-0.01237 0.01051 -0.00565 0.01908 -0.00154 0.00702 -0.00176 -0.01054 0.00712 0.00352 -0.00261 0.00600 0.00078 -0.00067 0.00110 0.00057
-0.03222 -0.00812 0.00855 0.01630 0.00855 -0.00219 -0.00051 0.00244 -0.00483 0.00357 0.00380 0.00111 -0.00238 0.00255 -0.00145 -0.00312
0.00936 0.01471 0.01202 -0.00363 -0.00186 -0.01228 0.01085 -0.00348 0.00742 0.00294 0.00220 -0.00129 -0.00363 -0.00289 -0.00136 0.00007