C:/Users/vmc04/Documents/GitHub/wingproj/Gomez analysis plan/Field 18 Procrustes analysis MOG individual/2017_09_06 Field 18 APR scaled  - Centroid sizes -  Field18APR scaled- 50
2.5096089272599209
2.684842428138472
2.9317887438186179
2.8915021808692614
2.8691444120430645
2.854144773798442
2.9564374164239497
2.8040835157546615
2.6336120376810919
3.045027684599682
3.0737136096425965
2.5685747162368648
2.556700517936028
2.457660424093691
2.8281676772805873
2.5721364061654985
2.6339329428433995
2.8115539521361916
2.5296889816433481
2.4621267137318688
2.6101904663900921
2.8140717158257442
2.9551877361358319
2.6502819287644259
2.8079097469094112
2.9610652589155793
2.7683479924933785
2.780696615906864
2.6495042917840479
2.847380037769708
2.7935136633060913
2.6879606926140047
2.6028206932474607
2.5951797206882325
3.1239416532091799
2.6543876172296921
2.7288890622068256
2.8144130199110142
2.6095015386209774
3.2269086531858782
2.5860107427389361
2.8594508222405253
2.5450017990635896
2.6598446162143645
2.8270554011935536
2.7706712368249993
3.0141683621436428
2.6016966249678917
2.5907832926661869
2.8654731984489681
