Code	Family	Wing.length..mm.	Sex binary 0=F
APR 068	2	2.667	0
APR 069	2	2.666	1
APR 072	2	2.693	1
APR 074	2	2.61	0
APR 080	2	2.468	1
APR 081	2	2.455	0
APR 082	2	2.641	1
APR 087	2	2.631	0
APR 097	2	2.78	1
APR 100	3	2.764	0
APR 102	3	2.705	0
APR 105	3	2.731	1
APR 106	3	2.712	1
APR 112	3	2.763	1
APR 116	3	2.55	1
APR 122	3	2.66	0
APR 128	3	2.78	1
APR 130	3	2.526	0
APR 132	3	2.619	0
APR 142	3	2.632	1
APR 143	3	2.858	1
APR 144	4	2.821	0
APR 146	4	2.646	0
APR 153	4	2.836	1
APR 157	4	2.852	1
APR 159	4	2.646	1
APR 163	4	2.546	1
APR 172	4	2.806	0
APR 175	4	2.402	0
APR 178	4	2.483	1
APR 186	4	2.491	1
APR 189	7	2.692	1
APR 192	7	2.828	1
APR 197	7	2.863	1
APR 203	7	2.814	0
APR 208	7	2.755	0
APR 209	7	2.672	1
APR 231	7	2.52	1
APR 235	8	2.565	1
APR 239	8	2.789	0
APR 243	8	2.861	1
APR 244	8	2.764	1
APR 248	8	2.828	1
APR 253	8	2.607	0
APR 254	8	2.487	1
APR 256	8	2.576	0
APR 259	8	2.388	0
APR 261	8	2.3	1
APR 262	8	2.534	0
APR 263	8	2.568	1
APR 265	8	2.444	0
APR 266	8	2.519	1
APR 280	10	2.691	0
APR 285	10	2.753	1
APR 291	10	2.583	1
APR 293	10	2.808	1
APR 295	10	2.511	0
APR 297	10	2.775	0
APR 308	10	2.86	1
APR 312	10	2.694	1
APR 315	10	2.256	0
APR 331	14	2.668	0
APR 332	14	2.625	0
APR 333	14	2.935	1
APR 353	14	2.811	0
APR 359	14	2.516	0
APR 363	14	2.47	0
APR 370	19	2.701	1
APR 378	19	2.758	0
APR 382	19	2.813	1
APR 388	19	2.759	0
APR 392	19	2.488	0
APR 399	19	2.45	0
APR 400	19	2.447	1
APR 402	19	2.461	1
APR 407	19	2.418	1
APR 415	18	2.682	0
APR 418	18	2.892	1
APR 419	18	2.65	0
APR 421	18	2.706	1
APR 426	18	2.586	1
APR 433	18	2.659	0
APR 439	18	2.602	1
APR 447	18	2.415	0
APR 450	18	2.4563	0
APR 452	18	2.648	1
APR 457	18	2.433	0
APR 464	33	2.803	1
APR 472	33	2.72	0
APR 474	33	2.566	0
APR 475	33	2.535	1
APR 477	33	2.604	1
APR 478	33	2.477	1
APR 480	33	2.601	1
APR 483	33	2.68	0
APR 492	33	2.55	0
APR 496	33	2.458	1
APR 500	33	2.384	1
APR 501	33	2.402	0
APR 504	36	2.792	0
APR 506	36	2.719	1
APR 509	36	2.926	0
APR 515	36	2.845	1
APR 523	36	2.526	1
APR 527	36	2.771	1
APR 531	36	2.51	0
APR 534	36	2.592	1
APR 542	36	2.801	1
APR 544	36	2.646	1
APR 546	36	2.46	1
APR 562	38	2.705	0
APR 567	38	2.459	0
APR 569	38	2.397	0
APR 571	38	2.572	1
APR 573	38	2.723	0
APR 575	38	2.529	1
APR 585	38	2.626	0
APR 589	38	2.514	1
APR 591	38	2.426	0
APR 593	38	2.554	0
APR 605	40	2.685	0
APR 606	40	2.827	1
APR 624	40	2.327	0
APR 627	40	2.673	1
APR 631	40	2.506	1
APR 639	44	2.766	0
APR 641	44	2.646	0
APR 643	44	2.979	0
APR 657	44	2.66	0
APR 664	44	2.643	1
APR 670	44	2.547	0
APR 675	6	2.759	0
APR 677	6	2.82	0
APR 677	6	2.82	0
APR 678	6	2.898	0
APR 702	6	2.831	1
APR 709	6	2.319	0
APR 712	6	2.766	1
APR 714	6	2.443	0
ARS 023	14	2.758	1
ARS 024	14	2.671	0
ARS 029	14	2.685	0
ARS 032	14	2.788	1
ARS 036	14	2.648	1
ARS 037	14	2.639	0
ARS 038	14	2.694	1
ARS 039	14	2.713	0
ARS 040	14	2.771	1
ARS 042	14	2.526	1
ARS 045	14	2.705	1
ARS 048	14	2.665	1
ARS 056	14	2.536	1
ARS 057	14	2.356	0
ARS 059	14	2.699	1
ARS 061	14	2.533	1
ARS 074	17	2.651	1
ARS 076	17	2.465	0
ARS 078	17	2.82	1
ARS 082	17	2.549	1
ARS 089	17	2.741	0
ARS 093	17	2.389	0
ARS 100	17	2.771	0
ARS 103	17	2.588	1
ARS 104	17	2.861	1
ARS 108	17	2.449	0
ARS 113	3	2.93	1
ARS 116	3	2.755	0
ARS 118	3	3.004	1
ARS 119	3	2.934	0
ARS 120	3	2.638	1
ARS 124	3	2.765	0
ARS 128	3	2.636	1
ARS 136	3	2.694	1
ARS 139	3	2.781	0
ARS 142	3	2.461	0
ARS 147	3	2.468	1
ARS 156	16	2.609	0
ARS 163	16	2.843	0
ARS 164	16	2.944	1
ARS 165	16	2.917	1
ARS 166	16	2.704	0
ARS 174	16	2.814	0
ARS 178	16	2.512	1
ARS 180	16	2.724	1
ARS 181	16	2.509	1
ARS 182	16	2.575	0
ARS 186	16	2.456	1
ARS 188	16	2.385	0
ARS 196	16	2.355	0
ARS 246	4	2.766	0
ARS 247	4	2.621	1
ARS 251	4	2.692	1
ARS 254	4	2.745	0
ARS 255	4	2.659	0
ARS 259	4	2.725	1
ARS 261	4	2.576	1
ARS 264	4	2.785	0
ARS 265	4	2.547	0
ARS 268	4	2.856	1
ARS 269	4	2.836	1
ARS 272	4	2.483	0
ARS 276	4	2.345	0
ARS 278	4	2.593	1
ARS 282	4	2.439	0
ARS 287	4	2.478	1
ARS 294	1	2.787	1
ARS 300	1	2.999	1
ARS 303	1	2.715	0
ARS 306	1	2.724	0
ARS 313	1	2.495	1
ARS 322	1	2.759	1
ARS 325	1	2.551	0
ARS 326	1	2.563	1
ARS 332	1	2.417	1
ARS 335	1	2.965	1
ARS 343	9	2.779	0
ARS 351	9	2.696	1
ARS 353	9	2.697	0
ARS 356	9	2.682	1
ARS 362	9	2.319	0
ARS 364	9	2.454	1
ARS 369	9	2.537	0
ARS 371	9	2.519	1
ARS 372	9	2.443	0
ARS 373	9	2.483	0
ARS 378	9	2.321	0
ARS 379	9	2.396	1
ARS 384	6	2.725	1
ARS 390	6	2.896	1
ARS 391	6	2.725	0
ARS 393	6	2.599	0
ARS 400	6	2.681	1
ARS 404	6	2.559	0
ARS 413	6	2.566	1
ARS 416	6	2.483	1
ARS 417	6	2.523	0
ARS 421	6	2.592	1
ARS 422	6	2.576	1
ARS 434	13	2.747	1
ARS 436	13	2.76	1
ARS 438	13	2.63	0
ARS 449	13	2.663	0
ARS 454	13	2.638	0
ARS 456	13	2.397	1
ARS 459	13	2.614	0
ARS 462	13	2.269	0
ARS 470	13	2.4	0
ARS 516	8	2.709	1
ARS 521	8	2.744	1
ARS 523	8	2.703	0
ARS 524	8	2.653	0
ARS 525	8	2.892	0
ARS 531	8	2.64	0
ARS 533	8	2.746	0
ARS 537	8	2.593	0
ARS 545	8	2.708	0
ARS 556	8	2.459	0
ARS 559	8	2.57	0
ARS 560	8	2.346	0
RMO 056	26	2.732	1
RMO 059	26	2.965	0
RMO 062	26	2.656	0
RMO 063	26	3.011	0
RMO 071	26	2.683	1
RMO 080	26	2.486	1
RMO 084	26	2.751	0
RMO 085	26	2.612	1
RMO 093	33	2.834	1
RMO 098	33	2.781	0
RMO 099	33	2.85	0
RMO 101	33	2.709	1
RMO 106	33	2.708	1
RMO 114	33	2.795	1
RMO 118	33	2.496	0
RMO 122	33	2.376	0
RMO 148	39	2.624	0
RMO 171	39	2.548	0
RMO 178	39	2.392	0
RMO 181	41	2.881	0
RMO 187	41	2.896	0
RMO 192	41	2.703	1
RMO 194	41	2.62	1
RMO 197	41	2.566605836	1
RMO 198	41	2.773966318	1
RMO 199	41	2.734925705	1
RMO 205	41	2.623553374	0
RMO 211	41	2.701253257	1
RMO 216	41	2.46947039	1
RMO 217	41	2.557645856	0
RMO 219	41	2.747174379	1
RMO 221	41	2.512826396	1
RMO 226	6	2.969844075	1
RMO 227	6	2.823860601	0
RMO 231	6	2.775397177	0
RMO 233	6	2.800080311	1
RMO 241	6	2.721223355	0
RMO 247	6	2.684588149	0
RMO 258	6	2.61634041	0
RMO 266	6	2.454920607	0
RMO 273	18	2.955	1
RMO 284	18	2.83	0
RMO 286	18	2.753	1
RMO 288	18	2.74	0
RMO 308	18	2.528	0
RMO 311	18	2.504	1
RMO 312	18	2.497	1
RMO 316	24	2.755	1
RMO 322	24	2.916	0
RMO 324	24	2.972	0
RMO 327	24	2.871	1
RMO 328	24	2.866	0
RMO 331	24	2.75	1
RMO 333	24	2.747	1
RMO 335	24	3.038	1
RMO 336	24	2.561	0
RMO 338	24	2.686	1
RMO 341	24	2.781	1
RMO 344	24	2.632	0
RMO 345	24	2.871	1
RMO 348	24	2.473	0
RMO 364	27	2.818	1
RMO 368	27	2.72	1
RMO 369	27	2.627	0
RMO 391	27	2.531	0
RMO 396	27	2.389	0
RMO 403	27	2.591	1
RMO 404	27	2.348	1
RMO 411	28	2.687	1
RMO 413	28	2.734	1
RMO 414	28	2.825	1
RMO 417	28	2.667	0
RMO 423	28	2.426	1
RMO 432	28	2.409	0
RMO 442	28	2.595	1
RMO 449	28	2.546	0
RMO 458	30	2.85	1
RMO 459	30	2.608	0
RMO 472	30	2.615	1
RMO 475	30	2.705	1
RMO 476	30	2.615	1
RMO 491	30	2.591	1
RMO 499	36	2.9	0
RMO 501	36	2.607	1
RMO 503	36	2.576	0
RMO 504	36	2.565	1
RMO 505	36	2.682	0
RMO 507	36	2.739	0
RMO 513	36	2.59	0
RMO 518	36	2.444	1
RMO 520	36	2.664	0
RMO 521	36	2.562	1
RMO 536	36	2.627	1
RMO 537	36	2.496	0
RMO 538	36	2.423	0
RMO 539	36	2.772	1
RMO 541	42	2.813	1
RMO 542	42	2.657	0
RMO 543	42	2.594	0
RMO 546	42	2.941	1
RMO 554	42	2.801	0
RMO 557	42	2.602	0
RMO 561	42	2.717	0
RMO 562	42	2.621	1
RMO 571	42	2.521	0
RMO 573	42	2.556	0
RMO 596	13	2.79	1
RMO 598	13	2.625	0
RMO 602	13	2.593	0
RMO 603	13	2.532	0
RMO 605	13	2.64	0
RMO 611	13	2.407	0
RMO 625	13	2.811	1
RMO 629	13	2.551	0
RMO 639	17	2.892	1
RMO 641	17	2.938	0
RMO 646	17	2.714	1
RMO 653	17	2.664	1
RMO 656	17	2.618	1
RMO 657	17	2.407	1
RMO 659	17	2.674	0
RMO 663	17	2.549	0
RMO 671	17	2.443	1
RMO 674	17	2.45	0
RMO 682	5	2.731	0
RMO 691	5	2.615	0
RMO 694	5	2.425	0
RMO 696	5	2.655	0
RMO 700	5	2.794	1
RMO 701	5	2.524	0
RMO 702	5	2.56	0
RMO 707	5	2.548	1
RMO 708	5	2.516	1
RMO 709	5	2.707	1
RMO 712	5	2.41	1
RMO 716	5	2.256	0
RPV 095	11	2.892	1
RPV 103	11	2.865	0
RPV 116	11	2.612	1
RPV 119	11	2.522	0
RPV 123	11	2.73	0
RPV 125	11	2.328	1
RPV 142	23	2.703	1
RPV 147	23	3.038	1
RPV 156	23	2.611	1
RPV 159	23	2.816	1
RPV 167	23	2.736	1
RPV 174	23	2.524	1
RPV 176	23	2.528	1
RPV 177	23	2.237	0
RPV 181	23	2.602	1
RPV 185	25	2.752	0
RPV 191	25	2.778	0
RPV 195	25	2.765	0
RPV 220	25	2.373	0
RPV 243	38	2.81	1
RPV 244	38	3.053	1
RPV 246	38	2.59	1
RPV 252	38	2.789	1
RPV 254	38	2.577	0
RPV 258	38	2.668	0
RPV 259	38	2.622	0
RPV 263	38	2.587	1
RPV 273	38	2.174	0
RPV 280	12	2.643	0
RPV 281	12	2.604	0
RPV 290	12	2.73	0
RPV 297	12	2.609	0
RPV 300	12	2.577	0
RPV 310	12	2.439	0
RPV 312	12	2.594	0
RPV 315	12	2.594	0
RPV 329	17	2.997	1
RPV 330	17	2.9	1
RPV 337	17	2.426	1
RPV 339	17	2.721	1
RPV 344	17	3.034	1
RPV 346	17	2.503	1
RPV 350	17	2.603	1
RPV 366	18	2.799	0
RPV 371	18	2.862	1
RPV 372	18	2.851	0
RPV 374	18	2.887	0
RPV 375	18	2.963	1
RPV 391	18	2.749	1
RPV 395	18	2.506	0
RPV 399	18	2.601	0
RPV 405	18	2.388	1
RPV 407	18	2.449	1
RPV 418	19	2.939	1
RPV 425	19	2.742	1
RPV 432	19	2.549	0
RPV 434	19	2.775	0
RPV 435	19	2.589	0
RPV 439	19	2.641	1
RPV 440	19	2.574	0
RPV 441	19	2.421	0
RPV 445	19	2.334	0
RPV 455	20	2.702	1
RPV 461	20	2.463	0
RPV 461	20	2.463	0
RPV 462	20	2.485	0
RPV 463	20	2.598	1
RPV 470	20	2.608	0
RPV 472	20	2.505	1
RPV 474	20	2.601	0
RPV 475	20	2.602	0
RPV 479	20	2.651	0
RPV 480	20	2.713	0
RPV 483	20	2.717	0
RPV 487	20	2.756	1
RPV 495	20	2.197	0
RPV 497	20	2.369	0
RPV 499	20	2.551	1
RPV 502	28	2.922	0
RPV 503	28	2.671	0
RPV 520	28	2.537	0
RPV 540	28	2.308	1
RPV 542	28	2.481	1
RPV 543	28	2.561	0
RPV 545	37	2.379	0
RPV 549	37	2.808	0
RPV 550	37	2.946	1
RPV 551	37	2.838	1
RPV 556	37	2.883	1
RPV 562	37	2.596	1
RPV 566	37	2.483	0
RPV 570	37	2.59	1
RPV 574	37	2.629	0
RPV 578	37	2.405	0
RPV 580	37	2.631	1
RPV 582	37	2.307	0
RPV 591	43	2.802	0
RPV 594	43	3.068	1
RPV 602	43	3.029	0
RPV 603	43	2.923	1
RPV 604	43	3.05	1
RPV 613	43	2.656	1
RPV 614	43	2.935	1
RPV 621	43	2.545	1
RPV 635	33	2.674	0
RPV 649	33	2.802	0
RPV 652	33	2.484	1
RPV 653	33	2.665	1
RPV 658	33	2.84	1
RPV 662	33	2.557	0
RPV 664	33	2.474	0
RPV 665	33	2.455	1
RPV 669	33	2.271	0
RPV 670	33	2.462	1
RPV 677	33	2.42	1
RPV 688	42	2.717	0
RPV 690	42	2.586	1
RPV 691	42	2.68	1
RPV 693	42	2.767	0
RPV 706	42	2.538	0
RPV 709	42	2.485	0
RPV 711	42	2.305	0
RPV 714	42	2.568	1
RPV 717	42	2.459	0
RPV 722	42	2.343	0
RPV 726	15	2.838	1
RPV 728	15	2.977	0
RPV 729	15	3.122	1
RPV 755	15	2.436	0
RPV 766	15	2.479	1
SJU 014	6	3.051	0
SJU 022	6	2.853	0
SJU 026	6	2.982	1
SJU 034	6	2.53	0
SJU 037	6	2.815	1
SJU 040	6	2.748	0
SJU 060	4	3.114	0
SJU 062	4	3.025	0
SJU 068	4	2.838	1
SJU 075	4	2.695	0
SJU 080	4	2.651	0
SJU 081	4	2.696	1
SJU 086	4	2.723	1
SJU 104	1	2.84	0
SJU 105	1	2.613	1
SJU 111	1	2.918	0
SJU 119	1	2.742	1
SJU 120	1	2.734	0
SJU 123	1	2.776	0
SJU 124	1	2.617	0
SJU 127	1	2.665	1
SJU 129	1	2.591	1
SJU 130	1	2.767	1
SJU 131	1	2.723	0
SJU 135	1	2.629	0
SJU 135	1	2.629	0
SJU 136	1	2.628	0
SJU 136	1	2.628	0
SJU 150	2	3.052	0
SJU 152	2	3.222	0
SJU 154	2	3.025	1
SJU 170	2	2.852	1
SJU 184	2	2.75	0
SJU 184	2	2.75	0
SJU 185	2	2.704	0
SJU 185	2	2.704	0
SJU 196	3	2.956	1
SJU 201	3	2.996	1
SJU 204	3	2.939	1
SJU 206	3	2.905	0
SJU 207	3	3.039	1
SJU 217	3	2.806	0
SJU 218	3	2.788	1
SJU 222	3	2.702	0
SJU 223	3	2.716	0
SJU 225	3	2.713	0
SJU 225	3	2.713	0
SJU 227	3	2.532	0
SJU 227	3	2.532	0
SJU 235	3	2.662	0
SJU 235	3	2.662	0
SJU 240	5	2.781	1
SJU 245	5	2.905	1
SJU 246	5	2.814	1
SJU 250	5	2.97	0
SJU 252	5	2.933	0
SJU 254	5	2.871	1
SJU 257	5	2.966	1
SJU 265	5	2.734	0
SJU 269	5	2.601	0
SJU 269	5	2.601	0
SJU 271	5	2.657	0
SJU 271	5	2.657	0
SJU 279	5	2.574	0
SJU 279	5	2.574	0
SJU 289	7	3.192	0
SJU 291	7	3.232	0
SJU 295	7	2.811	0
SJU 296	7	2.933	1
SJU 300	7	2.752	1
SJU 303	7	3.018	1
SJU 305	7	2.325	0
SJU 305	7	2.325	0
SJU 309	7	2.499	0
SJU 309	7	2.499	0
SJU 310	7	2.721	0
SJU 310	7	2.721	0
SJU 314	7	2.685	0
SJU 314	7	2.685	0
SJU 315	7	2.676	0
SJU 315	7	2.676	0
SJU 319	9	2.841	1
SJU 320	9	2.876	1
SJU 321	9	3.048	0
SJU 325	9	2.936	0
SJU 341	9	2.895	1
SJU 364	12	2.889	1
SJU 366	12	3.216	1
SJU 370	12	3.05	1
SJU 372	12	3.026	1
SJU 376	12	3.133	0
SJU 379	12	2.668	0
SJU 381	12	2.812	1
SJU 385	12	2.669	0
SJU 389	12	2.822	1
SJU 390	12	2.681	0
SJU 392	12	2.705	1
SJU 411	10	2.865	1
SJU 412	10	2.647	1
SJU 419	10	3.017	1
SJU 422	10	3.01	0
SJU 423	10	3.11	0
SJU 426	10	3.04	0
SJU 431	10	2.895	0
SJU 434	10	2.774	0
SJU 439	10	2.699	0
SJU 439	10	2.699	0
SJU 461	11	3.137	0
SJU 465	11	3.345	0
SJU 472	11	2.783	0
SJU 473	11	2.805	1
SJU 481	11	2.76	1
TLC 104	74	2.674	1
TLC 105	74	2.786	0
TLC 114	74	2.848	1
TLC 119	74	2.665	1
TLC 120	74	2.789	1
TLC 121	74	2.82	1
TLC 125	74	2.872	1
TLC 129	74	2.694	1
TLC 130	74	2.607	0
TLC 132	74	2.725	0
TLC 136	74	2.615	0
TLC 137	74	2.593	0
TLC 139	74	2.49	0
TLC 145	74	2.515	0
TLC 146	74	2.507	0
TLC 150	75	2.726	0
TLC 151	75	2.851	0
TLC 162	75	2.746	0
TLC 163	75	2.855	1
TLC 166	75	2.75	0
TLC 176	75	2.668	0
TLC 178	75	2.798	0
TLC 184	75	2.398	0
TLC 185	75	2.49	1
TLC 189	75	2.587	1
TLC 194	76	2.487	1
TLC 198	76	2.678	0
TLC 206	76	2.768	1
TLC 207	76	2.644	0
TLC 209	76	2.779	1
TLC 210	76	2.696	0
TLC 214	76	2.676	1
TLC 215	76	2.48	0
TLC 218	76	2.62	0
TLC 219	76	2.827	1
TLC 226	76	2.689	0
TLC 229	76	2.399	0
TLC 231	76	2.464	0
TLC 234	76	2.449	0
TLC 237	76	2.507	0
TLC 239	82	2.68	1
TLC 242	82	2.924	1
TLC 244	82	2.544	0
TLC 245	82	2.594	1
TLC 248	82	2.917	0
TLC 249	82	2.572	0
TLC 253	82	2.794	1
TLC 256	82	2.599	0
TLC 257	82	2.609	1
TLC 260	82	2.536	1
TLC 262	82	2.847	1
TLC 267	82	2.617	0
TLC 271	82	2.699	0
TLC 275	82	2.305	1
TLC 276	82	2.512	0
TLC 281	82	2.475	1
TLC 283	82	2.595	0
TLC 284	79	3.104	1
TLC 285	79	2.767	0
TLC 286	79	2.82	0
TLC 295	79	2.868	1
TLC 296	79	2.865	1
TLC 302	79	2.729	0
TLC 304	79	2.703	1
TLC 307	79	2.698	0
TLC 311	79	3.004	1
TLC 316	79	2.651	1
TLC 324	79	2.495	1
TLC 327	79	2.583	1
TLC 332	83	2.733	0
TLC 333	83	2.884	1
TLC 334	83	2.759	1
TLC 335	83	2.713	0
TLC 338	83	3.059	1
TLC 340	83	2.742	0
TLC 341	83	2.663	1
TLC 342	83	2.933	0
TLC 346	83	2.837	1
TLC 347	83	2.744	0
TLC 348	83	2.891	1
TLC 349	83	2.678	0
TLC 352	83	2.72	0
TLC 356	83	2.683	1
TLC 359	83	2.532	1
TLC 360	83	2.375	1
TLC 379	77	2.731	0
TLC 381	77	2.705	1
TLC 382	77	2.696	1
TLC 383	77	3.032	1
TLC 384	77	2.678	0
TLC 391	77	2.609	0
TLC 393	77	2.84	1
TLC 394	77	2.578	0
TLC 396	77	2.645	0
TLC 399	77	2.891	1
TLC 404	77	2.427	0
TLC 405	77	2.388	0
TLC 406	77	2.553	1
TLC 407	77	2.734	1
TLC 409	77	2.409	0
TLC 410	77	2.55	1
TLC 413	77	2.881	1
TLC 415	77	2.641	1
TLC 426	80	2.738	1
TLC 427	80	2.926	0
TLC 428	80	2.86	0
TLC 431	80	2.695	0
TLC 440	80	2.609	1
TLC 441	80	2.715	1
TLC 443	80	2.668	0
TLC 444	80	2.532	0
TLC 450	80	2.586	1
TLC 451	80	2.549	1
TLC 454	80	2.519	1
TLC 456	80	2.68	1
TLC 457	80	2.691	0
TLC 459	80	2.545	0
TLC 460	80	2.641	1
TLC 461	80	2.711	1
TLC 462	80	2.607	0
TPN 021	11	2.694	0
TPN 022	11	2.558	0
TPN 023	11	2.693	1
TPN 026	11	2.899	0
TPN 027	11	2.92	0
TPN 028	11	2.815	0
TPN 032	11	2.689	0
TPN 033	11	2.746	1
TPN 034	11	2.879	0
TPN 036	11	2.759	1
TPN 038	11	2.623	1
TPN 040	11	2.681	0
TPN 041	11	2.765	1
TPN 042	11	2.702	1
TPN 043	11	2.826	0
TPN 044	11	2.921	1
TPN 046	11	2.585	0
TPN 049	11	3.007	1
TPN 051	11	2.608	1
TPN 053	11	2.951	1
TPN 059	11	2.737	1
TPN 060	11	2.907	1
TPN 066	12	2.972	1
TPN 067	12	2.888	0
TPN 068	12	2.921	1
TPN 069	12	3.034	0
TPN 076	12	2.89	1
TPN 077	12	2.734	1
TPN 079	12	2.952	1
TPN 082	12	2.846	0
TPN 086	12	2.59	1
TPN 087	12	2.802	1
TPN 088	12	2.75	0
TPN 089	12	2.743	0
TPN 090	12	2.929	1
TPN 091	12	2.769	0
TPN 092	12	2.769	0
TPN 093	12	2.842	1
TPN 096	12	2.676	0
TPN 097	12	2.594	0
TPN 099	12	2.634	0
TPN 100	12	2.672	1
TPN 101	12	2.558	1
TPN 102	12	2.654	0
TPN 103	12	2.772	1
TPN 106	12	2.597	1
TPN 107	12	2.588	0
TPN 108	12	2.785	0
TPN 111	9	2.683	0
TPN 116	9	3.091	1
TPN 121	9	2.737	0
TPN 122	9	2.889	1
TPN 126	9	2.61	0
TPN 131	9	2.734	0
TPN 136	9	2.833	1
TPN 137	9	2.772	1
TPN 138	9	2.968	1
TPN 146	9	2.753	1
TPN 147	9	2.542	0
TPN 148	9	2.519	0
TPN 156	14	2.908	0
TPN 157	14	2.807	1
TPN 158	14	2.828	1
TPN 161	14	3.195	1
TPN 166	14	3.016	1
TPN 167	14	2.776	0
TPN 168	14	2.691	0
TPN 171	14	2.682	0
TPN 172	14	2.884	1
TPN 173	14	2.986	1
TPN 174	14	2.965	1
TPN 176	14	2.61	1
TPN 178	14	2.719	0
TPN 182	14	2.673	1
TPN 183	14	2.741	0
TPN 187	14	2.785	1
TPN 188	14	2.607	0
TPN 191	14	2.546	1
TPN 197	7	2.758	0
TPN 198	7	2.801	0
TPN 199	7	2.874	0
TPN 201	7	2.79	1
TPN 202	7	2.734	0
TPN 203	7	2.733	0
TPN 205	7	2.69	0
TPN 206	7	2.75	1
TPN 207	7	2.737	1
TPN 208	7	2.729	1
TPN 209	7	2.681	1
TPN 210	7	2.978	1
TPN 211	7	2.545	1
TPN 212	7	2.559	0
TPN 213	7	2.467	0
TPN 214	7	2.569	0
TPN 215	7	2.699	0
TPN 216	7	2.441	0
TPN 217	7	2.462	1
TPN 222	7	2.447	1
TPN 224	7	2.493	0
TPN 225	7	2.505	0
TPN 226	7	2.354	1
TPN 227	7	2.254	0
TPN 229	7	2.392	0
TPN 230	7	2.407	0
TPN 231	7	2.292	0
TPN 232	7	2.329	1
TPN 234	7	2.555	1
TPN 235	7	2.497	1
TPN 236	7	2.354	0
TPN 237	7	2.449	1
TPN 238	7	2.449	1
TPN 239	7	2.59	1
TPN 240	7	2.444	0
