TPS like internal (simplified) format - can be converted to other format by using TET

LM=18
674.000	369.000
897.000	396.000
1157.000	520.000
1169.000	546.000
1167.000	572.000
1153.000	595.000
1125.000	608.000
1064.000	624.000
981.000	630.000
846.000	618.000
655.000	456.000
776.000	484.000
781.000	464.000
832.000	480.000
837.000	460.000
844.000	436.000
938.000	453.000
942.000	542.000
IMAGE=C:/Users/vmc04/Desktop/Lab reared wings for landmarking/18/RMO/RMOFB/RMO 062-1.gif
ID=1 : RMO 062 18
COMMENT=FB-18
VARIABLES=NA
SCALE=NA

LM=18
691.000	397.000
959.000	459.000
1222.000	615.000
1228.000	644.000
1225.000	670.000
1213.000	689.000
1177.000	706.000
1116.000	714.000
1014.000	712.000
881.000	692.000
663.000	486.000
798.000	526.000
806.000	510.000
864.000	542.000
877.000	518.000
887.000	492.000
980.000	515.000
996.000	621.000
IMAGE=C:/Users/vmc04/Desktop/Lab reared wings for landmarking/18/RMO/RMOFB/RMO 063-1.gif
ID=2 : RMO 063 18
COMMENT=FB-18
VARIABLES=NA
SCALE=NA

LM=18
580.000	544.000
736.000	443.000
1012.000	372.000
1033.000	387.000
1050.000	405.000
1054.000	430.000
1041.000	460.000
1002.000	507.000
943.000	557.000
831.000	624.000
613.000	614.000
702.000	574.000
694.000	553.000
737.000	543.000
727.000	522.000
715.000	498.000
782.000	465.000
857.000	515.000
IMAGE=C:/Users/vmc04/Desktop/Lab reared wings for landmarking/18/RMO/RMOFB/RMO 118.gif
ID=3 : RMO 118 18
COMMENT=FB-18
VARIABLES=NA
SCALE=NA

LM=18
506.000	527.000
712.000	562.000
961.000	671.000
969.000	696.000
975.000	722.000
964.000	745.000
930.000	764.000
871.000	779.000
786.000	786.000
656.000	772.000
478.000	618.000
580.000	640.000
586.000	618.000
638.000	639.000
647.000	617.000
657.000	594.000
751.000	612.000
744.000	699.000
IMAGE=C:/Users/vmc04/Desktop/Lab reared wings for landmarking/18/RMO/RMOFB/RMO 205-1.gif
ID=4 : RMO 205 18
COMMENT=FB-18
VARIABLES=NA
SCALE=NA

LM=18
536.000	476.000
733.000	404.000
1024.000	381.000
1047.000	400.000
1061.000	423.000
1061.000	452.000
1040.000	477.000
991.000	519.000
920.000	560.000
796.000	609.000
552.000	562.000
663.000	533.000
658.000	510.000
716.000	506.000
710.000	481.000
705.000	458.000
799.000	430.000
863.000	503.000
IMAGE=C:/Users/vmc04/Desktop/Lab reared wings for landmarking/18/RMO/RMOFB/RMO 241.gif
ID=5 : RMO 241 18
COMMENT=FB-18
VARIABLES=NA
SCALE=NA

LM=18
599.000	456.000
832.000	403.000
1120.000	427.000
1140.000	450.000
1154.000	477.000
1148.000	502.000
1122.000	527.000
1076.000	558.000
996.000	592.000
868.000	628.000
629.000	546.000
750.000	529.000
750.000	504.000
800.000	508.000
801.000	483.000
799.000	457.000
885.000	441.000
941.000	525.000
IMAGE=C:/Users/vmc04/Desktop/Lab reared wings for landmarking/18/RMO/RMOFB/RMO 247-1.gif
ID=6 : RMO 247 18
COMMENT=FB-18
VARIABLES=NA
SCALE=NA

LM=18
690.000	419.000
899.000	396.000
1194.000	446.000
1205.000	464.000
1217.000	495.000
1208.000	518.000
1180.000	539.000
1124.000	565.000
1045.000	591.000
893.000	611.000
704.000	518.000
815.000	512.000
817.000	484.000
863.000	495.000
863.000	467.000
863.000	442.000
951.000	437.000
997.000	520.000
IMAGE=C:/Users/vmc04/Desktop/Lab reared wings for landmarking/18/RMO/RMOFB/RMO 288-1.gif
ID=7 : RMO 288 18
COMMENT=FB-18
VARIABLES=NA
SCALE=NA

LM=18
613.000	511.000
813.000	475.000
1096.000	510.000
1114.000	530.000
1125.000	558.000
1124.000	586.000
1099.000	612.000
1046.000	645.000
969.000	672.000
841.000	699.000
621.000	596.000
739.000	589.000
739.000	568.000
793.000	572.000
793.000	549.000
793.000	526.000
870.000	515.000
920.000	597.000
IMAGE=C:/Users/vmc04/Desktop/Lab reared wings for landmarking/18/RMO/RMOFB/RMO 336-1.gif
ID=8 : RMO 336 18
COMMENT=FB-18
VARIABLES=NA
SCALE=NA

LM=18
524.000	382.000
747.000	345.000
1029.000	399.000
1044.000	422.000
1049.000	441.000
1042.000	467.000
1011.000	494.000
963.000	524.000
882.000	552.000
752.000	575.000
533.000	476.000
650.000	468.000
647.000	445.000
699.000	451.000
699.000	428.000
695.000	400.000
784.000	392.000
840.000	481.000
IMAGE=C:/Users/vmc04/Desktop/Lab reared wings for landmarking/18/RMO/RMOFB/RMO 344-1.gif
ID=9 : RMO 344 18
COMMENT=FB-18
VARIABLES=NA
SCALE=NA

LM=18
484.000	862.000
684.000	919.000
897.000	1056.000
902.000	1079.000
900.000	1105.000
886.000	1128.000
856.000	1137.000
795.000	1140.000
724.000	1132.000
611.000	1110.000
458.000	947.000
560.000	984.000
570.000	963.000
610.000	989.000
619.000	967.000
630.000	944.000
710.000	971.000
708.000	1056.000
IMAGE=C:/Users/vmc04/Desktop/Lab reared wings for landmarking/18/RMO/RMOFB/RMO 432-1.gif
ID=10 : RMO 432 18
COMMENT=FB-18
VARIABLES=NA
SCALE=NA

LM=18
625.000	421.000
841.000	427.000
1102.000	518.000
1115.000	539.000
1122.000	567.000
1115.000	594.000
1083.000	614.000
1019.000	634.000
938.000	649.000
804.000	648.000
612.000	507.000
735.000	528.000
738.000	506.000
806.000	526.000
810.000	497.000
814.000	469.000
882.000	475.000
914.000	568.000
IMAGE=C:/Users/vmc04/Desktop/Lab reared wings for landmarking/18/RMO/RMOFB/RMO 513.gif
ID=11 : RMO 513 18
COMMENT=FB-18
VARIABLES=NA
SCALE=NA

LM=18
652.000	290.000
851.000	247.000
1146.000	259.000
1171.000	283.000
1184.000	305.000
1182.000	332.000
1152.000	363.000
1091.000	398.000
1008.000	433.000
883.000	465.000
662.000	381.000
792.000	368.000
790.000	346.000
841.000	348.000
836.000	323.000
829.000	297.000
921.000	282.000
961.000	365.000
IMAGE=C:/Users/vmc04/Desktop/Lab reared wings for landmarking/18/RMO/RMOFB/RMO 520-1.gif
ID=12 : RMO 520 18
COMMENT=FB-18
VARIABLES=NA
SCALE=NA

LM=18
768.000	482.000
996.000	465.000
1261.000	537.000
1273.000	557.000
1277.000	583.000
1270.000	607.000
1244.000	625.000
1193.000	643.000
1109.000	668.000
984.000	680.000
771.000	564.000
882.000	568.000
884.000	545.000
937.000	556.000
938.000	531.000
941.000	507.000
1020.000	506.000
1052.000	595.000
IMAGE=C:/Users/vmc04/Desktop/Lab reared wings for landmarking/18/RMO/RMOFB/RMO 557.gif
ID=13 : RMO 557 18
COMMENT=FB-18
VARIABLES=NA
SCALE=NA

LM=18
524.000	327.000
755.000	326.000
1046.000	416.000
1058.000	444.000
1058.000	460.000
1048.000	478.000
1017.000	497.000
965.000	517.000
883.000	532.000
740.000	541.000
528.000	415.000
639.000	422.000
642.000	401.000
702.000	420.000
706.000	397.000
708.000	372.000
798.000	377.000
840.000	465.000
IMAGE=C:/Users/vmc04/Desktop/Lab reared wings for landmarking/18/RMO/RMOFB/RMO 561-1.gif
ID=14 : RMO 561 18
COMMENT=FB-18
VARIABLES=NA
SCALE=NA

LM=18
622.000	626.000
830.000	574.000
1126.000	606.000
1140.000	624.000
1147.000	645.000
1147.000	670.000
1124.000	694.000
1065.000	727.000
985.000	759.000
863.000	793.000
653.000	712.000
758.000	697.000
756.000	678.000
810.000	679.000
808.000	655.000
804.000	627.000
889.000	616.000
939.000	694.000
IMAGE=C:/Users/vmc04/Desktop/Lab reared wings for landmarking/18/RMO/RMOFB/RMO 602.gif
ID=15 : RMO 602 18
COMMENT=FB-18
VARIABLES=NA
SCALE=NA

LM=18
572.000	271.000
754.000	213.000
1048.000	210.000
1068.000	229.000
1082.000	253.000
1078.000	277.000
1058.000	303.000
1010.000	335.000
940.000	372.000
817.000	413.000
603.000	347.000
710.000	331.000
702.000	308.000
768.000	309.000
759.000	283.000
753.000	256.000
843.000	238.000
888.000	316.000
IMAGE=C:/Users/vmc04/Desktop/Lab reared wings for landmarking/18/RMO/RMOFB/RMO 603.gif
ID=16 : RMO 603 18
COMMENT=FB-18
VARIABLES=NA
SCALE=NA

LM=18
537.000	628.000
766.000	583.000
1040.000	604.000
1054.000	620.000
1068.000	645.000
1068.000	668.000
1040.000	697.000
979.000	734.000
912.000	763.000
784.000	796.000
561.000	713.000
675.000	702.000
673.000	677.000
734.000	684.000
731.000	660.000
724.000	632.000
801.000	622.000
856.000	701.000
IMAGE=C:/Users/vmc04/Desktop/Lab reared wings for landmarking/18/RMO/RMOFB/RMO 605-1.gif
ID=17 : RMO 605 18
COMMENT=FB-18
VARIABLES=NA
SCALE=NA

LM=18
570.000	339.000
794.000	333.000
1037.000	413.000
1050.000	432.000
1053.000	458.000
1044.000	481.000
1021.000	495.000
962.000	518.000
885.000	531.000
768.000	535.000
577.000	416.000
693.000	428.000
695.000	408.000
741.000	423.000
746.000	399.000
750.000	375.000
810.000	375.000
851.000	458.000
IMAGE=C:/Users/vmc04/Desktop/Lab reared wings for landmarking/18/RMO/RMOFB/RMO 611-1.gif
ID=18 : RMO 611 18
COMMENT=FB-18
VARIABLES=NA
SCALE=NA

LM=18
485.000	335.000
717.000	349.000
980.000	438.000
996.000	461.000
998.000	490.000
987.000	513.000
967.000	532.000
889.000	554.000
807.000	565.000
692.000	565.000
470.000	422.000
601.000	439.000
605.000	419.000
678.000	443.000
683.000	420.000
684.000	391.000
755.000	397.000
784.000	489.000
IMAGE=C:/Users/vmc04/Desktop/Lab reared wings for landmarking/18/RMO/RMOFB/RMO 659.gif
ID=19 : RMO 659 18
COMMENT=FB-18
VARIABLES=NA
SCALE=NA

LM=18
521.000	459.000
747.000	505.000
981.000	630.000
991.000	661.000
991.000	689.000
977.000	715.000
950.000	727.000
892.000	739.000
800.000	739.000
676.000	720.000
499.000	543.000
606.000	575.000
612.000	558.000
664.000	583.000
672.000	557.000
677.000	535.000
770.000	556.000
779.000	657.000
IMAGE=C:/Users/vmc04/Desktop/Lab reared wings for landmarking/18/RMO/RMOFB/RMO 691.gif
ID=20 : RMO 691 18
COMMENT=FB-18
VARIABLES=NA
SCALE=NA

LM=18
658.000	551.000
838.000	462.000
1106.000	413.000
1128.000	430.000
1141.000	450.000
1144.000	474.000
1129.000	501.000
1087.000	544.000
1025.000	592.000
918.000	655.000
691.000	630.000
793.000	589.000
786.000	570.000
840.000	559.000
832.000	539.000
826.000	516.000
907.000	480.000
958.000	545.000
IMAGE=C:/Users/vmc04/Desktop/Lab reared wings for landmarking/18/RMO/RMOFB/RMO 694.gif
ID=21 : RMO 694 18
COMMENT=FB-18
VARIABLES=NA
SCALE=NA

LM=18
615.000	491.000
813.000	388.000
1094.000	343.000
1117.000	360.000
1132.000	380.000
1130.000	411.000
1118.000	441.000
1072.000	494.000
1014.000	536.000
902.000	601.000
651.000	571.000
771.000	530.000
760.000	506.000
816.000	495.000
807.000	471.000
797.000	446.000
888.000	415.000
959.000	486.000
IMAGE=C:/Users/vmc04/Desktop/Lab reared wings for landmarking/18/RMO/RMOFB/RMO 696-1.gif
ID=22 : RMO 696 18
COMMENT=FB-18
VARIABLES=NA
SCALE=NA

LM=18
428.000	414.000
607.000	330.000
888.000	293.000
906.000	310.000
924.000	334.000
924.000	358.000
909.000	386.000
871.000	430.000
804.000	476.000
691.000	539.000
462.000	496.000
565.000	464.000
559.000	441.000
612.000	436.000
605.000	409.000
597.000	386.000
681.000	355.000
728.000	421.000
IMAGE=C:/Users/vmc04/Desktop/Lab reared wings for landmarking/18/RMO/RMOFB/RMO 701-1.gif
ID=23 : RMO 701 18
COMMENT=FB-18
VARIABLES=NA
SCALE=NA

LM=18
673.000	690.000
870.000	670.000
1163.000	733.000
1172.000	752.000
1176.000	776.000
1164.000	801.000
1145.000	819.000
1100.000	840.000
1020.000	867.000
877.000	885.000
663.000	768.000
787.000	775.000
786.000	750.000
843.000	766.000
842.000	740.000
843.000	713.000
930.000	711.000
971.000	803.000
IMAGE=C:/Users/vmc04/Desktop/Lab reared wings for landmarking/18/RMO/RMOFB/RMO 702-1.gif
ID=24 : RMO 702 18
COMMENT=FB-18
VARIABLES=NA
SCALE=NA