consensus aligned to its principal axes - from Field 18 scaled data for tutorial.txt
-0.36956085415466727 -0.064490234336431668
-0.10328090230779483 -0.12422353692349947
0.27044794872223954 -0.088275289348255043
0.29351555484039615 -0.062794408888606032
0.30659274101426881 -0.031392241637238354
0.30348187010807298 0.002107440843432833
0.27191103972221564 0.033735092283089928
0.20351540826529746 0.077116207991788921
0.098543687090608803 0.12112757438985906
-0.065281135209895952 0.16425121971203854
-0.35526923641641317 0.047980488955942778
-0.21906477791564763 0.031241974826623262
-0.22361914086230442 0.0032872085899466655
-0.13116547321211613 0.010623413369965558
-0.13718594036009443 -0.023960347335558494
-0.14316497237413253 -0.056919758430379087
-0.028093074810351896 -0.072412633088331568
0.02767725786031856 0.032997829025612116