
C:/Users/vmc04/Desktop/Tutorial field data for Morphoj/Tutorial files_VChu/Field 18 scaled data for tutorial Informe de MOG
Please do NOT use pink buttons or pink menu functions
Possible (COO generated) INPUT FILE: '..._format.txt', or '..._scaled.txt'
Please open an INPUT FILE, then enter the sample sizes of successive groups, each number separated by a space; otherwise just enter the total sample size.
FICHIER: 
C:/Users/vmc04/Desktop/Tutorial field data for Morphoj/Tutorial files_VChu/Field 18 scaled data for tutorial.txt
Field 18 copy for tutorial, 4 each from ARS, APR, RPV, RMO | 4 4 4 4 

16	configuraciones
18	landmarks

CONFIGURATION 1 :
2.388072886 2.116923707 3.057778688 2.009117407 3.959431379 2.146325426 4.028035388 2.218196292 4.060703963 2.306401447 4.044369676 2.391339744 3.952897663 2.469744325 3.773220497 2.574283768 3.495537603 2.675556352 3.074112976 2.740893504 2.375005456 2.410940889 2.744160361 2.394606601 2.737626646 2.316202019 2.953239246 2.352137453 2.949972389 2.267199156 2.943438673 2.182260859 3.221121567 2.152859141 3.322394152 2.433808892
CONFIGURATION 2 :
2.136524853 1.754302517 2.842166089 1.66936422 3.858158794 1.849041386 3.936563376 1.940513398 3.956164521 2.025451695 3.936563376 2.123457423 3.854891936 2.192061432 3.642546194 2.290067159 3.309326722 2.378272313 2.878101522 2.45014318 2.162659713 2.058120271 2.535081477 2.045052841 2.528547762 1.963381401 2.816031228 2.022184838 2.806230655 1.927445968 2.793163225 1.835973956 3.096980979 1.826173383 3.172118703 2.123457423
CONFIGURATION 3 :
2.188794574 1.303476172 2.963039819 1.215271017 4.090105682 1.404748756 4.171777121 1.506021341 4.197911981 1.587692781 4.165243406 1.68243165 4.054170248 1.757569374 3.867959367 1.849041386 3.56740847 1.930712826 3.057778688 2.009117407 2.227996865 1.630161929 2.606952343 1.610560784 2.600418628 1.522355629 2.897702667 1.57462535 2.884635237 1.479886481 2.871567807 1.372080181 3.221121567 1.372080181 3.387731303 1.68243165
CONFIGURATION 4 :
2.293334016 1.519088771 3.103514694 1.417816187 4.188111409 1.617094499 4.25344856 1.688965365 4.279583421 1.77717052 4.269782848 1.888243677 4.14564226 1.956847686 3.946363948 2.045052841 3.609877618 2.136524853 3.129649555 2.208395719 2.306401447 1.809839096 2.698424355 1.816372811 2.695157498 1.734701371 2.985907822 1.77717052 2.979374107 1.692232223 2.969573534 1.597493353 3.319127294 1.597493353 3.485737031 1.888243677
CONFIGURATION 5 :
1.99278312 1.558291062 2.616752916 1.479886481 3.515138749 1.688965365 3.547807324 1.744501944 3.564141612 1.816372811 3.564141612 1.89804425 3.485737031 1.976448832 3.296259291 2.064653986 3.051244973 2.13979171 2.695157498 2.218196292 2.002583692 1.835973956 2.306401447 1.842507671 2.296600874 1.767369947 2.479544898 1.806572238 2.473011183 1.711833368 2.469744325 1.643229359 2.865034092 1.636695644 2.940171816 1.904577965
CONFIGURATION 6 :
1.956847686 1.280608169 2.636354062 1.195669872 3.67521477 1.408015614 3.737285064 1.486420196 3.763419924 1.594226496 3.740551921 1.688965365 3.642546194 1.767369947 3.440001024 1.862108817 3.1492507 1.953580829 2.669022637 2.028718553 1.969915117 1.617094499 2.352137453 1.613827641 2.34233688 1.535423059 2.561216337 1.581159065 2.561216337 1.476619623 2.561216337 1.388414469 2.858500376 1.378613896 3.034910685 1.702032796
CONFIGURATION 7 :
2.293334016 1.646496217 3.031643828 1.564824778 4.047636533 1.757569374 4.109706827 1.839240814 4.152175975 1.937246541 4.139108545 2.025451695 4.028035388 2.110389992 3.832023933 2.205128862 3.511871891 2.293334016 3.061045546 2.368471741 2.309668304 1.953580829 2.685356925 1.950313971 2.682090068 1.871909389 2.963039819 1.930712826 2.953239246 1.826173383 2.946705531 1.728167656 3.185186134 1.711833368 3.306059864 2.025451695
CONFIGURATION 8 :
2.10058942 1.231605305 2.77356208 1.189136157 3.779754212 1.408015614 3.832023933 1.496220768 3.864692509 1.597493353 3.845091364 1.675897935 3.734018206 1.757569374 3.531473037 1.849041386 3.224388425 1.933979683 2.763761507 1.982982547 2.077721416 1.555024205 2.440342607 1.56155792 2.433808892 1.492953911 2.659222065 1.535423059 2.655955207 1.437417332 2.655955207 1.355745893 2.949972389 1.336144747 3.070846119 1.653029932
CONFIGURATION 9 :
2.682090068 2.035252268 3.377930731 1.927445968 4.315518854 2.058120271 4.380856006 2.133257995 4.393923436 2.22146315 4.377589148 2.290067159 4.312251997 2.35540431 4.126041115 2.469744325 3.864692509 2.58408434 3.456335312 2.66575578 2.675556352 2.335803165 3.044711258 2.296600874 3.038177543 2.227996865 3.292992434 2.263932298 3.289725576 2.172460286 3.279925003 2.084255132 3.547807324 2.061387129 3.70134963 2.34233688
CONFIGURATION 10 :
2.025451695 0.953922411 2.698424355 0.891852117 3.717683918 1.146667008 3.763419924 1.215271017 3.7960885 1.290408741 3.769953639 1.375347038 3.668681055 1.447217905 3.498804461 1.528889344 3.204787279 1.604027068 2.737626646 1.662830505 2.002583692 1.270807596 2.368471741 1.267540738 2.371738598 1.198936729 2.590618055 1.247939593 2.58408434 1.153200723 2.574283768 1.068262426 2.897702667 1.068262426 3.025110113 1.362279608
CONFIGURATION 11 :
2.211662577 1.388414469 3.054511831 1.274074454 4.041102818 1.457018478 4.093372539 1.528889344 4.122774257 1.604027068 4.116240542 1.698765938 4.028035388 1.79023795 3.825490218 1.904577965 3.524939321 2.00585055 3.047978116 2.087521989 2.257398583 1.705299653 2.646154634 1.685698508 2.642887777 1.607293926 2.884635237 1.653029932 2.878101522 1.551757347 2.868300949 1.45375162 3.181919276 1.44068419 3.33872844 1.737968229
CONFIGURATION 12 :
2.035252268 1.920912253 2.783362652 1.79023795 3.760153067 1.963381401 3.80915593 2.025451695 3.841824506 2.123457423 3.828757076 2.214929435 3.717683918 2.306401447 3.511871891 2.414207747 3.266857573 2.492612328 2.829098658 2.580817483 2.041785983 2.192061432 2.384806028 2.178994001 2.384806028 2.110389992 2.610219201 2.13979171 2.606952343 2.045052841 2.606952343 1.963381401 2.927104386 1.947047114 3.080646691 2.244331153
CONFIGURATION 13 :
1.927445968 1.23813902 2.613486058 1.182602441 3.482470173 1.430883617 3.531473037 1.512555056 3.551074182 1.57462535 3.538006752 1.649763074 3.456335312 1.721633941 3.270124431 1.806572238 2.985907822 1.875176247 2.554682622 1.920912253 1.924179111 1.522355629 2.250864868 1.525622487 2.250864868 1.45375162 2.486078613 1.509288199 2.479544898 1.424349902 2.473011183 1.336144747 2.767028364 1.349212178 2.851966661 1.633428787
CONFIGURATION 14 :
2.299867731 1.336144747 3.129649555 1.22507159 4.161976548 1.443951047 4.210979412 1.509288199 4.246914845 1.617094499 4.224046842 1.715100226 4.129307972 1.80330538 3.900627942 1.917645395 3.596810188 2.01891798 3.116582125 2.097322562 2.32926945 1.68243165 2.740893504 1.659563647 2.734359789 1.584425923 3.01530954 1.617094499 2.998975252 1.522355629 2.992441537 1.414549329 3.292992434 1.398215041 3.417133021 1.734701371
CONFIGURATION 15 :
2.214929435 1.662830505 3.087180407 1.541956775 4.194645124 1.741235086 4.237114272 1.813105953 4.26651599 1.89804425 4.256715418 2.002583692 4.158709691 2.087521989 3.975765666 2.198595147 3.636012479 2.316202019 3.116582125 2.420741462 2.224730007 1.999316835 2.675556352 1.986249404 2.672289495 1.894777392 2.956506104 1.940513398 2.946705531 1.839240814 2.930371243 1.737968229 3.276658146 1.708566511 3.420399879 2.035252268
CONFIGURATION 16 :
2.361938025 1.89804425 3.126382697 1.832707099 4.112973685 2.058120271 4.142375403 2.120190565 4.158709691 2.22146315 4.1195074 2.309668304 4.060703963 2.358671168 3.854891936 2.453410037 3.564141612 2.538348334 3.096980979 2.587351198 2.358671168 2.185527716 2.731092931 2.192061432 2.724559216 2.116923707 2.959772961 2.162659713 2.953239246 2.067920844 2.946705531 1.979715689 3.302793006 1.989516262 3.322394152 2.260665441

CONFIGURATION CONSENSUS 
2.194 1.553 2.931 1.463 3.931 1.661 3.987 1.736 4.014 1.825 3.996 1.914 3.902 1.991 3.706 2.090 3.410 2.180 2.955 2.252 2.203 1.860 2.576 1.852 2.571 1.775 2.820 1.820 2.813 1.725 2.805 1.634 3.119 1.623 3.242 1.923

TRANSLACION de los OBJETOS sobre UN mismo CENTROIDE

Translated matrix object 0
-0.98238888888888909 -0.27349999999999991
-0.24538888888888852 -0.36349999999999977
0.75461111111111123 -0.1654999999999999
0.81061111111111128 -0.09050000000000015
0.83761111111111086 -0.0015000000000001817
0.81961111111111118 0.087499999999999745
0.72561111111111132 0.16450000000000015
0.52961111111111092 0.2634999999999999
0.2336111111111111 0.35349999999999998
-0.22138888888888861 0.42550000000000021
-0.97338888888888897 0.033500000000000196
-0.60038888888888853 0.025500000000000078
-0.60538888888888842 -0.051500000000000004
-0.35638888888888887 -0.0064999999999999086
-0.36338888888888876 -0.10149999999999999
-0.37138888888888866 -0.19250000000000028
-0.057388888888888712 -0.20350000000000024
0.065611111111111065 0.096499999999999808

Translated matrix object 1
-0.89421151450000025 -0.22523168088888851
-0.2245057124999997 -0.3330379808888887
0.67714697850000105 -0.19582996188888852
0.74575098750000057 -0.12395909588888918
0.77841956250000033 -0.035753940888888919
0.76208527550000005 0.049184356111111355
0.67061326250000031 0.12758893711111144
0.49093609649999997 0.23212838011111117
0.21325320250000024 0.33340096411111142
-0.20817142449999979 0.39873811611111154
-0.9072789444999998 0.068785501111111119
-0.53812403949999954 0.0524512131111112
-0.54465775449999998 -0.025953368888888967
-0.32904515450000016 0.009982065111111077
-0.33231201149999956 -0.074956231888888752
-0.33884572749999964 -0.15989452888888903
-0.061162833499999458 -0.18929624688888916
0.040109751500000623 0.091653504111111506

Translated matrix object 2
-0.98913187616666676 -0.27205663877777769
-0.28349064016666725 -0.35699493577777763
0.73250206483333291 -0.17731776977777797
0.81090664683333324 -0.085845757777777615
0.83050779183333268 -0.00090746077777761891
0.81090664683333324 0.097098267222222229
0.72923520683333298 0.16570227622222217
0.51688946483333287 0.26370800322222204
0.18366999283333377 0.35191315722222211
-0.24755520716666649 0.42378402422222244
-0.96299701616666655 0.031761115222222219
-0.59057525216666651 0.018693685222222228
-0.5971089671666665 -0.062977754777777811
-0.30962550116666626 -0.0041743177777777973
-0.31942607416666646 -0.098913187777777592
-0.33249350416666673 -0.19038519977777776
-0.028675750166666208 -0.20018577277777777
0.046461973833333836 0.097098267222222034

Translated matrix object 3
-1.0902229689444438 -0.27931632216666658
-0.31597772394444434 -0.36752147716666639
0.81108813905555599 -0.17804373816666666
0.89275957805555595 -0.076771153166666606
0.91889443805555593 0.004900286833333406
0.88622586305555617 0.099639155833333354
0.77515270505555534 0.17477687983333343
0.58894182405555551 0.26624889183333311
0.28839092705555591 0.34792033183333337
-0.22123885494444442 0.42632491283333351
-1.0510206779444442 0.047369434833333307
-0.67206519994444402 0.027768289833333321
-0.67859891494444424 -0.060436865166666687
-0.38131487594444435 -0.0081671441666665845
-0.39438230594444434 -0.1029060131666665
-0.40744973594444445 -0.21071231316666647
-0.057895975944444428 -0.21071231316666642
0.10871376005555522 0.099639155833333604

Translated matrix object 4
-1.0766110627222223 -0.26806381355555553
-0.26643038472222175 -0.36933639755555547
0.81816633027777819 -0.1700580855555556
0.88350348127777778 -0.098187219555555358
0.90963834227777784 -0.0099820645555550869
0.89983776927777814 0.10109109244444474
0.77569718127777787 0.16969510144444433
0.57641886927777819 0.25790025644444464
0.23993253927777791 0.34937226844444452
-0.24029552372222213 0.42124313444444433
-1.0635436317222222 0.022686511444444543
-0.67152072372222205 0.029220226444444483
-0.67478758072222189 -0.052451213555555126
-0.38403725672222166 -0.0099820645555550869
-0.39057097172222183 -0.094920361555555152
-0.40037154472222192 -0.18965923155555517
-0.050817784722221759 -0.18965923155555514
0.11579195227777861 0.10109109244444481

Translated matrix object 5
-0.84956446072222203 -0.26025965361111131
-0.22559466472222262 -0.33866423461111089
0.6727911682777783 -0.12958535061111098
0.70545974327777805 -0.074048771611110994
0.72179403127777797 -0.0021779046111110034
0.72179403127777797 0.079493534388889384
0.64338945027777839 0.15789811638888906
0.45391171027777832 0.24610327038888924
0.20889739227777834 0.32124099438888881
-0.14719008272222206 0.3996455763888887
-0.83976388872222196 0.017423240388888872
-0.53594613372222222 0.023956955388888854
-0.54574670672222181 -0.051180768611111094
-0.36280268272222205 -0.011978477611111149
-0.36933639772222204 -0.10671734761111108
-0.37260325572222192 -0.17532135661111087
0.022686511277778071 -0.18185507161111097
0.097824235277777838 0.086027249388889171

Translated matrix object 6
-0.96826028644444428 -0.30599565911111126
-0.2887539104444441 -0.39093395611111109
0.7501067975555562 -0.17858821411111112
0.81217709155555551 -0.10018363211111077
0.83831195155555549 0.0076226678888890731
0.8154439485555558 0.10236153688888902
0.71743822155555548 0.1807661188888891
0.51489305155555609 0.27550498888888891
0.22414272755555645 0.36697700088888913
-0.2560853354444439 0.44211472488888931
-0.95519285544444377 0.03049067088888921
-0.57297051944444388 0.027223812888889171
-0.58277109244444425 -0.051180769111110927
-0.36389163544444436 -0.0054447631111110006
-0.36389163544444447 -0.10998420511111119
-0.36389163544444458 -0.19818935911111099
-0.066607596444444833 -0.207989932111111
0.10980271255555563 0.1154289678888889

Translated matrix object 7
-0.997662004722222 -0.28385362450000001
-0.2593521927222221 -0.36552506349999969
0.7566405122777784 -0.1727804674999999
0.81871080627777815 -0.091109027500000078
0.8611799542777776 0.006896699499999992
0.84811252427777717 0.095101853500000139
0.7370393672777773 0.1800401505
0.54102791227777747 0.27477902050000003
0.22087587027777794 0.36298417449999987
-0.22995047472222216 0.43812189949999947
-0.98132771672222185 0.023230987500000022
-0.6056390957222223 0.019964129499999872
-0.60890595272222225 -0.058440452500000101
-0.32795620172222245 0.00036298449999999649
-0.33775677472222243 -0.10417645850000007
-0.34429048972222187 -0.20218218549999997
-0.10580988672222208 -0.21851647350000025
0.015063843277777877 0.095101853500000111

Translated matrix object 8
-0.92125383527777749 -0.32668575727777766
-0.24828117527777782 -0.36915490527777761
0.75791095672222242 -0.15027544827777792
0.81018067772222246 -0.062070294277777965
0.84284925372222297 0.03920229072222231
0.82324810872222254 0.11760687272222242
0.7121749507222217 0.19927831172222246
0.50962978172222217 0.2907503237222222
0.20254516972222206 0.3756886207222222
-0.25808174827777763 0.4246914847222224
-0.9441218392777776 -0.0032668572777776184
-0.58150064827777792 0.0032668577222222661
-0.58803436327777758 -0.0653371512777777
-0.36262119027777773 -0.022868003277777799
-0.36588804827777771 -0.12087373027777765
-0.36588804827777777 -0.20254516927777788
-0.071870866277777584 -0.22214631527777781
0.049002863722222401 0.094738869722222008

Translated matrix object 9
-0.93776961511111145 -0.21615707616666668
-0.24192895211111101 -0.32396337616666671
0.69565917088888818 -0.19328907316666655
0.76099632288888919 -0.1181513491666667
0.77406375288888829 -0.029946194166666884
0.7577294648888897 0.038657814833333526
0.69239231388888878 0.10399496583333356
0.50618143188888864 0.21833498083333386
0.24483282588888949 0.33267499583333354
-0.16352437111111054 0.41434643583333314
-0.94430333111111042 0.084393820833333355
-0.57514842511111053 0.045191529833333188
-0.58168214011111052 -0.023412479166667
-0.32686724911111109 0.012522953833333017
-0.33013410711111102 -0.07894905816666703
-0.33993468011111111 -0.16715421216666709
-0.072052359111111242 -0.19002221516666734
0.081489946888889442 0.090927535833332573

Translated matrix object 10
-0.93541021866666652 -0.31016997750000008
-0.26243755866666663 -0.37224027150000005
0.75682200433333402 -0.11742538049999997
0.80255801033333385 -0.048821371499999794
0.83522658633333413 0.026316352500000223
0.80909172533333407 0.1112546495
0.7078191413333339 0.18312551650000011
0.53794254733333358 0.26479695549999982
0.2439253653333335 0.33993467949999978
-0.22323526766666704 0.39873811650000013
-0.95827822166666654 0.0067152075000000144
-0.59239017266666683 0.0034483494999999753
-0.58912331566666687 -0.065155659500000102
-0.37024385866666654 -0.016152795500000011
-0.37677757366666664 -0.11089166549999976
-0.38657814566666665 -0.19582996249999993
-0.063159246666666863 -0.19582996249999998
0.064248199333333478 0.098187219499999978

Translated matrix object 11
-1.0530170910555559 -0.25463339822222208
-0.21016783705555536 -0.36897341322222227
0.77642314994444428 -0.18602938922222212
0.82869287094444433 -0.11415852322222232
0.85809458894444424 -0.039020799222222402
0.85156087394444446 0.055718070777777642
0.76335571994444473 0.14719008277777795
0.5608105499444449 0.26153009777777775
0.26025965294444492 0.36280268277777777
-0.21670155205555558 0.44447412177777768
-1.0072810850555556 0.06225178577777786
-0.61852503405555548 0.042650640777777873
-0.62179189105555599 -0.03575394122222203
-0.38004443105555596 0.0099820647777777993
-0.38657814605555596 -0.091290520222222352
-0.39637871905555633 -0.1892962472222221
-0.082760392055556131 -0.20236367722222215
0.074048771944443814 0.094920361777777851

Translated matrix object 12
-0.96626387322222262 -0.22650212511111129
-0.21815348922222214 -0.35717642811111106
0.75863692577777853 -0.18403297711111127
0.80763978877777776 -0.12196268311111064
0.84030836477777804 -0.023956955111111122
0.82724093477777805 0.067515056888889494
0.7161677767777781 0.15898706888888892
0.51035574977777842 0.26679336888888927
0.26534143177777797 0.34519794988888891
-0.17241748322222186 0.43340310488888911
-0.95973015822222218 0.044647053888889024
-0.61671011322222191 0.031579622888889228
-0.61671011322222213 -0.037024386111110974
-0.39129694022222195 -0.0076226681111110084
-0.39456379822222198 -0.10236153711111096
-0.39456379822222215 -0.18403297711111105
-0.074411755222222542 -0.20036726411111105
0.07913054977777767 0.096916774888889279

Translated matrix object 13
-0.87225097216666669 -0.29891746811111103
-0.18621088216666742 -0.354454047111111
0.68277323283333269 -0.10617287111111089
0.73177609683333378 -0.024501432111110874
0.7513772418333331 0.037568861888889207
0.73830981183333311 0.11270658588888914
0.65663837183333396 0.18457745288888877
0.47042749083333368 0.26951574988888866
0.1862108818333337 0.33811975888888884
-0.2450143181666663 0.3838557648888889
-0.87551782916666665 -0.01470085911111095
-0.54883207216666652 -0.011434001111111133
-0.54883207216666663 -0.083304868111111138
-0.31361832716666616 -0.027768289111111275
-0.32015204216666632 -0.1127065861111111
-0.32668575716666631 -0.20091174111111099
-0.03266857616666638 -0.1878443101111113
0.052269720833333366 0.096372298888888874

Translated matrix object 14
-1.0633621405 -0.29147629266666658
-0.23358031650000055 -0.40254944966666684
0.79874667650000031 -0.18366999266666645
0.84774954050000051 -0.11833284066666654
0.88368497349999975 -0.010526540666666348
0.86081697049999961 0.087479186333333236
0.76607810049999958 0.17568434033333341
0.53739807049999955 0.29002435533333365
0.23358031649999991 0.39129694033333351
-0.24664774650000054 0.46970152233333357
-1.0339604215000002 0.054810610333333731
-0.62233636750000021 0.031942607333333595
-0.62887008250000032 -0.043195116666666575
-0.34792033150000012 -0.010526540666666237
-0.36425461949999993 -0.10526541066666624
-0.37078833450000037 -0.21307171066666619
-0.070237437500000638 -0.22940599866666617
0.053903149499999969 0.10708033133333394

Translated matrix object 15
-1.1321476407777773 -0.27187514661111095
-0.25989666877777789 -0.39274887661111119
0.84756804822222209 -0.19347056561111092
0.89003719622222199 -0.12159969861111104
0.9194389142222219 -0.036661401611111061
0.90963834222222184 0.067878040388888755
0.81163261522222241 0.15281633738888867
0.62868859022222268 0.26388949538888884
0.28893540322222278 0.38149636738888892
-0.23049495077777776 0.4860358103888891
-1.1223470687777777 0.064611183388888799
-0.67152072377777738 0.051543752388889058
-0.67478758077777778 -0.039928259611111044
-0.39057097177777794 0.0058077463888890068
-0.40037154477777775 -0.095464837611111034
-0.41670583277777762 -0.19673742261111085
-0.070418929777778 -0.22613914061111107
0.073322803222222177 0.10054661638888884

Translated matrix object 16
-0.96571939733333312 -0.2871204822222222
-0.2012747253333331 -0.35245763322222229
0.78531626266666699 -0.12704446122222224
0.8147179806666669 -0.064974167222222032
0.83105226866666726 0.036298417777777564
0.79184997766666676 0.12450357177777796
0.73304654066666686 0.17350643577777772
0.52723451366666718 0.2682453047777773
0.23648418966666701 0.35318360177777786
-0.23067644333333279 0.4021864657777775
-0.96898625433333296 0.00036298377777801982
-0.59656449133333278 0.006896699777777765
-0.603098206333333 -0.06824102522222196
-0.36788446133333269 -0.022505019222222131
-0.37441817633333319 -0.11724388822222186
-0.38095189133333263 -0.20544904322222185
-0.024864416333332973 -0.19564847022222207
-0.0052632703333328479 0.075500708777778147



SCALING to UNIT Centroid Size

Scaled individual 0
2.7147822707866971
-0.362 -0.101
-0.090 -0.134
0.278 -0.061
0.299 -0.033
0.309 -0.001
0.302 0.032
0.267 0.061
0.195 0.097
0.086 0.130
-0.082 0.157
-0.359 0.012
-0.221 0.009
-0.223 -0.019
-0.131 -0.002
-0.134 -0.037
-0.137 -0.071
-0.021 -0.075
0.024 0.036
Scaled individual 1
2.4944432275907955
-0.358 -0.090
-0.090 -0.134
0.271 -0.079
0.299 -0.050
0.312 -0.014
0.306 0.020
0.269 0.051
0.197 0.093
0.085 0.134
-0.083 0.160
-0.364 0.028
-0.216 0.021
-0.218 -0.010
-0.132 0.004
-0.133 -0.030
-0.136 -0.064
-0.025 -0.076
0.016 0.037
Scaled individual 2
2.6812856122378075
-0.369 -0.101
-0.106 -0.133
0.273 -0.066
0.302 -0.032
0.310 -0.000
0.302 0.036
0.272 0.062
0.193 0.098
0.069 0.131
-0.092 0.158
-0.359 0.012
-0.220 0.007
-0.223 -0.023
-0.115 -0.002
-0.119 -0.037
-0.124 -0.071
-0.011 -0.075
0.017 0.036
Scaled individual 3
2.9551252381937867
-0.369 -0.095
-0.107 -0.124
0.274 -0.060
0.302 -0.026
0.311 0.002
0.300 0.034
0.262 0.059
0.199 0.090
0.098 0.118
-0.075 0.144
-0.356 0.016
-0.227 0.009
-0.230 -0.020
-0.129 -0.003
-0.133 -0.035
-0.138 -0.071
-0.020 -0.071
0.037 0.034
Scaled individual 4
2.9372690301132143
-0.367 -0.091
-0.091 -0.126
0.279 -0.058
0.301 -0.033
0.310 -0.003
0.306 0.034
0.264 0.058
0.196 0.088
0.082 0.119
-0.082 0.143
-0.362 0.008
-0.229 0.010
-0.230 -0.018
-0.131 -0.003
-0.133 -0.032
-0.136 -0.065
-0.017 -0.065
0.039 0.034
Scaled individual 5
2.4089723222067971
-0.353 -0.108
-0.094 -0.141
0.279 -0.054
0.293 -0.031
0.300 -0.001
0.300 0.033
0.267 0.066
0.188 0.102
0.087 0.133
-0.061 0.166
-0.349 0.007
-0.222 0.010
-0.227 -0.021
-0.151 -0.005
-0.153 -0.044
-0.155 -0.073
0.009 -0.075
0.041 0.036
Scaled individual 6
2.7111892453909578
-0.357 -0.113
-0.107 -0.144
0.277 -0.066
0.300 -0.037
0.309 0.003
0.301 0.038
0.265 0.067
0.190 0.102
0.083 0.135
-0.094 0.163
-0.352 0.011
-0.211 0.010
-0.215 -0.019
-0.134 -0.002
-0.134 -0.041
-0.134 -0.073
-0.025 -0.077
0.040 0.043
Scaled individual 7
2.7499103371671003
-0.363 -0.103
-0.094 -0.133
0.275 -0.063
0.298 -0.033
0.313 0.003
0.308 0.035
0.268 0.065
0.197 0.100
0.080 0.132
-0.084 0.159
-0.357 0.008
-0.220 0.007
-0.221 -0.021
-0.119 0.000
-0.123 -0.038
-0.125 -0.074
-0.038 -0.079
0.005 0.035
Scaled individual 8
2.6898480792506789
-0.342 -0.121
-0.092 -0.137
0.282 -0.056
0.301 -0.023
0.313 0.015
0.306 0.044
0.265 0.074
0.189 0.108
0.075 0.140
-0.096 0.158
-0.351 -0.001
-0.216 0.001
-0.219 -0.024
-0.135 -0.009
-0.136 -0.045
-0.136 -0.075
-0.027 -0.083
0.018 0.035
Scaled individual 9
2.5564354389851385
-0.367 -0.085
-0.095 -0.127
0.272 -0.076
0.298 -0.046
0.303 -0.012
0.296 0.015
0.271 0.041
0.198 0.085
0.096 0.130
-0.064 0.162
-0.369 0.033
-0.225 0.018
-0.228 -0.009
-0.128 0.005
-0.129 -0.031
-0.133 -0.065
-0.028 -0.074
0.032 0.036
Scaled individual 10
2.6853309820885154
-0.348 -0.116
-0.098 -0.139
0.282 -0.044
0.299 -0.018
0.311 0.010
0.301 0.041
0.264 0.068
0.200 0.099
0.091 0.127
-0.083 0.148
-0.357 0.003
-0.221 0.001
-0.219 -0.024
-0.138 -0.006
-0.140 -0.041
-0.144 -0.073
-0.024 -0.073
0.024 0.037
Scaled individual 11
2.8172341454608292
-0.374 -0.090
-0.075 -0.131
0.276 -0.066
0.294 -0.041
0.305 -0.014
0.302 0.020
0.271 0.052
0.199 0.093
0.092 0.129
-0.077 0.158
-0.358 0.022
-0.220 0.015
-0.221 -0.013
-0.135 0.004
-0.137 -0.032
-0.141 -0.067
-0.029 -0.072
0.026 0.034
Scaled individual 12
2.7139528391151253
-0.356 -0.083
-0.080 -0.132
0.280 -0.068
0.298 -0.045
0.310 -0.009
0.305 0.025
0.264 0.059
0.188 0.098
0.098 0.127
-0.064 0.160
-0.354 0.016
-0.227 0.012
-0.227 -0.014
-0.144 -0.003
-0.145 -0.038
-0.145 -0.068
-0.027 -0.074
0.029 0.036
Scaled individual 13
2.4595565150820362
-0.355 -0.122
-0.076 -0.144
0.278 -0.043
0.298 -0.010
0.305 0.015
0.300 0.046
0.267 0.075
0.191 0.110
0.076 0.137
-0.100 0.156
-0.356 -0.006
-0.223 -0.005
-0.223 -0.034
-0.128 -0.011
-0.130 -0.046
-0.133 -0.082
-0.013 -0.076
0.021 0.039
Scaled individual 14
2.8676899500725104
-0.371 -0.102
-0.081 -0.140
0.279 -0.064
0.296 -0.041
0.308 -0.004
0.300 0.031
0.267 0.061
0.187 0.101
0.081 0.136
-0.086 0.164
-0.361 0.019
-0.217 0.011
-0.219 -0.015
-0.121 -0.004
-0.127 -0.037
-0.129 -0.074
-0.024 -0.080
0.019 0.037
Scaled individual 15
3.043788468317119
-0.372 -0.089
-0.085 -0.129
0.278 -0.064
0.292 -0.040
0.302 -0.012
0.299 0.022
0.267 0.050
0.207 0.087
0.095 0.125
-0.076 0.160
-0.369 0.021
-0.221 0.017
-0.222 -0.013
-0.128 0.002
-0.132 -0.031
-0.137 -0.065
-0.023 -0.074
0.024 0.033
Scaled individual 16
2.7042834192503911
-0.357 -0.106
-0.074 -0.130
0.290 -0.047
0.301 -0.024
0.307 0.013
0.293 0.046
0.271 0.064
0.195 0.099
0.087 0.131
-0.085 0.149
-0.358 0.000
-0.221 0.003
-0.223 -0.025
-0.136 -0.008
-0.138 -0.043
-0.141 -0.076
-0.009 -0.072
-0.002 0.028

{translated and scaled (first one is consensus)} saved in 
C:/Users/vmc04/Desktop/Tutorial field data for Morphoj/Tutorial files_VChu/Field 18 scaled data for tutorial_TRANSCALED.txt


 - Centroid sizes -  saved in 
C:/Users/vmc04/Desktop/Tutorial field data for Morphoj/Tutorial files_VChu/Field 18 scaled data for tutorial_CS.txt


ROTATION (aligned specimens)
New sum of Procrustes distances to mean shape: 0.018481881767631523
Convergence = 0.04700209317256282
New sum of Procrustes distances to mean shape: 0.018413119246452999
Convergence = 6.8762521178523939e-05
New sum of Procrustes distances to mean shape: 0.018412828186356662
Convergence = 2.910600963371146e-07
New sum of Procrustes distances to mean shape: 0.018412826893149777
Convergence = 1.2932068853277467e-09
Procedure ROTATION
Last consensus, 

-0.3613 -0.1011
-0.0903 -0.1339
0.2779 -0.0608
0.2983 -0.0331
0.3082 -0.0006
0.3018 0.0324
0.2672 0.0607
0.1948 0.0971
0.0859 0.1304
-0.0814 0.1569
-0.3583 0.0122
-0.2211 0.0092
-0.2228 -0.0191
-0.1316 -0.0025
-0.1341 -0.0376
-0.1368 -0.0709
-0.0207 -0.0749
0.0242 0.0356


rotated object 0 
-0.3548 -0.1038
-0.0849 -0.1368
0.2742 -0.0682
0.3006 -0.0383
0.3124 -0.0025
0.3045 0.0313
0.2667 0.0613
0.1931 0.1004
0.0804 0.1368
-0.0894 0.1566
-0.3645 0.0138
-0.2164 0.0128
-0.2178 -0.0187
-0.1320 -0.0010
-0.1320 -0.0351
-0.1333 -0.0692
-0.0216 -0.0768
0.0147 0.0373

rotated object 1 
-0.3695 -0.0994
-0.1065 -0.1326
0.2728 -0.0676
0.3023 -0.0337
0.3097 -0.0020
0.3026 0.0346
0.2723 0.0603
0.1933 0.0973
0.0692 0.1309
-0.0915 0.1586
-0.3591 0.0138
-0.2202 0.0082
-0.2228 -0.0223
-0.1155 -0.0009
-0.1193 -0.0362
-0.1244 -0.0703
-0.0111 -0.0746
0.0175 0.0361

rotated object 2 
-0.3680 -0.0980
-0.1057 -0.1254
0.2750 -0.0577
0.3023 -0.0231
0.3109 0.0046
0.2996 0.0365
0.2617 0.0616
0.1984 0.0920
0.0965 0.1187
-0.0762 0.1436
-0.3558 0.0127
-0.2275 0.0073
-0.2294 -0.0226
-0.1290 -0.0040
-0.1331 -0.0361
-0.1372 -0.0726
-0.0189 -0.0715
0.0365 0.0341

rotated object 3 
-0.3659 -0.0938
-0.0898 -0.1264
0.2789 -0.0559
0.3010 -0.0313
0.3097 -0.0012
0.3061 0.0366
0.2637 0.0596
0.1956 0.0892
0.0808 0.1195
-0.0828 0.1428
-0.3621 0.0052
-0.2287 0.0083
-0.2296 -0.0195
-0.1307 -0.0043
-0.1327 -0.0332
-0.1359 -0.0655
-0.0168 -0.0647
0.0392 0.0347

rotated object 4 
-0.3536 -0.1050
-0.0948 -0.1398
0.2788 -0.0562
0.2926 -0.0332
0.2996 -0.0034
0.2999 0.0305
0.2676 0.0633
0.1893 0.1006
0.0878 0.1326
-0.0597 0.1664
-0.3485 0.0102
-0.2224 0.0118
-0.2267 -0.0193
-0.1506 -0.0037
-0.1537 -0.0430
-0.1553 -0.0715
0.0088 -0.0756
0.0409 0.0354

rotated object 5 
-0.3582 -0.1095
-0.1078 -0.1432
0.2760 -0.0684
0.2992 -0.0397
0.3092 -0.0001
0.3011 0.0350
0.2652 0.0642
0.1909 0.0998
0.0839 0.1346
-0.0929 0.1639
-0.3522 0.0145
-0.2112 0.0120
-0.2151 -0.0169
-0.1342 -0.0008
-0.1346 -0.0393
-0.1349 -0.0718
-0.0253 -0.0765
0.0409 0.0422

rotated object 6 
-0.3634 -0.1010
-0.0951 -0.1323
0.2748 -0.0646
0.2975 -0.0350
0.3132 0.0005
0.3086 0.0327
0.2684 0.0638
0.1974 0.0987
0.0811 0.1315
-0.0826 0.1598
-0.3568 0.0107
-0.2202 0.0086
-0.2216 -0.0199
-0.1193 0.0009
-0.1231 -0.0371
-0.1257 -0.0727
-0.0390 -0.0792
0.0057 0.0345

rotated object 7 
-0.3474 -0.1067
-0.0981 -0.1332
0.2791 -0.0678
0.2999 -0.0359
0.3137 0.0012
0.3076 0.0306
0.2677 0.0627
0.1939 0.0999
0.0812 0.1363
-0.0891 0.1618
-0.3507 0.0138
-0.2159 0.0104
-0.2195 -0.0149
-0.1351 -0.0027
-0.1378 -0.0391
-0.1391 -0.0694
-0.0302 -0.0814
0.0197 0.0344

rotated object 8 
-0.3620 -0.1034
-0.0879 -0.1315
0.2757 -0.0614
0.2997 -0.0307
0.3030 0.0040
0.2952 0.0304
0.2684 0.0546
0.1933 0.0955
0.0889 0.1349
-0.0723 0.1586
-0.3706 0.0139
-0.2256 0.0060
-0.2268 -0.0209
-0.1279 -0.0017
-0.1274 -0.0375
-0.1294 -0.0722
-0.0243 -0.0757
0.0300 0.0372

rotated object 9 
-0.3517 -0.1050
-0.1019 -0.1356
0.2804 -0.0522
0.2982 -0.0272
0.3112 0.0005
0.3024 0.0324
0.2655 0.0602
0.2032 0.0925
0.0946 0.1238
-0.0786 0.1509
-0.3566 0.0132
-0.2205 0.0079
-0.2200 -0.0177
-0.1380 -0.0019
-0.1415 -0.0371
-0.1461 -0.0686
-0.0257 -0.0722
0.0250 0.0358

rotated object 10 
-0.3709 -0.1016
-0.0706 -0.1332
0.2775 -0.0577
0.2952 -0.0316
0.3049 -0.0047
0.3015 0.0289
0.2693 0.0604
0.1962 0.0988
0.0885 0.1315
-0.0816 0.1554
-0.3580 0.0113
-0.2199 0.0085
-0.2202 -0.0193
-0.1349 -0.0005
-0.1362 -0.0365
-0.1386 -0.0714
-0.0272 -0.0727
0.0253 0.0345

rotated object 11 
-0.3539 -0.0923
-0.0771 -0.1336
0.2811 -0.0608
0.2986 -0.0375
0.3097 -0.0011
0.3041 0.0324
0.2623 0.0651
0.1855 0.1029
0.0946 0.1296
-0.0675 0.1581
-0.3539 0.0077
-0.2275 0.0060
-0.2268 -0.0193
-0.1441 -0.0064
-0.1444 -0.0413
-0.1437 -0.0714
-0.0256 -0.0745
0.0283 0.0364

rotated object 12 
-0.3614 -0.0997
-0.0844 -0.1392
0.2744 -0.0600
0.2964 -0.0281
0.3059 -0.0034
0.3024 0.0274
0.2711 0.0586
0.1976 0.0977
0.0840 0.1326
-0.0899 0.1619
-0.3557 0.0158
-0.2230 0.0090
-0.2248 -0.0202
-0.1280 -0.0035
-0.1327 -0.0378
-0.1376 -0.0734
-0.0179 -0.0754
0.0236 0.0378

rotated object 13 
-0.3705 -0.1029
-0.0810 -0.1406
0.2787 -0.0631
0.2958 -0.0403
0.3082 -0.0027
0.3001 0.0315
0.2669 0.0621
0.1871 0.1017
0.0810 0.1367
-0.0865 0.1635
-0.3606 0.0179
-0.2171 0.0104
-0.2192 -0.0158
-0.1213 -0.0041
-0.1269 -0.0371
-0.1291 -0.0747
-0.0242 -0.0801
0.0187 0.0374

rotated object 14 
-0.3689 -0.1011
-0.0812 -0.1317
0.2803 -0.0547
0.2935 -0.0306
0.3023 -0.0024
0.2980 0.0318
0.2649 0.0587
0.2037 0.0932
0.0909 0.1283
-0.0808 0.1572
-0.3692 0.0095
-0.2210 0.0099
-0.2212 -0.0202
-0.1283 -0.0022
-0.1305 -0.0355
-0.1348 -0.0690
-0.0208 -0.0750
0.0230 0.0338

rotated object 15 
-0.3604 -0.0944
-0.0787 -0.1278
0.2887 -0.0565
0.3003 -0.0339
0.3076 0.0033
0.2942 0.0364
0.2730 0.0552
0.1981 0.0927
0.0917 0.1277
-0.0804 0.1514
-0.3581 0.0119
-0.2204 0.0098
-0.2237 -0.0179
-0.1362 -0.0038
-0.1398 -0.0388
-0.1433 -0.0713
-0.0116 -0.0720
-0.0010 0.0280

Aligned specimens ('coord. residuales') saved in 
C:/Users/vmc04/Desktop/Tutorial field data for Morphoj/Tutorial files_VChu/Field 18 scaled data for tutorial_ALIGNED.txt


Orthogonal projection of the preshape data to the Kendall tangent space ('coordenadas residuales' proyectadas en un plano tangential al espacio de la forma) saved in 
C:/Users/vmc04/Desktop/Tutorial field data for Morphoj/Tutorial files_VChu/Field 18 scaled data for tutorial_ProcrRes.txt


ITERATION 1 : consensus:
-0.36954270362971636 -0.064594189704042862 -0.10324595149708443 -0.12425257592553418 0.27047278204223174 -0.088199215176568355 0.29353321818819622 -0.062711841291212239 0.30660156336471506 -0.031305990607437814 0.30348126529956332 0.0021928131108644314 0.27190154035596314 0.033811581685498179 0.20349370479322393 0.077173448845735487 0.098509601332192304 0.12115526726067469 -0.06532734162074405 0.16423281621333904 -0.35528272290829843 0.047880550537039747 -0.21907355797543598 0.031180361948456383 -0.22362005860881898 0.0032243159298801431 -0.13116845498888993 0.010586542247522528 -0.1371791970662416 -0.0239989118248582 -0.1431489539654224 -0.056960004400418138 -0.028072703231450113 -0.072420550985674056 0.027667970116017269 0.033005582136735559


ITERATION 2 : consensus:
-0.36956090093809607 -0.064490284331954875 -0.10328091973155056 -0.12422347978181489 0.27044792672096879 -0.088275273328158751 0.2935155494879706 -0.062794408377892699 0.3065927466150048 -0.031392252492834248 0.30348185796186872 0.0021074309280601096 0.27191104852835618 0.033735095880621631 0.20351542246277268 0.077116204776647573 0.098543714582950442 0.12112756801520393 -0.065281103319326753 0.1642512271865893 -0.35526922573754927 0.04798047427472997 -0.21906477594241061 0.031241949467357723 -0.22361913562198615 0.0032871849519714403 -0.13116546226986872 0.010623429580834821 -0.1371859466256912 -0.023960336759802026 -0.14316497277117715 -0.05691975471080267 -0.028093094772614156 -0.072412585671859833 0.027677271370378544 0.032997810393103434


PARTIAL WARPS scores (mdonnees_pw) 

Componente NO UNIFORME:
Las diferencias entre cada objeto y el consenso se proyectan utilizando los eigenvectores arriba 
(se multiplica una matriz 'k . p' de diferencias entre coordenadas (objeto versus referencia) 
por la matriz de dimensiones 'p . (p-k-1)' de los principal warps). 
Resulta entonces una matriz de dimensiones 'k . (p-k-1)' 
(la matriz final tendra 'kp-k2-k' + 2 columnas para el componente uniforme) 

Componente UNIFORME:
Estas diferencias se estiman AQUI de acuerdo a las formulas propuestas por Rohlf, 1996 

0.00041054158291501985 -0.00073793859775776185 0.00065856728266822291 0.00043266177614009846 -0.00042059573436386308 -0.0017483155592401534 0.0018511724332943545 0.0012823772654555611 0.0037122791141611963 0.00036123161995015648 -0.0003364604868808726 0.00039155205697078034 -0.0032922099439685699 -0.00029523905445890319 -0.0025992261413584792 -0.0025040784918916085 -0.0040476505991028488 0.0023243811605660751 0.0013150692223847463 0.00026403742225259005 -0.0037454155395708413 -0.00017046906365102989 0.0055328788171665859 -0.0038257660815906938 0.011420466668311445 0.0055080939687868306 0.0037739619671962529 -0.0020613473294080102 0.0034326903338285242 -0.0039887322876916006 -0.011951893482303175 0.011230316126219988
0.0021181768132731457 0.0028106782034948712 -0.0024594386693063686 0.00051474117897259215 0.0016553013820676096 -0.00097559908470342977 0.0054505307256216586 0.00067626120353788885 0.0013550606413944032 0.0019202492683314519 0.0064186753447491134 -0.0021418530327902471 -0.009859979282494151 0.00066524736375722724 0.011056241617900893 -0.0030547493989365754 0.012685374020093747 0.00076624836838805463 -0.01790057661167874 -0.0018843914937021753 0.0038087356308712009 0.0022003327354534999 -0.0084357945120771792 0.0037815336265212274 0.01477203479215001 0.00026613926313827791 0.018527156997692425 -0.0046015885596039311 -0.0050593709391615347 -0.00060927988804181728 -0.0094598863531180893 0.0036855959569195643
0.0012338564595877006 0.0030800436494220896 -0.0009742039564207438 0.0030357626157181132 0.0013059854191366075 0.00058247360564772958 0.0022376492543855894 0.0030630861266115398 0.0068509560167770494 0.0015484520138377279 0.0039917242974824834 -0.0043955639537699587 -0.0024219488333957085 0.0017310818490281353 -0.0022830134021378933 -0.0014596297856673789 0.0095779610312972871 -0.0011713776899811988 -0.0073123823229703493 -0.0027871985379022326 -0.0028851018050266306 0.0052978739679456115 -0.010238450668660141 -0.00044353867402107446 -0.0095588019128891935 0.0014715851114044591 -0.0033965277785415254 0.0013568757144615232 -0.0046198362795572909 0.0064208300373713029 0.013466241179176599 -0.023276200589204207
0.0029884396029165486 0.0020199184242374146 0.00039291228863998456 0.0016372441340585435 -0.0015862011036650355 -0.0030051540108738083 -0.002945303923558162 -0.0013327501671896952 0.0045106770539559077 -0.0033124047501061284 0.00092099867621757143 0.0025556849724471245 0.007039693575286261 -0.0032272765873560443 -0.0005065396180499184 -3.912047428825913e-05 0.0020718980525528683 -0.003480535516877421 -0.011241454655458918 -0.0047307567643712781 0.0019477409731619617 -0.00064616422444353414 -0.0048002236711930093 0.00023260563407950276 -0.0058682180573768044 0.0033795805379849496 -0.0038175467922746099 -0.00080653671660135459 -0.0087375887215510508 -0.0014769825003598234 -0.0069353707214038643 -0.025346300584107483
0.0015402134806729027 -0.00040491945811340859 0.00036157333444549464 -0.0037134381444416278 -0.0011610739268470506 -0.001638895400932591 -0.0015745375025499886 0.00093072453516083119 -0.0064623243166231871 -0.0024747385436514088 0.0077260162948890468 0.0019437932728179348 -0.0084054293946117711 0.00098171089405202079 0.0048567636133953701 0.0056116100373358197 -0.027805441684653896 -0.0005262389252938725 -0.007979079790394179 0.0042330441056247477 0.01684715191599756 -0.0031532603842311796 -0.0036430383615398444 0.0015068922670804954 -0.033234208770098021 -0.0013901404216779185 -0.020388570238651302 0.0045709316439471216 0.00039860591332906148 -0.00080212984097858566 0.014823415363260109 0.0093412096550969312
-5.9905429558908859e-05 -0.0019452789443064613 -0.001150674133624718 -0.0019826821829778663 -0.0022642699179153598 -1.5310592071787547e-05 0.0024662052379770139 -0.001384039777371807 0.0012116820137763027 2.6157547892462208e-05 0.0079978941616108776 0.0013419894267089935 0.006520697802895414 0.00064587092528310599 -0.0063962882341192396 -0.0019382251439377062 -0.0043968238549389731 -0.0017514851464136088 -0.010123436771285377 -0.0042573358746043942 -0.0091640003072080943 0.0037893369595195041 -0.022628069194432374 -0.0022565378274422973 0.0013918031640665239 0.0028497472961416829 0.0041253436275901501 0.0024307146907533174 0.0079607549312113186 -0.004228041562902231 0.0052217566071775887 0.018521737448065914
-0.00073322482022088686 -0.0013023431921420851 -0.0018041731881469339 0.00028254709895911636 -0.0016577456187701072 0.0015501522420580029 -0.0024818515514082469 0.0011120991376042911 0.0026890820703456483 -0.00020902505213320056 -0.0019437292185207652 -0.0043194323295906532 0.00035233590448606293 0.0015186864937429296 0.0011121221027901897 -0.00041767471133509997 0.018115423928027473 -0.00095981395103317182 0.000347949124478256 -0.0011883596365684758 -0.0041740292367205972 -0.00013281008979088883 0.010901471059384868 0.0034310124586078503 0.019009710994357887 0.0015599729727061565 0.017794353970037514 -0.0018405444166899741 0.0079927748473930874 -0.0011647389349553395 0.0019484729401394287 0.0046639667714874844
-0.00087586427784086193 -0.0023000031684586963 -0.0007739151711575453 -0.0015814869407231177 -0.0026818896825772779 0.0036445908534197134 -0.00090505763328153997 0.0015470779975755534 0.0019932738190821969 0.0016039701756616381 0.00051327767461027273 0.00023468606412056304 0.0010570858801059462 0.0026567065215856093 -0.0028348793005198965 -0.0043943015822415742 -0.0019622326891393298 0.00040255794855199954 -0.0021383471015358154 0.0052240010320149079 -0.0054463248385220094 0.0017640977151313548 -0.0018882853375450231 0.0027630337013120707 0.0047497304487079681 0.004641469226355833 0.0016298127983921861 0.0015918673290295532 0.02269502876501547 -0.0039881540114057468 -0.00234143955190376 0.012114431946375804
0.0015322220074238 -0.0017455330897598524 0.0008319411040785741 0.00028690742938343043 0.0021285392115247019 0.0016360168107573646 0.0052477161286943845 -0.00048998731894760964 -0.002138672403728714 0.005475088806264042 0.0018123804270187619 -0.0024572862922389517 0.0057345099639985932 -0.0010860010905245048 0.0013266036182564679 -0.0053447731188746104 0.0057289313701739683 0.0034692313134993915 -0.0028832762237499779 0.0026448890984118478 -0.0088475230069127043 0.00099192243182312403 0.0090855969219449349 -0.00074930209926768769 -0.0026834295009672935 -0.0054627439074968285 -0.00093262936889745732 -0.00058764140267486488 -0.015037475810658932 -0.00065284269385588317 0.0032994393957122125 0.00097860312456057776
-0.0018013682415169371 0.0010803047955140852 0.00037653240647990958 -0.0015151554847032259 0.00027134774357447848 0.001412551327363382 -0.003129759696620449 -0.00011470612150405914 0.0035509375016915959 -0.0025515897875370407 0.0015330511732333477 0.0024752335711065083 -0.003043409151999416 0.00085516508559663076 0.0017427707014333309 0.001867919242749832 -0.0051234981832309727 0.0025614428120925899 0.0027083014520938014 -0.00060336889889117272 -0.0095134542213754295 0.0019401225852173915 -0.0035823835887335937 -0.0058257178452137733 -0.004092271527984334 -0.0032500777462186586 -0.0073815101445412245 0.0076034454304140606 0.013958911873973219 -0.00014962307777226374 0.011369395602539899 -0.011466808482141969
0.00040250269916621283 0.001506531346175501 0.0021679707434323508 -0.00013060351037126451 0.0015391868496976927 0.00095646171702950123 -0.0018097258328242923 0.00079614708961906139 -0.0028799687754167049 -0.0015425435810139496 -0.0076227090040678503 -0.00056495317086491465 0.011294872694009857 -0.0028031251983860446 -0.0056145445254798428 0.004874977906820256 -0.0035205329214871984 0.0020487269880082554 0.013575504422013749 0.0017641930502871484 0.0076429392418215936 -0.00213793973776101 0.0036096638029263607 -0.0023481809662715672 0.0038078384203810737 -0.0012742837533748592 -0.0017538473581264046 -0.001022053544519454 -0.0075725804660983567 -0.0019539816704965793 -0.0016281974159978289 -0.0014959512034950022
-0.00034253207819953891 -0.0025274339623448921 0.0013250334515645082 -0.0012969972078602024 8.0642029172037417e-05 9.3023970150437748e-05 -0.0036551882943748307 -0.0011947165019633784 -0.0021303587491204685 -0.00069245585063981555 -0.0023247194984336059 0.002177168017271454 0.006458243392284165 0.0010043716277002848 -0.012361871665614348 0.0061082049218096138 -0.0060398013807313215 -0.0044790617640993301 0.006663486045639465 -0.0028482380297301726 0.0026744469679459149 -0.0034679879766755695 0.01416188158697705 0.0036290663928221253 -0.019186274361835766 0.0044326822541323283 -0.011875325214428476 -0.0084869726160742582 0.0055297769837157913 0.0021776552263783602 0.0033637166914187496 0.00082078524555619699
0.0012780075753850873 0.0026499048171183324 0.00026154072573736126 0.0010700136907521624 0.0013234773074806607 0.0018745834516914702 0.00078641056004398284 0.0036507103586161925 -0.0010766343738404336 0.0011387315533214139 -0.0051659157779935187 0.0019008619025737087 0.00012449133332478028 -0.00033071402377873871 0.0014256483420685537 0.0028014984980594742 0.0022930183028171142 0.0015263227256807628 -0.0010361765760558718 0.00094323779469799283 0.0055716598982109913 -0.0029152710867100459 -0.0029996357492463946 -0.0020099534098634991 0.0067121514458226405 -0.0082789552502880032 -0.005112116088440013 -8.8194280313134673e-05 -0.0011050205906027366 0.0023137975631064463 -0.0051968783858711374 0.0068796314888310336
-0.0027605373982837293 -0.002461941304508582 -0.0012225033151435317 0.0024876589539423047 0.00018830899544554626 0.00065349098129107027 -0.0004768041588895164 -0.0034410400365087173 -0.0039752257973351968 -0.0010223147446039599 -0.0050475408954909736 0.0017531947181977845 0.0027021414383276775 0.0011222473898189176 -0.0031136664311481252 0.00074177963021357699 0.0058575647062013968 -0.00037317302819916905 0.0035447454845372504 0.0015112135390444477 0.0018994560597292173 -0.00051065287933683935 0.0013237979484381256 -0.00247584423962364 0.0082380971929076757 8.7887903815918192e-05 0.013805061841761817 -0.0024919967914790336 -0.0090701728952316315 0.0035390843914337236 -0.0085470090941406861 0.017890437824314029
-0.00017326428045275945 0.0013564320074774491 0.0012118113738001062 0.00060034870977840728 -0.0008425009082387888 -0.0019278543504588695 -0.0038784348882573874 0.00015801544606385508 -0.00012329847652567725 -0.0026284881777691323 -0.0034833449802889817 0.00056653002275055717 0.0019512027632166864 0.00019202897048941269 0.0052921374681582905 0.00088017283678939258 0.00037881258038833187 0.0014077215253610938 0.010253700434296171 0.0010937352976271382 -0.0038181952515419729 -0.0020321378843589821 0.0028161432590152165 0.0017485860313872985 0.0056436059626075296 -0.0042124713628998462 -0.0015140701506548145 0.0039406182100439604 -0.01590148967720794 -0.00011965074005173334 0.00011430062900316704 -0.0060213545183210749
-0.0047572636952664957 -0.0010784215260479652 0.00079702572295328972 -0.00012752211662751806 0.0021214879542777168 -0.0030922159611279738 0.0028169791417468216 -0.0052592592367595673 -0.0070874653385944566 0.0023596795021957636 -0.0049895981881350141 -0.0014616052457106709 -0.016212298141465818 -0.0036307611665500621 0.0088977418544253922 -0.0037336103666050424 -0.0038130026782675669 -0.0017649468202505356 0.022205973867686128 0.00062129789580906434 0.0072019135191394917 -0.00081699306813110516 0.010784447687574139 0.0028421110314836382 -0.0011222349581617554 -0.00032848609251036635 -0.0034835480681151224 0.0004924226387144282 0.0051349917316035089 0.004682789990221474 -0.008775465201751988 -0.011676463657788681


{partial warps scores - U1 y U2 en las dos ultimas columnas} saved in 
C:/Users/vmc04/Desktop/Tutorial field data for Morphoj/Tutorial files_VChu/Field 18 scaled data for tutorial_PW.txt


Relative warps

0.013844761090025113 0.0073907698979954013 0.011291433969646823 -0.0012868060443115858 0.0018132007442916895 -0.00090829900725231377 0.0065742066727856874 -0.0097659481888588209 0.0022870794653796259 -0.00016103851832424164 -0.0061504669831512118 0.005763124592581814 0.00023909062430330061 -0.00029436367906631291 0.00085026873623199415 6.4848842441789234e-18 -2.1412992906588713e-18 -3.7445632532218109e-17 -1.0304833429706367e-16 9.5236996457484513e-17 -1.3113764089391078e-17 8.3750382659768946e-19 -2.9701210295472041e-17 5.51316804708879e-17 -6.1582683397176652e-17 3.102851092381953e-17 -3.4531839193663316e-17 1.7137594105322632e-18 -7.2350166222673318e-17 -3.8397697564931943e-17 -1.9474981523270873e-17 5.2516042729766621e-19
0.028451449464058014 0.0045931192263795571 -0.016440003283114346 0.012547176376159583 0.017695323191895321 -0.0066827282389024063 -0.0001861879596749461 0.00086184177263817134 0.0011807984094281678 -0.00032016533685161493 0.00029826120037575003 0.00027504663174246334 0.0021600994887121523 0.00071319255059122991 -0.0026559114428364337 -8.7386695102331657e-17 9.2699285747510629e-18 1.6817330947965781e-16 4.2058573962965029e-17 -1.2044808509956151e-17 1.0892843701690302e-18 -9.1414548524762669e-17 6.0799177920966424e-17 5.6649563512367607e-17 1.3308581667259567e-17 5.6453051868604609e-17 3.778444571111983e-17 3.4842912043542458e-17 4.2629474169414427e-17 1.6036027757418414e-17 3.7161029461940664e-17 6.9558345628523144e-18
... ... ... ...

RELATIVE WARPS saved in 
C:/Users/vmc04/Desktop/Tutorial field data for Morphoj/Tutorial files_VChu/Field 18 scaled data for tutorial_RW.txt


{centroid size AND partial warps scores - U1, U2 last columns - first column is size} saved in 
C:/Users/vmc04/Desktop/Tutorial field data for Morphoj/Tutorial files_VChu/Field 18 scaled data for tutorial_PW_CS.txt
First column is centroid size
Centroid sizes 	 tamanhos centroides 	1.00	1.00	1.00	1.00	1.00	1.00	1.00	1.00	1.00	1.00	1.00	1.00	1.00	1.00	1.00	1.00
Native, unrounded sizes 
2.4944432275907955 2.6812856122378075 2.9551252381937867 2.9372690301132143 2.4089723222067971 2.7111892453909578 2.7499103371671003 2.6898480792506789 2.5564354389851385 2.6853309820885154 2.8172341454608292 2.7139528391151253 2.4595565150820362 2.8676899500725104 3.043788468317119 2.7042834192503911


CONFIGURACIONES MEDIAS

-0.36454027166450675 -0.098768282170060021
-0.096727273075903286 -0.13028290676391358
0.27525871898587967 -0.062349098619641441
0.30155983965097805 -0.031613884022817174
0.31068521892346967 -0.00029397185984756372
0.30320981453063578 0.034734550969836436
0.26610856570772368 0.060710340361481235
0.19512952395236849 0.09472213696852852
0.08172792540520607 0.12645856798198493
-0.084986024838320559 0.15038027061558537
-0.3603787221408038 0.01136317402088818
-0.22319360838367558 0.009154108348063834
-0.22491291718227011 -0.020754495163899461


-0.12679352299094576 -0.0025542092600835094
-0.12929572394580932 -0.035159407081332861
-0.13268979388657415 -0.069412266714555373
-0.017124461278257553 -0.071884318893237584
0.026962712230806721 0.035549691283020809
-0.35563537548009611 -0.10556293597979242
-0.098974432981218052 -0.13712142030860194
0.27718579543660016 -0.064249243677037757
0.29730827855476738 -0.035965966224677008
0.308920869239312 -0.00044408126907531713
0.30431858064682571 0.032170948349440939
0.26724232164717587 0.063499291562163718
0.19285172610780646 0.099750444314975539


0.083527909580034643 0.13375356335898947
-0.081091950262385776 0.16300859888764926
-0.35206107479114301 0.012290407185033108
-0.21743604399678815 0.010729284128611247
-0.22071060269104711 -0.01775089619552191
-0.13479535123389624 -0.0015789896430512694
-0.13728903973476542 -0.039629706288865973
-0.13873785225462837 -0.071369103310364029
-0.021424411386921922 -0.078160680171390912
0.026800653600368908 0.036630485281515683
-0.35958634647099019 -0.1005777149823642
-0.084375920091287776 -0.13344974312552155
0.27866468578016346 -0.05803306983784598


0.29792762971364378 -0.031765312793887966
0.30719837759121132 -0.00034097333356515028
0.30081562737841705 0.031032794646599027
0.26637452697279052 0.060100927351519146
0.19455930775249342 0.097456538414980101
0.091634885719956996 0.12995242250015354
-0.075005958052112201 0.15572857293973766
-0.3597977206752197 0.011507962487359222
-0.22335528769380888 0.0071041930323842012
-0.22345691289543104 -0.019302788606219316
-0.13623707809095009 -0.0026284279958586308
-0.13735858938283121 -0.038108104805447796
-0.13943891040845874 -0.070888801373986968


-0.025692983501560313 -0.073761849144004965
0.027130666353974264 0.035973374625969737
-0.36529972863726035 -0.099496922678506017
-0.081317788159510712 -0.1348401163961423
0.28055561735336315 -0.058587074941060739
0.29649124799863308 -0.033238542047415262
0.30597599501413919 -0.0012971175712780318
0.2986633472023984 0.031769806867735007
0.26898735097848336 0.058653945164841279
0.19661727374458204 0.096349100413836375
0.086888354376545629 0.1313140268896156
-0.084394668311264312 0.15850115875883089
-0.36090546215546027 0.013776375938841288


-0.2203764609568597 0.0097808568634631665
-0.22223195738519849 -0.018503273366667315
-0.12845601029666601 -0.0033924465399978068
-0.13247463731933867 -0.037306070704031802
-0.13617190045872896 -0.072100898318576939
-0.018620021865106414 -0.075624055501581591
0.016069448877249676 0.034241247168094797
New sum of Procrustes distances to mean shape: 0.018412826896118454
Convergence = 0.0095875960482615132
New sum of Procrustes distances to mean shape: 0.018412826887415811
Convergence = 8.7026427730840794e-12

CONFIGURACIONES MEDIAS

-0.37258610533051495 -0.061841544340221134
-0.10926350797033513 -0.11996368731903156
0.26764943539752217 -0.089546370146137366
0.29689056338075825 -0.061593574144473653
0.30910037533652113 -0.031342459213928898
0.30516315668790672 0.0042577849423866172
0.270843683877524 0.03381143267249994
0.20361915008619502 0.074746610835513511
0.093957049999933526 0.11765753679554888
-0.069531495145703948 0.1581209075014843
-0.35743882617635014 0.047322623690783279
-0.22116131277401416 0.031414304166352394
-0.22586108698270374 0.0018272681090327537


-0.12641399216901802 0.010130353895930819
-0.13216223739066965 -0.022061533043371693
-0.13896255415109215 -0.055803699096856216
-0.024222863339624843 -0.069813003767424234
0.03038056666366587 0.032677048461912203
-0.36440489724392444 -0.069491907219552854
-0.11218294154466596 -0.1265433119145381
0.26937690290830901 -0.091629767564111481
0.29222529694979671 -0.065499152992454887
0.30732983694381122 -0.031315685811612495
0.30601016488637955 0.0015960098381363646
0.27225051547084095 0.036472938678780077
0.20185533834688257 0.079977257834327353


0.096477167618907511 0.12473605620924251
-0.064394728729862905 0.17029687967058343
-0.34907012280941796 0.047414170988614161
-0.21527512932291837 0.032406318224264485
-0.22137962754756452 0.0043959897773659861
-0.13427828742854236 0.011900483423265199
-0.14056231318701518 -0.025710506168169604
-0.14517593540741636 -0.057146200432584823
-0.029128595848055695 -0.075628182546041367
0.03032735594445591 0.033768610004486048
-0.36783781325185144 -0.064137054065991392
-0.097290476574507179 -0.12434907239104975
0.27146970480578203 -0.085592318165464795


0.29326141086616891 -0.061381212618093692
0.30562629619320364 -0.03104072231439288
0.30241100158948792 0.00081386492895768755
0.27104740637797115 0.033178517199179705
0.20332505713571364 0.077524326917714284
0.10416357418121028 0.12014380317972284
-0.05906690033915496 0.16244501864911323
-0.35684626765550403 0.047408586227189672
-0.22152705380215695 0.029390787250278615
-0.22426728781936023 0.0031261696139042823
-0.13581768559821203 0.011000287959065581
-0.14047942627276855 -0.02418967318443583
-0.14582543935116232 -0.05659834327531256


-0.032936120486999412 -0.070824795843563521
0.03059002000213908 0.033081829933178576
-0.37341461326021452 -0.062490445039413513
-0.094386687777656866 -0.12603806086062405
0.27329574592990674 -0.086332697252700638
0.29168494675432716 -0.062703695664358114
0.30431445708451971 -0.031870102096939863
0.30034315403612905 0.0017621010280362023
0.27350255550701891 0.031477481542530245
0.20526209127036177 0.076216635514656239
0.099576963881763125 0.12197289966561077
-0.068131408139959687 0.16614207500973946
-0.3577217261869845 0.04977657101881313


-0.21829561524376709 0.031756482917887005
-0.22296855970984808 0.0037994005672429098
-0.12815192473869763 0.0094625325233894907
-0.1355397862593703 -0.023879674128632802
-0.14269596069344295 -0.058130789924693609
-0.026084724881382367 -0.073384537560894553
0.019411092427297369 0.032463822740351658
Centroid sizes 	 tamanhos centroides 	1.00	1.00	1.00	1.00	1.00	1.00	1.00	1.00	1.00	1.00	1.00	1.00	1.00	1.00	1.00	1.00
Native, unrounded sizes 
2.4944432275907955 2.6812856122378075 2.9551252381937867 2.9372690301132143 2.4089723222067971 2.7111892453909578 2.7499103371671003 2.6898480792506789 2.5564354389851385 2.6853309820885154 2.8172341454608292 2.7139528391151253 2.4595565150820362 2.8676899500725104 3.043788468317119 2.7042834192503911

Centroid sizes 	 tamanhos centroides 	1.00	1.00	1.00	1.00	1.00	1.00	1.00	1.00	1.00	1.00	1.00	1.00	1.00	1.00	1.00	1.00
Native, unrounded sizes 
2.4944432275907955 2.6812856122378075 2.9551252381937867 2.9372690301132143 2.4089723222067971 2.7111892453909578 2.7499103371671003 2.6898480792506789 2.5564354389851385 2.6853309820885154 2.8172341454608292 2.7139528391151253 2.4595565150820362 2.8676899500725104 3.043788468317119 2.7042834192503911

