C:/Users/vmc04/Desktop/Wing saga/Lab reared wings for landmarking/13/13 landmakrs lab reared txt files/APRFB 13_Format - {Procrustes residues OP} - 1 25 26 0	from C:/Users/vmc04/Dropbox/Homework/APRFB 13.txt - TPS like internal (simplified) format - can be converted to other format by using TET - Orthogonal projection of the preshape data to the Kendall tangent space
-0.0064888405387442047 -0.000140026151953157 0.0088173105365373147 0.0072460582400926911 -0.00045615592327155749 0.0025356705039646698 0.00011689854330834682 -0.0016914255445999796 -0.0015390150414936734 -0.00099788685181785445 0.0032771125164399238 -0.0033185462249928129 -0.00050093373051398032 -0.0028871152071665565 0.0037471610995664971 0.0015346495754679351 -0.0044475444798084537 -0.0034253576921228399 -0.013096134825232125 -0.0047517742893793315 0.0073026464999103591 0.0015602956530274413 -0.0034036022756495418 0.00031840313748497163 0.0066710976189518186 0.0040170548519947724
0.0010262730251578301 0.0082018477197175442 0.0064538192400072705 0.0045204740257937821 0.0050173152392738 0.0023654493117405903 -0.0040268604897769084 -0.0029294572311561948 0.0032320869268930609 0.0061508279511825158 0.0023562700225539124 0.0012175419501475357 0.00067252761950411079 -0.0021623815055468133 -0.0052867071268112428 -0.001872493677999283 -0.0020560092294740085 -0.0019837413868124183 -0.0034766018634577252 -0.0044664320012731554 -0.0010031043519984225 0.00068422259277019562 -0.0077677244459574794 -0.0036579453970375158 0.0048587154340856299 -0.00606791235152708
-0.0044826612241373482 -0.0033904637069864163 -0.0047537507266005368 -0.0022345124544455443 -0.004758144921899801 -0.0048784058249313955 -0.013547875594741051 -0.0021145702790525836 0.0034994285528388179 0.0033141679738396871 0.0033402378398103053 0.00093422129649067191 0.001042176569254624 0.0041506272075730469 -0.0093903680266183825 -0.00067471546231884303 -0.0014863168592077758 0.0058105000851245156 -0.0021483941195090234 0.0067544685115349286 -0.0016222928702276339 -0.0040163855785707182 0.02574775741511344 -0.0027594500604822816 0.0085602039659254166 -0.00089548170777459246
-0.0073134833813372924 -0.0036670148650714768 -0.0025617749621562923 0.0019956066794281626 -0.0028401643573042366 0.0011336448205892359 0.0047212671296693043 -0.00050112708245734919 -0.0055130547716893 -0.0032056829752809299 -0.0056975518600968613 0.00045028678432375557 -0.0036987523634565522 0.0024545014759074883 0.0022025485714269638 0.00082926997721604657 0.0078269348085978352 -0.0041309836699480644 -0.00081207611089772211 0.00111767548391017 -0.0020715585141364932 -0.0040503721897917578 0.012730479245238163 0.003260673220152179 0.0030271865661432376 0.0043135223410228352
-0.0014357819719503073 0.0017149816167480391 -0.0019532374759188937 0.00022421307790920016 0.0017797529750398556 0.0040198815830100728 0.013365829796463618 0.0077938103770555682 0.0016539218883917435 0.0021132681648734007 0.0011530825772902821 0.0009652237269368476 0.0061766499726229624 -0.0053279983182780493 -0.0085801562994200671 -0.0016142750491772891 -0.0089255624166402932 -0.0039922916405943252 0.0032979530745801582 -0.0056363686460223755 -0.001710798908984225 0.0019741264144820664 -7.9553699793094351e-05 0.0002830265616978727 -0.004742099511681361 -0.0025175978686409473
-0.0034608243951425952 0.0015819240643213037 0.0040563932340162596 0.0007248252450766891 0.0038314367278019959 0.00065892458522945688 -0.0014525969280808123 -0.00049067726204673947 0.0037334741714686371 0.00081670930963897352 0.0057261502528525915 0.0026912301456181965 -0.0049585553140878268 0.0014164251473483044 0.0040064489997964298 -0.0031687645074450739 -0.016487037892116484 -0.001149708203806693 -0.001374136121938121 -0.0024593157766455618 -0.0014696490347855589 0.0027825727078410146 -0.00087288743936724412 -0.0048437075361763204 0.0087217837395831901 0.0014395620810463972
0.002239585777085001 0.00038185238672779097 0.0086709471069516646 0.0068563811643052334 0.0034384313416277287 0.0029552232104445722 -0.0029412139878601893 0.003668765610337122 -0.0028813759553426646 -0.0051168158718205899 -0.0010862724444566925 -0.0043403222434346611 -0.0021943395241708174 -0.0036668095046201252 0.0061744387017752308 0.0028718490971229634 0.0043637877427608121 -0.0020069384841149489 -0.0040951716379728394 -0.00056897908783602865 -0.0029596986645266735 -0.0011132330984188587 -0.01054189772889162 -0.0030782886358328449 0.0018127792730209891 0.0031573154571402917
0.0031758315370630352 0.0051939203104031679 0.0074240192625996994 0.0051700734132521398 -0.00074334983442994476 -0.00033027752022912965 0.011250102036529794 0.0020206834645845112 -0.0033166757441109181 -0.0028715109209488973 -0.0018929169971279962 -0.0030617555861644119 -0.0041255235893049103 0.0011341768474559678 0.018997740227406277 0.0033182533845498635 0.00026152244223384582 -0.0063411353905562578 -5.4069157478676055e-05 -0.0032417936631935255 -0.0019791411259514847 0.0032770335675054874 -0.011423441135101006 -0.00074462502045183018 -0.017574097922326604 -0.0035230428862069868
0.0044094876082184757 0.0024069363522253697 -0.00485839119422942 -0.0065810115779305553 0.0049622229089953899 0.0017586802148194917 0.0069781967114490948 0.00059380074061939439 0.0051329592335747857 -0.00074363871013737428 0.0046024285360773895 0.0015828366289561628 -0.004071413788905221 0.0012188818859048111 0.009241701682176794 -0.00044926732152529114 -0.0061003509150865933 -0.0017512447594674829 -0.0038285188740054708 -0.0020975683803765351 0.00022320016533742756 0.00092062416343873313 -0.0063586716275602865 0.00091216638822868255 -0.010332850446041573 0.0022288043752446418
0.0046981757978002397 -0.0016115558517663029 0.0065372193091898841 0.0024670856418825748 -0.0044408451459283533 -0.0048150239390169908 0.00066717383176911036 -0.00055408308561977746 -0.00081887090945026528 -0.0048336184427633273 -0.0017420596659753389 -0.00069751509731337926 -0.0052591625781999137 -0.00017168707547704555 0.0083027883745648672 0.0017968605567537362 0.0046927205858969655 0.00021516604387398109 0.0020469515453478771 0.0014137546109667164 0.00022649660424471554 0.0013670196553833298 -0.0012631498887789123 0.0044848088408296774 -0.01364743786048089 0.0009387881422666805
0.004240104527557154 0.001303170399869014 0.010641465725957967 -0.0049326670921874365 0.010726524586843564 -0.0032284980727299516 -0.0094531116334791044 -0.0034550496892517763 0.0019119926450121517 -0.0045144323919449059 0.00043375936097107088 0.0002057571125964452 -0.0045298701775370685 0.00048745651544716351 -0.0010342842975322075 0.0014872845486142553 -0.0095202865904380225 0.0055673587639310067 -0.0099982807603938382 0.0043080291971815286 0.0062603652119031621 -0.0021128232290026565 0.0010912672153963762 0.0036231295837061512 -0.00076964581426116913 0.0012612843537711665
0.0018235998558653148 0.0015786432170141903 -0.00048353794817958869 0.0018817944904471807 -0.0043773371515287811 -0.0022959606310663664 -0.0047721152045071503 -0.008358557565387361 -0.003757524211442933 0.0059231414474734349 -0.0043023606214504335 0.0031439707073832347 0.0019342611707611279 0.0012101201699209908 -0.0044295413204342342 -0.0030473752748584625 0.01228259448052897 -0.00088483020309324824 0.01221011671345709 -4.5309937867932292e-05 0.0027438903810850668 0.0015162922199000622 0.0016258575570023181 0.0018157079806723556 -0.01049790370115666 -0.0024376366205379613
-0.00013856185596365297 0.0014544175566780758 0.0029248839691702888 0.0034508114168718546 -0.0022239900523724635 0.0015488808128533346 -0.0012672918333110949 -6.2439409755351248e-05 -0.0011444019772882718 -0.00011947438458606037 0.0014082768561815011 -0.0024737541219376907 0.0037864742544315697 -0.00060039086939181127 0.0022380054610952106 -0.00069387776667224346 0.0031782411719508273 -0.0017361923186912786 0.000120123410346389 -0.0014744395940009358 0.0079332556265939921 0.0035346596143539621 -0.0089476700941376573 -0.0016507145608912514 -0.007867344936695898 -0.0011774863748301029
-0.00043402231507786403 -0.0041063987993991422 -0.011253462476713874 -0.0021349814692455588 -0.0027375072803186139 0.00016056709417273094 0.0065154678111244329 0.0044278147277512694 -0.0011765827151012831 -0.0056049872017921269 0.0027145345864925357 -0.0054600071257882334 0.0062871252916882371 -0.0024889543601817141 0.0063972542828380479 0.0019652039087474805 -0.0029737304270129328 0.0085193553490869201 -0.00036126397851453482 0.004549421806141078 -0.0076001604830959824 -0.0034600442042536637 -0.00052273114016265147 0.0036475887670859046 0.005145078843854782 -1.4578492325126313e-05
0.0094665880936044503 -0.0020825808004502891 -0.00047847052374744075 -0.00047514470745001766 -0.00013914242067100333 -0.0011786204766657455 -0.019065006195654877 0.0035275735323242892 0.00297866387094982 0.0026741845224657374 0.0049605609040880398 0.0032978468513981635 0.0076861996552485493 -0.00057340582095844253 -0.016278173345100271 0.00087100368411373091 0.012881652222672246 -0.0048735854636161174 -0.0013064859462907866 0.0029869548435168822 -0.0085052234282714662 -0.0028549470534847835 0.0010763815881056056 0.0016309281328209526 0.0067224555250667475 -0.0029502072440137639
-0.0025475243033886083 -0.0018579165955181728 0.0069167264030904375 -0.0054916377058958615 0.004057558898786515 -0.0041046402334146215 0.0053425091350941525 -0.0049644197779763598 -0.0016926033030440165 -0.00059705190562600477 -0.0061468067688851998 -0.00251225992352078 -0.0047328476856507221 0.001946760420793356 0.0012150613643771133 0.0031671808257695295 -0.0021597416587548265 0.0048116808498505966 -0.012349843519610118 0.0041641608952542554 -0.00029787585603376163 -0.002519816930353855 0.0036668614076774356 0.0011050438888255607 0.0087285258863416086 0.0068529161918127052
-0.0028496367448754608 -0.0031170180924270734 -0.0055405992901617672 -0.0042309622419391011 0.00013823207326779706 -0.000343725485095828 -0.0043225846042131005 0.00287403336248079 0.0017088098223808981 -0.0034081526578555736 0.0018993555325507844 -0.0018754424098267255 -0.004724376114227366 0.003195896534547658 0.0074739309443129639 0.0038425492379403716 -0.0035396552535787587 0.0034426230684057469 0.0075104286043033023 -0.00033498752078417243 0.0034241544045198616 -0.0013189142370623275 0.00050673398136189072 0.0015636586147799408 -0.0016847933556406866 -0.00028955817316403398
-0.0061142483930011994 0.0038461712356110691 -0.0034311557006136166 0.00025977389815195605 0.0005907060873060377 0.0069490654695892095 0.0025415568791947625 0.004496601608179337 -0.0020948066525548707 0.006598218497373143 -0.0038479596707596264 0.0020067706904200117 0.0051215073870833749 -0.0010925467126319489 -0.0043330891149795416 -0.0052742418088909879 0.0053442060586050034 -0.0034120642635002778 0.0044465023349565232 -0.0038494233461991599 -0.0016851989666935088 0.0038090175313375517 0.0023436389762446224 -0.0055014590944882872 0.0011183407752116902 -0.0088358837049512945
-0.0074130940283046367 -0.0044598458316713139 -0.0094727041464935484 -0.00081453963477464363 -0.0069565162652183475 -0.0027957089726988685 -0.0040666504962968714 -0.00094548663498470712 -0.0014071173730150991 0.0026258359912834433 0.0012996333578046116 0.0034764673367176707 0.0033456720332328866 0.00213848450897831 -0.0005576151895745142 5.539060059140059e-05 0.0055027068047460992 0.0010190769264344394 0.0025761469933972829 0.0013457434795261939 -0.0028699230050573546 -0.00265509309989383 0.0050085726718115666 -0.00068295155926747044 0.015010888642969681 0.0016926268897595464
-0.00053220271219595917 0.0029974237721749541 -0.0033132114287781934 0.0023186527445243272 -0.0036737528050985674 -0.0018257420744336567 0.0084755725238143554 0.00031772321723803941 -0.0020203905785893097 0.0010355888520574973 -0.0013381648870972856 0.003336857940713991 0.006989579167838998 -0.0013337232754633388 0.00053373332513038984 0.0022041861148229028 -0.00018529125983026513 0.002575239826873999 0.0036899606475257161 -0.0017494474411388372 -0.013922763454414799 -0.0036132945150260075 -0.0051572341462548304 -0.0051975601218459278 0.010454165607949633 -0.001065905040498541
0.0038077975598738833 -0.0033668778761827968 -0.008673515705411413 -0.011873937685930605 0.0032381062743940597 -0.00010596993938588042 0.012611753277936014 -0.0021052820894438998 0.0043518867227138039 -0.0042676106058392128 0.0013169401058243462 -0.0023784340295765743 -0.0017196097255325763 0.003990899227512181 -0.001625617506359965 -0.00026570337506473133 0.00026586758695138803 0.003179569039305029 -0.0061816864984753066 0.0017892931890435401 0.007742774248475034 -1.5158573271299009e-05 -0.0037665691690275649 0.0066128409132834975 -0.011368127171360948 0.0088063718055506196
-0.0065016484279928483 -0.0015666911731077246 -0.0050751092358379728 -0.0012334656859730557 -0.0032273988365740741 -0.00025451176133270154 0.00013791320413243224 -0.0011267638266196744 -0.0024211651007816646 0.0027190496731852756 9.944058879151783e-05 0.0025389869706788047 -0.00041772791347492906 0.00056184093837527253 -0.0079140570762351141 -0.0033848473428661993 -0.0034778809030178953 0.001133220588735527 0.013482665505637073 0.0027704623885479972 0.0011589364859223225 -0.0032785249402087725 0.011593627597919858 0.00091093364473649623 0.0025624041115114783 0.00021031052584875864
-0.00092575482844790488 0.0020947983151341702 0.00059741089934688563 0.00029433370377438851 -0.0022513161865965127 0.00034643174134011843 0.0049613695228800598 0.0038939556678028999 0.00098801428022837106 -0.0012668814038098988 -0.0024596889661300382 -0.0001956844853698815 0.0009690022963070432 -0.0024688809059067412 0.0065804108456930625 0.00063533131250473698 -0.0015997271879956332 0.00059877169413300997 0.00014846380056317233 -0.00084105847592533451 0.0030158810773389666 0.0007214475634097164 0.0041973525765442426 -3.8146644692133632e-05 -0.014221418129731477 -0.003774418082394787
0.0029369040259948249 -0.0042478922021059904 0.0057467168985978982 0.0071531082987710999 0.0033010296887485873 0.0051567670347121208 -0.012052928740615063 -0.00077228203121459753 0.00089706512922693368 0.0021443942103618594 -0.00016121330930204091 -0.0017231704956364538 -0.001911625020478239 -0.002351262932992947 -0.019628101490793068 -0.0029208309086092062 0.0023168068928367362 -0.0024800724059051535 0.015013841100301623 -0.0045146812029013619 -0.0078469842141588812 0.0035315772585289536 0.0022546385056900608 -0.002156525269011879 0.0091338505339506621 0.0031808706460033365
0.0019191681829764367 0.00016611168413980116 -0.003284917860623167 -0.0060823540939901879 0.0016984101564378358 -0.0045229774000976131 -0.0015251363199527588 -0.0051714352253740895 0.0038041488316625303 0.00084404681425403246 -0.0019427863037622378 0.0020540402589850531 0.0022839678814135034 0.0015100227281987938 0.0018961362638046358 -0.0012761681221947769 0.006463356381750834 0.0021188505390726674 -0.0045772404404176344 0.0061491632236320391 0.010161616023506199 0.0051062712823654417 -0.013151005326014969 0.0018606431998865272 -0.0037457174707808093 -0.002756214888877756