C:/Users/vmc04/Desktop/Wing saga/Lab reared wings for landmarking/13/13 landmakrs lab reared txt files/APRFC 13_Format - {translated and scaled (first one is consensus)} - 1 21 26 0	from C:/Users/vmc04/Dropbox/Homework/APRFC 13.txt - TPS like internal (simplified) format - can be converted to other format by using TET	
-0.67588323291861352 -0.0017248917296680967 0.21843090233638113 -0.10841865828119766 0.24085449482206719 -0.080998254071213124 -0.054731550840653266 -0.097937509796248087 0.25170032738932818 -0.052665499858814961 0.2456069042315536 -0.023112013665628109 0.21434772020776763 0.0047946359874381931 -0.0071434770822266028 -0.0051375669841378004 0.15298866366396324 0.040867649897731347 0.060796527655704813 0.076513279655421609 -0.3282599676932702 0.0085118544404693061 -0.083431548321905191 0.11185436621454993 -0.23527576345009751 0.12745260819129706
-0.67750956544479835 0.0046058958560765391 0.22409454838218601 -0.1116929745098562 0.23906370991443451 -0.089814969193492605 -0.060319520730541032 -0.10017823486966483 0.25288139748266414 -0.061028120093014199 0.24482107973453046 -0.029938323064497497 0.21027686081395613 0.0023029479280382652 0.0041630212545307552 -0.0023029479280382817 0.14809726675692275 0.041453062704688903 0.049070505851276987 0.085209073337416133 -0.32285558452690405 0.011514739640191327 -0.089106369831019314 0.11514739640191372 -0.22267734965723918 0.13472245379023901
-0.67307846682649353 0.015067549625927566 0.20717880735650318 -0.11511975415419007 0.23823265963432938 -0.084065901876363855 -0.063945210607594768 -0.093620933346464152 0.25256520683947997 -0.056595186399825283 0.24539893323690468 -0.031513228790811747 0.21434508095907845 -0.0016537554467481524 -0.0090037796545176432 -0.0028481343805106651 0.16059802893976399 0.034177612566128356 0.074602745708860746 0.070008980579004718 -0.33268047070416779 0.018650686427215207 -0.083055273547795558 0.11300662219445629 -0.23115826133435133 0.13450544300218212
-0.67729386104106448 -0.075028764750205604 0.22906777351212468 -0.08538061083012774 0.24517064519200368 -0.055475277710352391 -0.028578173365939045 -0.10493409786998074 0.24977146567196923 -0.030170765070542612 0.24287023495202123 -0.00026543195076732929 0.21296490183224595 0.022738670449059809 -0.0055740709661118385 -0.0037160473107413347 0.14855341511272999 0.05609461892880923 0.050785979913464646 0.087150157168575812 -0.31958006872375216 -0.020969124110611689 -0.096440275445429088 0.10325302884845475 -0.25171796664426216 0.1067036442084289
-0.61967395055443997 0.28912296424804013 0.15222615131046141 -0.18511631402189938 0.1913256662742065 -0.16619719387815185 -0.079848389119509103 -0.067817769130664438 0.21528988512295327 -0.14223297502940491 0.21528988512295327 -0.11196238279940883 0.19763203965545548 -0.082953065245662469 -0.014262105954517431 -0.0072765846706721966 0.14591977792921212 -0.028718254166919435 0.087901142821719416 0.030561655616822971 -0.30561655616823014 0.14533765115555827 -0.026874852717015899 0.12389598165931114 -0.15930869372324893 0.20335628626305091
-0.66190829900746306 0.10364501464509833 0.20558627562479773 -0.13876127074859734 0.22896556203332674 -0.11292100682338098 -0.06389076245245788 -0.092002697931539298 0.24250093837510664 -0.0858502541398211 0.24003996085841936 -0.060009990214604826 0.20804725314148487 -0.026786793739326797 0.002555630498098422 -0.0083294623641722767 0.15267525901602155 0.018741290319387635 0.072693489723685459 0.065499863136445666 -0.32844584549633882 0.055655953069696569 -0.073734672519206887 0.12333283477859637 -0.22508478979547364 0.15778652001221802
-0.63562250059911263 -0.24871736100728387 0.24314444088512877 -0.019298815978573403 0.25253584331320494 0.011558649142247364 -0.0023736511631400684 -0.10382143783125616 0.25119421439490836 0.043757743181364536 0.23106978062045994 0.070590321547295498 0.19752905766304615 0.084006610730260861 -0.0090817957546228279 -0.011249042468794244 0.13178924066651512 0.096081270994929968 0.025800556121087555 0.094739642076633268 -0.29887364210667794 -0.11321284025933213 -0.11909536705493999 0.073273579383888454 -0.26801617698585739 0.022291680488619511
-0.65034936793627296 0.15895590290667463 0.188650961691438 -0.15537043141253909 0.21374926215038662 -0.13624791677714967 -0.080259400368725836 -0.080075530035693177 0.2316766196210642 -0.1075641448240655 0.23526209111519972 -0.076490058541557659 0.21135894782096282 -0.041830500764914368 -0.004964498991879911 -0.0071709429882710505 0.1575768754089302 0.0059757858235592451 0.082281974032084246 0.054977229576744599 -0.33602303361705943 0.083661001529828791 -0.053965942745065422 0.12668665945945495 -0.19499448818106238 0.1744929460479285
-0.65670241106679372 0.16671585564618313 0.18233370668301541 -0.16107084924732817 0.21413390939656501 -0.14027840901154581 -0.087968016382156441 -0.079124173023950362 0.23370326491259524 -0.11214746045725191 0.23003401075333954 -0.081570342463454168 0.21046465523730915 -0.050993224469656477 -0.010913679037786218 -0.0045160051190839779 0.15542584284847327 0.0052686726389312858 0.080817674943606782 0.060307485027767137 -0.31301560481650748 0.088438433582061091 -0.04516005119083976 0.13002331405362594 -0.19315330228082053 0.17894670284370218
-0.66608410672936391 0.071157185672136497 0.21724647402819425 -0.13127273908480389 0.23319549840298351 -0.10673577850820504 -0.0759702048621618 -0.09078675413341579 0.24423713066245312 -0.080971969902776178 0.24301028263362318 -0.047847073124367749 0.2098853858552146 -0.017175872403619199 -0.02444258765130429 -0.0061342401441497893 0.1595846166731871 0.024536960576598765 0.07370525465509116 0.069930337643306695 -0.32133981062815015 0.041712832980217954 -0.068609116689182195 0.11900425879650435 -0.22441881635058478 0.15458285163257271
-0.67580402232252146 -0.048422693666555432 0.21722958408746379 -0.09463562155070851 0.240960547055002 -0.069655660532247393 -0.046309004657300964 -0.098382615703477685 0.25594852366607868 -0.035932713157324901 0.2459565392586941 -0.0072057579860945352 0.21348258993469477 0.019023201083289643 -0.0088390631296094146 -0.0022097657824023806 0.15477968154131097 0.052746148458212128 0.061104827722081798 0.083971099731288606 -0.33232955831868094 -0.015948744342555912 -0.08627694228683877 0.10645306464790363 -0.2399037025503748 0.11020005880067267
-0.67643567504644186 -0.06746479051443853 0.21650834445428585 -0.093152221212404657 0.23974935318101726 -0.063795157557586218 -0.031803485626053493 -0.10538433106857902 0.24953504106595659 -0.034438093902767787 0.24097256416663482 -0.003857819262331902 0.21161550051181624 0.023052822421251673 0.014678531827409153 0.0034814466513727097 0.15290137320217947 0.05730273001853993 0.051374861395932281 0.086659793673358243 -0.33026696611670758 -0.022205984046593467 -0.08684797997883785 0.10745438042885468 -0.25198146303719166 0.11234722437132433
-0.67568722511926604 0.052530272623642051 0.20443189129345196 -0.12250742279737457 0.22415444852398908 -0.099086886086111853 -0.044565393742078942 -0.097854226259203286 0.24017902627380031 -0.069503050240306202 0.23648104679307475 -0.039919214394500573 0.21552582973562895 -0.012800698202512006 0.0047409993342637782 -0.0041720794141520282 0.161288797351652 0.025411756431653543 0.073769949641143612 0.068554850373453477 -0.32930981375795843 0.032807715393105022 -0.069218590280250417 0.11786124344979626 -0.24179096604745001 0.1486777391225105
-0.54361614306287509 -0.40223210585499031 0.24833539868749313 0.053704014133227507 0.24358606410428238 0.086949356215701601 0.0037446676521466862 -0.11964669815395958 0.23171272764625589 0.1047593609027415 0.21271538931341333 0.12731870017299199 0.17590804629353105 0.12969336746459723 -0.0069413351600770357 -0.011599336385918141 0.096356692024753526 0.12138203194397867 -0.009316002451682473 0.091698690798912408 -0.26459273629925234 -0.18257538138149984 -0.12804936703194744 0.039456010383595801 -0.25984340171604181 -0.038908010239379107
-0.63290822772333344 -0.26272577212726173 0.23954693877974764 -0.010571099727527206 0.25089389903773585 0.029773647856430319 -0.011346960257987978 -0.11269374204941968 0.2471115789517398 0.058771435182399495 0.22946075188375839 0.078943808974378388 0.19415909774779558 0.091551542594365043 -0.0088254135339907048 -0.011831873089525878 0.12607733619986713 0.096594636042359877 0.039083974221958792 0.090290769232366369 -0.31141102041367213 -0.1278230223934039 -0.11473037594187924 0.061292981906397016 -0.2471115789517398 0.018426687598442022
-0.621941777825606 -0.26164630584882276 0.24684449925100671 -0.018524416640380639 0.25606239078497611 0.012585967286765981 -0.015865409467120204 -0.11531227774705902 0.25260568145973744 0.04484858765565871 0.23647437127529106 0.070197789374074518 0.20305951446465212 0.085176863116774748 -0.015865409467120336 -0.011610997989903681 0.11318507200845077 0.096699227534236321 0.024462865993995761 0.099003700417728657 -0.30738122922890143 -0.11646451418880523 -0.11034879769030628 0.079415680908043837 -0.26129177155905459 0.035630696121689252
-0.65647101135248342 0.12039913040645747 0.18813556668901288 -0.15245468335144144 0.22162217110475502 -0.13261076962359425 -0.079757268636924186 -0.081760740695985823 0.24270632944059251 -0.10656563285579476 0.24146608483260207 -0.074319273048043089 0.21045996963284097 -0.039592424024310464 -0.00038161372553547756 -0.0023850857845970058 0.15216847305728984 0.017458827943250189 0.074033062753891432 0.06706861226286813 -0.31292325493912876 0.070789346086839483 -0.069835311773000619 0.13404182109435242 -0.21122319708391177 0.17993087158999901
-0.66237653689876119 -0.1347252646616437 0.22690093395203415 -0.066319305365428655 0.2481303695956871 -0.038013391173891332 -0.038467011593627538 -0.10523993737879232 0.25874508741751356 -0.0132457162562963 0.25284802196094358 0.02095726339181125 0.2092097375823235 0.046904351400720391 0.0016330335110503211 0.00090724083947236144 0.14434201756005069 0.071672026318315457 0.039374252433099971 0.092901461961968468 -0.31916732732637204 -0.055704587543602198 -0.10451414470721442 0.096439701235910516 -0.25665843348672712 0.083466157231456006
-0.63296270808506061 0.22008272275435081 0.18040386674459699 -0.17490679601276743 0.20768932692258871 -0.15801579685496303 -0.093750042662843328 -0.068363570555847381 0.22068240319782315 -0.13202964430449474 0.22328101845286985 -0.10864210700907327 0.20249209641249535 -0.068363570555847381 -0.031383276541719345 0.0043976565854638872 0.16091425233174608 -0.01769057308243413 0.0894523328179581 0.047274808293736571 -0.29904064781154299 0.12263465069009455 -0.053471506209617541 0.13562772696532874 -0.1743071155692951 0.19799449308645259
-0.63706955410565713 -0.22074945314008904 0.24254056464873314 -0.029115854872894389 0.2556335434123303 0.0065922690278251055 -0.015748198233137823 -0.10886399825116798 0.25444327261563965 0.038729580538472662 0.24135029385204251 0.062534996472285664 0.20088108676456043 0.079198787625954753 -0.00265521946954054 -0.0065007097357720426 0.13422592214988402 0.088720953999480018 0.019959925667581781 0.087530683202789408 -0.31807698059256284 -0.10410291506440522 -0.11573094515515235 0.072057162845810929 -0.25975371155472099 0.033968497351710092
-0.57714140417248905 0.33988997942843174 0.13822125674780522 -0.21259411570855316 0.17340302695700005 -0.195654744867089 -0.098929935032693012 -0.060139778135375702 0.19685754042979672 -0.17350325992055893 0.20467571158739556 -0.14092754676389707 0.18382725516713183 -0.10053366244963642 -0.0090209667203064829 -0.0041095515059173119 0.15125154201046981 -0.040594350241378627 0.079584973065813816 0.044102503965942175 -0.26832364344733473 0.17049627101379014 -0.024657309035504282 0.1418296434359278 -0.14974804755708565 0.23173861174831445
-0.64504393910907387 0.19955546092268148 0.17353878297527453 -0.16807151007328344 0.20662521036491152 -0.14233762210356599 -0.088701789668513623 -0.072488497614332639 0.22010486596809689 -0.12395627355376773 0.22990825186132263 -0.098222385584050192 0.20539978712825829 -0.061459688484453621 -0.011500125759361121 -0.0038647963617524945 0.16496082031870216 -0.016119028728284555 0.086533733172896296 0.051279249287642305 -0.31050339550274592 0.11377583435695642 -0.045811976385651237 0.12970633643344823 -0.18551022536411793 0.19220292150276225
