C:/Users/vmc04/Desktop/Wing saga/Lab reared wings for landmarking/13/13 landmakrs lab reared txt files/APRFB 13_Format - {Aligned specimens} - 1 25 26 0	from C:/Users/vmc04/Dropbox/Homework/APRFB 13.txt - TPS like internal (simplified) format - can be converted to other format by using TET	
-0.67987382707854627 -0.042881998576783285 0.23458482072135364 -0.086803824729139487 0.24392881309430961 -0.06487328588272008 -0.049821810594588165 -0.10228873947335052 0.25245208564032823 -0.037352481695423628 0.24867677443641734 -0.011637261127388873 0.21277525749665727 0.015072193750674737 0.00061155309502881428 -0.002370234924057676 0.14520901202767411 0.047412239176856559 0.041536780446302421 0.076735783846991298 -0.3234503221927516 -0.012255513809687245 -0.090743353701004323 0.10642794165514192 -0.23588578339118069 0.11481518178888621 
-0.67240317714560827 -0.03454294695884047 0.23223623686032802 -0.089535619060046479 0.24941842100372744 -0.065047958090366759 -0.053968867082143455 -0.10353341360357847 0.25723995864875088 -0.030206167387416875 0.24777213568960677 -0.0071017222372443392 0.21396280148001243 0.015798113306006435 -0.0084225221756400025 -0.0057776360171661306 0.14761042910494693 0.048857212290220983 0.051159920821119385 0.077026506761018076 -0.33177791267315543 -0.013132499128259867 -0.095113242917732224 0.10245859953664697 -0.23771418161421304 0.10473753058902661 
-0.67763185804802217 -0.046117469778634859 0.22093470563587947 -0.096251463303671125 0.2395412512605708 -0.072263758568834657 -0.063469098399742907 -0.10267665946631431 0.25740159275601565 -0.033027697094434282 0.24865397162398586 -0.0073815807589265548 0.2142436878829343 0.022103647607691956 -0.012524878079560176 -0.0045782326435566435 0.14811783652428273 0.056630295870380244 0.052465391115227682 0.088213493299868634 -0.33225944646441585 -0.017827357354295796 -0.06156141148228407 0.10331293357780652 -0.23391174432487066 0.10986384861292137 
-0.68072418328542161 -0.046410619402183668 0.22321435620820096 -0.092057867606732416 0.2415541365578675 -0.066277885592968835 -0.045219348929595393 -0.10110228234332926 0.24848774462012285 -0.039561666027651723 0.23971148070375853 -0.0078687457701597727 0.20958558286529977 0.020414496214190451 -0.00093317916704075614 -0.0030757636312437153 0.15748920598693231 0.046708554444639186 0.053822925331371611 0.082608345241877199 -0.3328371570867949 -0.017866709212444178 -0.074612607269091885 0.10937426355552445 -0.2395389565356088 0.11511588013048256 
-0.6748180337134243 -0.041026817221386416 0.22381335580605319 -0.093825287929343068 0.24616372947924747 -0.063388801037693981 -0.036572676526845427 -0.0928030949988293 0.25564399104374452 -0.034241179032902448 0.2465517478629522 -0.0073534573909109033 0.21945197502757058 0.012631237701958309 -0.011715751569406638 -0.0055191436899121428 0.1407303862951404 0.046845098763171701 0.057930646467088086 0.075850858547362857 -0.33246242432449591 -0.011841626938498407 -0.087418950414824725 0.10639213413985611 -0.24729799543279943 0.10828007908712775 
-0.6768579662016857 -0.041160819895494367 0.22982797874626423 -0.093326755417803706 0.24822081713640801 -0.06675124859996133 -0.051392207509196888 -0.10108980707206677 0.25772915964451742 -0.035538541770453229 0.25113024188006788 -0.0056276349178307544 0.20832148575982143 0.019376058288524872 0.0008707843944249713 -0.0070737194940080151 0.13317222006461168 0.049688806334207143 0.053259765327891485 0.079029713290953124 -0.33222858814650963 -0.011033486143934339 -0.088214215433842016 0.10126774636386993 -0.23383947566277288 0.11223968903399741 
-0.67118329771494556 -0.042362525483010539 0.23445116310006367 -0.087198794771050664 0.24783715392615993 -0.064457526836703374 -0.052882733590665157 -0.096934209762723086 0.25112401891004638 -0.041473456689678258 0.24432720014764817 -0.012659505308839339 0.21109385452128712 0.014293510172330196 0.0030386542305964274 -0.0010332551626056423 0.15402876666459181 0.048833519437632852 0.050540818280341064 0.080923165028560326 -0.33373128156704562 -0.014929820091196843 -0.097886564485674302 0.10303722154468051 -0.24075775242240452 0.11396167792260377 
-0.67000539624521493 -0.037535118872122027 0.23312321472658892 -0.088851351114401803 0.24356767102772756 -0.067718836711440411 -0.038673496207109061 -0.098546190843286238 0.25059757007439859 -0.039215105271191 0.24343248973271428 -0.011377953338569615 0.20908613265029968 0.019088051519483951 0.015863081022743638 -0.0005854495406463475 0.14987279455131305 0.044481078590802241 0.05456231480557977 0.07822110725044204 -0.33263202767348776 -0.010534595385951367 -0.098736764529554252 0.10533280593888113 -0.26005758393599865 0.10724155777799953 
-0.66899209585562613 -0.04033608953427073 0.22091468348384513 -0.10063321259522597 0.249353215284461 -0.065651937600841703 -0.0429617432661289 -0.10000599261076681 0.25913032003566927 -0.037099129585673289 0.25000813882308159 -0.0067360833048589587 0.20921003405790661 0.019178633486948111 0.006106016394288696 -0.004354248064763977 0.14355989417849527 0.049087605104085004 0.050805742935338939 0.079391998180357304 -0.33053792059784576 -0.012895525817619581 -0.093700575716323509 0.10702432018835578 -0.25289570975716186 0.11302966215427485 
-0.66872120621788766 -0.044355711471219472 0.23231626135335495 -0.091587601251622339 0.23995660668234317 -0.072227423472163613 -0.049274086099062003 -0.10115653537140912 0.2531852032495851 -0.041190070223507999 0.24367013689365502 -0.0090166549069520211 0.20802792247084001 0.017788539216416138 0.0051670202079628904 -0.00210822339830374 0.15435692132154533 0.051055359619599366 0.056682657382691494 0.082905475007258325 -0.33054336644452298 -0.012449495497762116 -0.088607362495143199 0.11059976727153234 -0.25621670830536242 0.1117425744781341 
-0.66909536749364795 -0.04143565917468852 0.23639237505122868 -0.098975634500822932 0.25509352378873962 -0.07063249782674344 -0.05938814873948934 -0.10404496661974587 0.25588441716486199 -0.040866354054089178 0.24581537685410984 -0.0081123461082623482 0.20873063868642758 0.01844544491141796 -0.0041696617383894441 -0.0024173128217355711 0.14012526555475779 0.056401217505114391 0.044630617310648706 0.08578959549041125 -0.3244682829592937 -0.01592761680456772 -0.086242062050521165 0.10972486578497159 -0.24330869142943279 0.11205126421874034 
-0.67153263357757276 -0.041161504153049484 0.22527433210897774 -0.092164072609196915 0.23999719678486053 -0.069702038698614771 -0.054708691991602533 -0.10895157605345368 0.25022273121353572 -0.030429901078285561 0.24108682289059996 -0.0051743889912301711 0.2152013456415689 0.019168662276806275 -0.0075650154365243388 -0.0069520930383243171 0.16193276074918334 0.049950595933156303 0.066840699194604003 0.081438768732115294 -0.32799495537227907 -0.012298927316625406 -0.085710164517070919 0.10792071568919601 -0.25304442768828095 0.10835575930750654 
-0.67362046759738237 -0.041293706650454502 0.22872488850309663 -0.09061260799845243 0.24219615289477014 -0.065869777634859503 -0.051213188568074428 -0.1006742321456454 0.25288325522894073 -0.036479301685668271 0.24684325874881302 -0.010793666323386941 0.21709336197557103 0.017361502942464004 -0.00089805384638277648 -0.0045993242898480155 0.15285633750325386 0.049108721522598368 0.054760901908171893 0.08002484691356021 -0.32286731780080191 -0.010283138335258384 -0.096299992187307643 0.10447409612938995 -0.25045913676266779 0.10963658755556134 
-0.67381743442364939 -0.046848271289871374 0.21451351984450881 -0.096184644541871867 0.24164689034447059 -0.067248231684652812 -0.043423124565833165 -0.096169263995944318 0.25281392411397785 -0.041959497045270716 0.24811362274123996 -0.013778702578323067 0.21956281786102941 0.015470312607271509 0.0032616536096179145 -0.0019396714608268676 0.14668247617074323 0.059356833355451617 0.054271523556628884 0.086036789417687082 -0.33835235584725509 -0.017275821364433654 -0.087862278357768414 0.10975687919163916 -0.23741123504771061 0.11078328938914511 
-0.66371582017673769 -0.044811694912457588 0.22522112072550049 -0.094496734110719738 0.24417230686437205 -0.068567297840200478 -0.068988691985127498 -0.0970394771292383 0.25689335495252397 -0.033669473559766461 0.25028639783563911 -0.0050183654842600803 0.2208982297820101 0.017380500334916515 -0.019412838046689473 -0.0030327060866012188 0.16249318668951443 0.045948717639385288 0.053309993791852771 0.084449998610188537 -0.33915868980746378 -0.016666600226962126 -0.086237094918662549 0.10770854510913709 -0.23576145570673265 0.10781458765657911 
-0.67592721944244638 -0.044599553157640894 0.23268246252641839 -0.099540781639315401 0.24844060756050471 -0.071513066926374186 -0.04459580758876288 -0.10556094322177037 0.25229650153876648 -0.036951361077982706 0.23925092682186053 -0.010830909458177572 0.20854166763573181 0.019905928255944522 -0.0019205220008251807 -0.00073767298951280338 0.14749563886050363 0.055648878241408774 0.042282642451220792 0.08565107870946978 -0.33104824552059192 -0.016335517829637616 -0.083672203709495657 0.10721374860694388 -0.23382644913288467 0.11765017248664492 
-0.67632468588194383 -0.045864707088202221 0.22025710641245197 -0.098293424013642577 0.24455588662064623 -0.067761697554952233 -0.054267972848325213 -0.097736735061917171 0.2557338808163826 -0.039767609785740961 0.24733183869351605 -0.010195269907669675 0.20858033996588976 0.021157607479427836 0.0043379035645196061 -6.2857524550827997e-05 0.1461369172305686 0.054287019266304429 0.062150650813687564 0.081163469256449183 -0.3273730511986902 -0.015136571510031798 -0.086844698792723871 0.10768738886647411 -0.24427411539597918 0.11052338757805157 
-0.67953236543291196 -0.038897904091645411 0.22234746223188076 -0.093794736319563948 0.2449876988304 -0.060463207433622546 -0.047399609240133762 -0.096105661702257247 0.2519087903758695 -0.029758164990073069 0.24156377589755923 -0.0063123534922399169 0.21840819178980486 0.016867645842110479 -0.0074688513912390658 -0.0091793184284948912 0.15500812565950478 0.04742803381213246 0.059082105542577423 0.07764214397304256 -0.33245444068516428 -0.010007471668356804 -0.085000409559532766 0.10061330000596699 -0.24145047401861572 0.10196769449300169 
-0.68079783494781654 -0.047201802666169183 0.21629472368857855 -0.094864388298876737 0.23742836361181435 -0.070204640771654794 -0.054005341418818111 -0.10154276387039941 0.25258389066437731 -0.033728745591815615 0.24669920576711959 -0.0048422445313886283 0.21662178546692637 0.020097786916078542 -0.0036932220503846655 -0.0038494924746095179 0.15515920872430713 0.051856655252165089 0.057209042337323129 0.082833271892932853 -0.33362277105404331 -0.016470897523228077 -0.082331146895964685 0.1054265482544442 -0.22754590389341792 0.11249071341252143 
-0.67391825215347656 -0.039744616118527726 0.22245465511774076 -0.091731378677319148 0.24071160196082875 -0.069234804862479946 -0.041463215439611144 -0.10027974949888649 0.25197111101433367 -0.035319063375293648 0.24406188438286369 -0.0049818700923198811 0.22026610703984723 0.016625614030167733 -0.0026018796287935282 -0.0017007045483499385 0.14947150147236529 0.053412916940227623 0.058322962154137611 0.079738239318898396 -0.34467625422260029 -0.017429125785242493 -0.092497123432644199 0.10091214588393091 -0.23210309826499173 0.10973239678519396 
-0.66948529526179501 -0.046103017502769753 0.2170631850370216 -0.10591098610492959 0.24758972521154901 -0.067505727339218127 -0.037320140956520149 -0.10268886797050118 0.25830832641998602 -0.040617244306921492 0.24668311347495311 -0.010696013715628712 0.21152747669147381 0.021947757361963836 -0.0047607976090526336 -0.004170054993158894 0.14990200116001251 0.054010228337814874 0.04844377327313406 0.083265731097240947 -0.32296505812442289 -0.013829082656706786 -0.091094401744601414 0.11270789915558729 -0.25389190757173768 0.11958937863722743 
-0.6799037592838828 -0.044309750534921373 0.22069814226231921 -0.095285740362707164 0.24116378494008286 -0.067665182371380597 -0.049802065885214422 -0.10172663596536262 0.25157639462598258 -0.033636469675103246 0.24550534307168995 -0.0057799394783158275 0.21286388697027553 0.018521606605067312 -0.011049744819917074 -0.0072898311443925874 0.14618248140089538 0.051972110268061644 0.068116970103231159 0.084260092769965128 -0.32960244332147504 -0.017094685741745944 -0.075748344894937647 0.10702317054936947 -0.24000064516904984 0.11101125508146584 
-0.67438762731805557 -0.040652054315242762 0.22639069883359741 -0.093766287720763064 0.2421615562901302 -0.067070221285068995 -0.044983041531692476 -0.096714844290758079 0.2550081152329331 -0.037625627153079176 0.2429679922688987 -0.0085153492044521117 0.2142695450354086 0.015492478615215102 0.0034444448227788716 -0.0032699990400761516 0.148073916849981 0.051442173113257168 0.054787616965227569 0.080655803770916842 -0.32777485242543497 -0.013095939364876829 -0.083152371152735272 0.10608350727918182 -0.25680599387103725 0.10703635959574648 
-0.67026123103538404 -0.046978004545559275 0.2314515809093812 -0.086870677623408346 0.24761818654288961 -0.06223348465345456 -0.061977780840087079 -0.10134168212581567 0.25481768812945893 -0.034200112927206816 0.24517035488932595 -0.010039577113456578 0.21130538613520372 0.015603062659467006 -0.022762839423970217 -0.0068246318772328925 0.151931836562926 0.048343418000464697 0.069631596780824923 0.076950265691734979 -0.33850817527229016 -0.010280398580812294 -0.085060877806014831 0.10392356987740405 -0.23335572557226436 0.11394825321787551 
-0.67147035728804561 -0.042576148841668091 0.22248411410329555 -0.10013287100362582 0.24608502644354197 -0.071932388154822571 -0.051464182068214105 -0.10576942722728923 0.25779696153284853 -0.035510793076403313 0.24345852972524507 -0.0062647307154582521 0.21556159669032809 0.019469452740221192 -0.0012394928762043595 -0.0051810789424767455 0.156120921644745 0.052956790077342566 0.050056043082636781 0.087637270624433952 -0.32059358209957933 -0.0087096313053968075 -0.10049134546233361 0.10797089694569187 -0.24630423342826416 0.10804265887945114 
