C:/Users/vmc04/Desktop/Wing saga/Lab reared wings for landmarking/13/13 landmakrs lab reared txt files/APRFC 13_Format - {Aligned specimens} - 1 21 26 0	from C:/Users/vmc04/Dropbox/Homework/APRFC 13.txt - TPS like internal (simplified) format - can be converted to other format by using TET	
-0.6775224923444263 -0.0019229959005973101 0.22516044941806979 -0.10952834878390245 0.23991809315074433 -0.087507112100627102 -0.059351373675983116 -0.10075483991123066 0.2534577407678012 -0.058588448347388959 0.24509820699512888 -0.027577766371998678 0.210244905764677 0.0043291295814794359 0.0041850198365508207 -0.0022627249264121352 0.14769093689660523 0.042878246082051687 0.048247128254814198 0.085677974641589646 -0.32295155366445039 0.008403075324427571 -0.090211826190178757 0.11428339537323361 -0.22396523520935324 0.13257041533937555 
-0.6732447124997083 -0.0017918282333337779 0.2099965705586731 -0.10989566127823433 0.24026306111165552 -0.078073922919176503 -0.061580783740220621 -0.095192836885203247 0.25390321586943926 -0.050252918329756716 0.24611110861175023 -0.025358277554441429 0.21431927886434776 0.0037142085963863015 -0.0089296357269106393 -0.0030727061853086071 0.15969182241773114 0.038188453136536689 0.072826247112939779 0.071855165161993945 -0.33304318372060776 0.010314139294889398 -0.085859043991060757 0.11089138690106108 -0.2344539448680289 0.12867479829458753 
-0.68143303615355122 -0.0023036888695045967 0.21864524038637556 -0.10934419245626087 0.23784829689942341 -0.081328588841488039 -0.039615881168447345 -0.10128405031379731 0.24512391198288722 -0.056659755586053434 0.24145429681779845 -0.026188624018702127 0.21417535158879933 -0.00012376600221328918 -0.005938886498964931 -0.0030998228825742484 0.15369238642125538 0.039917086198304974 0.059798494525155316 0.081231186762248331 -0.319992500869965 0.013263629911520386 -0.08486773464811484 0.11295743583344671 -0.23888993928265084 0.13296315026507249 
-0.68369653556035204 0.012121910496799795 0.21435297545820986 -0.10720845476016352 0.24237895539966128 -0.074023373387127195 -0.045366553846813686 -0.094429290195917476 0.25452603949023905 -0.04238453778659184 0.2422154595892132 -0.014730272718520341 0.21428616589435506 0.004590559696116543 -0.010070139334710203 -0.012447836940885172 0.14498700741372827 0.033107210612158974 0.067874780393748918 0.063668201560166268 -0.33830828094923704 0.0084864178966023145 -0.074938596017518552 0.10225790339533082 -0.22824127793052418 0.12099156213203077 
-0.6699082653808266 0.0093702363997808999 0.22308320221282199 -0.10841721208144943 0.24258931157021971 -0.079541236419420097 -0.050293496373943793 -0.10008541440151293 0.25217633392684619 -0.050833727542793014 0.24609984615138031 -0.025597801834052161 0.20974609023741653 0.002787380251748706 0.0037034964046766283 -0.0078863999961655794 0.1485128178921534 0.040061372919271435 0.062741831613053911 0.075086870256655835 -0.33301084770538508 0.0088336768359457436 -0.090372997273389835 0.111716209342526 -0.24506732327502276 0.12450604626946465 
-0.68251065852104043 0.007449156963865884 0.21821851847636783 -0.1089602754470447 0.23848355480535263 -0.083866254329781162 -0.04108566966892107 -0.095375536281847251 0.24929927585362116 -0.053508359091468581 0.24068939290364985 -0.021091542281458063 0.21461488317607044 0.0039103947317676146 -0.012633919228678262 -0.0070288018549860519 0.15818247821017845 0.039728052793262143 0.059405939892285348 0.078180578038795218 -0.31952162875925072 0.0069663405552148764 -0.082983193194095056 0.11254560647572784 -0.24015897394554034 0.12105063972795194 
-0.66946978019041414 0.0056118495867491939 0.2192483167842397 -0.10797838622474688 0.23929369411473886 -0.083610823778202226 -0.059761980865408418 -0.096344006046495623 0.25016698287819816 -0.051580829853687858 0.24653239126116783 -0.020512450624873647 0.21531937991210318 0.0077434005769651832 -0.0031881244308159312 -0.0081181608874821513 0.15200913959300449 0.041945240016538619 0.067485121096541159 0.072378017748041729 -0.34625332891488747 0.0043902748825282575 -0.081574611582195561 0.11093879126154889 -0.22980719965627192 0.12513708334311668 
-0.67753386692127004 -0.00030397284409280423 0.21641108259588751 -0.11115593731195557 0.24210475360290074 -0.083166408309759132 -0.065749707365137092 -0.0983665727995756 0.25413605520698712 -0.051079686389490876 0.24304283656335385 -0.022350536192932837 0.21654013946391146 0.002459277723632987 -0.0094637358546404583 -0.0070668519192777493 0.14933121643383016 0.043418191290369536 0.063458268864290582 0.078367961862053373 -0.32515686938266258 0.0085519405025242697 -0.075816996436317632 0.11487939533450944 -0.23130317677113332 0.12581319905399488 
-0.66987138439724991 0.0019263114870300443 0.22965178804099345 -0.10811391563570558 0.24297912088446919 -0.082059817836618337 -0.066179106341133456 -0.098153108136059847 0.25129853501738908 -0.0552926957407429 0.24665430676615935 -0.022472045433100659 0.21053651765801765 0.0046109132341584829 -0.023677595827976804 -0.0086278878669560077 0.15619354139359395 0.040900977249856377 0.066082109858490348 0.077174292632515393 -0.32393019765465997 0.008274139059975651 -0.080542476086304937 0.11127503785873183 -0.23919515931178792 0.1305577991269149 
-0.67753449800083865 -0.0016845972740247986 0.21018325183959449 -0.1093964977283781 0.23558100549885908 -0.086113216926184094 -0.052985943454861385 -0.094953424273199971 0.25285976916681724 -0.053504614554220634 0.24487342158224892 -0.02415677037333136 0.21428634033651731 0.0042500270425710144 -0.0089704521424376019 -0.0015947069268469395 0.15804979099708441 0.041942455352343429 0.06675228545286252 0.079555502310317078 -0.33263804797684665 0.0070161824767330187 -0.078727342818180848 0.11215155476446098 -0.23172958048081915 0.12648810610976033 
-0.67977217236398302 -0.0051491857845542372 0.20705370173022236 -0.11261422705392307 0.23288891917581356 -0.085512138340908928 -0.041333561054109243 -0.10202379949465067 0.24532551136381184 -0.057176153294259693 0.23960342332178752 -0.025939525496508749 0.21283785179067369 0.0035498624738802814 0.01493594198971282 0.002120708436950035 0.15751195042497723 0.043039728949069149 0.059105370027436877 0.081583401846699433 -0.3309117076146007 0.0081741298620090601 -0.076628122375850996 0.11496584867213934 -0.24061710641589285 0.13498134922405811 
-0.67772041025750784 0.0027751129135329625 0.2128753475865082 -0.1071660077085814 0.23082497784418793 -0.082360532966742561 -0.037260000017168886 -0.10086236322283175 0.2446340612339242 -0.051679925877790939 0.23877382587571097 -0.02244747751748782 0.21588395645412245 0.0030591671117541656 0.0050345428916251708 -0.0038127023484488196 0.15898752236050409 0.037186035682123433 0.068537073197558113 0.073786466084885871 -0.3308298410179909 0.0085390818374727964 -0.077685884546699391 0.1124606121720587 -0.25205517160477364 0.13052253384005577 
-0.67623822228845121 0.0033233560224395719 0.23105675930303698 -0.10567575576108526 0.24715829249493373 -0.076204590564672464 -0.068638547779420508 -0.098071936218787681 0.24831210365126102 -0.05483074894896333 0.24660365406289225 -0.025387517943403531 0.21854499644492514 -0.0014473575929214244 -0.01250463244209544 -0.0051342872812397697 0.14985276126473346 0.039526696271470388 0.047442526755840167 0.079023062778759007 -0.32123893482422039 0.012191502857570662 -0.078935802294388194 0.10827075444834625 -0.23141495434904738 0.12441682193248747 
-0.68516826961228217 0.011920502349632439 0.21538930293315947 -0.10536570699314418 0.24190552234513132 -0.07291047208711128 -0.055412198711900902 -0.098783203218514373 0.25001960685785518 -0.044815290159324381 0.24189450425934803 -0.019272011819400321 0.21456621584547078 0.0063858599578071667 -0.012816561113977413 -0.0073223565922642042 0.15416454985114669 0.03820091601786009 0.071893201016305822 0.067166566811057302 -0.33654692623148114 0.0071913234533808905 -0.080702047715965591 0.10201503952453701 -0.21918689972281011 0.11558883275548403 
-0.6747199604878541 -0.004831075292282527 0.22114855957425103 -0.11121454680292762 0.24152876710644275 -0.085966326006774785 -0.058620736854286724 -0.10055964313498104 0.25063041221456073 -0.054821734682559999 0.24537914576998032 -0.025237526111841362 0.22019638769954311 0.0013473192296418663 -0.019093390914821862 -0.0046871009435190299 0.1414987784602165 0.046256857065118236 0.060352877828398335 0.082205198417581782 -0.3285682981918352 0.0094908677593873968 -0.0717477034757346 0.1154814901693879 -0.22798483872885889 0.13253622033376944 
-0.66739066444620099 -0.0063119219609952719 0.21363875918224917 -0.11399957238627355 0.24275322460160784 -0.088163909230867393 -0.062800131502520742 -0.095405367264346411 0.25851411737068924 -0.058592214299640274 0.25117962082505357 -0.0271665705041555 0.21414915355820707 0.001048278722749563 7.7738520493518125e-05 -0.0024141706563197353 0.14609400391313296 0.046006487437845661 0.059966783122851031 0.079894167831485161 -0.32066984788214753 0.010146115529682673 -0.093993618164581835 0.1183612280987882 -0.24151913909883271 0.13659744868204687 
-0.67592330492908337 -0.0046107944967779761 0.2098766983923574 -0.10878444541561008 0.23616102437887546 -0.085097995208769747 -0.058018619519636772 -0.095859246760403999 0.25134786457166758 -0.062838843378134751 0.25214964292171066 -0.02814048103514611 0.21432671064201886 0.0057265683405708801 0.0017772090007282958 0.00057568442462010993 0.15544473855239394 0.042525646923441227 0.056532150871223617 0.083577086017698393 -0.32392018826372132 0.0068187639098074241 -0.083979963475623143 0.11476579696488524 -0.23577396314291069 0.13134225971381924 
-0.67012979918255222 -0.0020608078257240391 0.22816445037519489 -0.1052564772963612 0.24831247025263764 -0.080279298018230277 -0.065804717435377635 -0.095563525686735595 0.25196195771450708 -0.051456019288427024 0.24666505014118248 -0.028528470964453302 0.21370524740655022 0.002587299668920726 -0.031067734573553999 -0.0062486237208607036 0.15768682168807521 0.036622660271790029 0.068736868468387197 0.074241971006593868 -0.32278167257707108 0.01663004635523669 -0.095387483535107037 0.11025112372645746 -0.23006145874287362 0.12906012177179291 
-0.6741763386501981 0.008614071873541327 0.21825562419654704 -0.10971846249233244 0.24269245081952306 -0.080575063411035305 -0.051767460580685022 -0.097054138952688329 0.25248200319187725 -0.049941940813905412 0.24824730236689396 -0.023105561967109983 0.21583764859922894 0.0063062213953909577 -0.0047042530639570587 -0.0052133885919274422 0.15637263744744406 0.037889366757637662 0.04848742130954662 0.075557852731221758 -0.33452856239155598 0.010051042335362076 -0.08439902507398267 0.10706395728934101 -0.2327994481706821 0.12012604384650402 
-0.66974995492671785 0.0072385358817341284 0.22574966039202884 -0.11549227109953294 0.24781835645601299 -0.083279356087185424 -0.055826554739728557 -0.10142643021243118 0.25712198923937463 -0.05238850137880436 0.24767471164559829 -0.020247408771664286 0.20947594953673548 0.0043935854950453625 -0.0057751379204526625 -0.0080569247327013128 0.15137246688498107 0.040141082461985625 0.04704076804149767 0.077884304811805763 -0.31759314800947552 0.014182679573743993 -0.092028262413587497 0.11069972702392118 -0.24528084418626683 0.12635097703408341 
-0.6752000591003281 -0.002990912290258674 0.21594148083813519 -0.10831905902603921 0.23979184625200561 -0.073850163814957376 -0.062892041560636908 -0.095745396156240614 0.24714127861658708 -0.052273302745559413 0.24877939903341703 -0.024784106203837149 0.21437751166385935 0.0029408083500584393 -0.0098126568590898942 -0.0071345153139293609 0.16220630452340476 0.034073598286985952 0.067181719964175296 0.074861638286891019 -0.33033049115047719 0.015461750180392326 -0.082587920800002199 0.11000775531424548 -0.23459637142105141 0.12775190513224821 
