C:/Users/vmc04/Desktop/Wing saga/Lab reared wings for landmarking/13/13 landmakrs lab reared txt files/APRMB 13_Format - {translated and scaled (first one is consensus)} - 1 23 26 0	from C:/Users/vmc04/Dropbox/Homework/APRMB 13.txt - TPS like internal (simplified) format - can be converted to other format by using TET	
-0.69347792468445302 -0.048703073468846378 0.22070386446734633 -0.084943690304431968 0.24213160679015314 -0.060024767748555252 -0.028911263176320048 -0.08975881758998748 0.25112544196011516 -0.033253779554918712 0.24472352519253704 -0.0057952637099455947 0.20853523347023895 0.020340521945641881 0.010927617845110168 -0.0032033453075616981 0.14562827866759195 0.049015900890325891 0.051771627786901663 0.074305966691614475 -0.31397482977766056 -0.013414043577234471 -0.084886965763014632 0.096579428868720049 -0.25429621277854619 0.098854962865179072
-0.69358400535662923 -0.076142491192947914 0.21619825752557978 -0.077302927752746595 0.24520917152054819 -0.054094196556771855 -0.020530800673362277 -0.087746856790935218 0.25449266399893833 -0.021601972882407294 0.25101135431954213 0.0050880679929636765 0.21387738440598245 0.0271363626291398 0.010800986441203671 -0.00071411480602993958 0.13612813489946707 0.056147276624108178 0.035170154196977069 0.078195571260284202 -0.31644212342204014 -0.033206338480394559 -0.088996557701487816 0.094441683097466464 -0.24333462015471968 0.089799936858271409
-0.69839087769290287 0.094886713167056297 0.19611682777146475 -0.12616320636511127 0.22933158251982169 -0.10325647895245142 -0.047839819173362816 -0.080349751539791611 0.23734893711425259 -0.083785760651690577 0.24193028259678456 -0.049425669532700729 0.20871552784842781 -0.023082933008141886 0.015153681211451936 -0.008193560189912975 0.14801270020487914 0.017003839964012883 0.060967136036771598 0.059381285677433629 -0.30095915708325433 0.051363931083002544 -0.070746546586022682 0.10863074961465224 -0.21964027476831174 0.1429908407336421
-0.67641832340053609 0.19026371630454914 0.17976839996993599 -0.15145993205822678 0.21231350933781945 -0.13393564239859715 -0.068075125216253321 -0.072600628589893829 0.22733432904607348 -0.10890094288484074 0.22608259407038567 -0.083866243371084254 0.19979615958094132 -0.051321134003200826 0.0082807083007040497 -0.010013879805502614 0.15348196548049167 -0.0050069399027512802 0.083384806841973497 0.046314194100449457 -0.29088395088868607 0.08762144829814765 -0.051802570532311548 0.11641135273896762 -0.20326250259053824 0.17649463157198328
-0.66910363094576653 0.18550828647216058 0.18802000408396929 -0.1573411675397339 0.2125092507991046 -0.13751653924652907 -0.082527864388001776 -0.067547262917571016 0.23000156988134399 -0.1165257563478416 0.23350003369779188 -0.092036509632706334 0.2031800139552434 -0.050054943835331524 0.00026911260126514348 -0.0045749142215088393 0.15186921131400752 -0.0010764504050609384 0.071404543535705717 0.05606512526358811 -0.28660492034746277 0.087551299611619254 -0.054540153856418576 0.12136978317061559 -0.19797717033078258 0.17617904962829931
-0.69756984140749523 0.12024500799092012 0.19585149793416659 -0.12517384435868401 0.22123965507378079 -0.10703944640181672 -0.037477755777525691 -0.084069208989784816 0.23332925371169233 -0.088905048444949425 0.22970237412031899 -0.062307931441544076 0.20552317684449595 -0.030874974982974045 0.010880638774120486 -0.011531617162315672 0.14749310338252075 0.0090207005221339918 0.067701752372304691 0.052543255618615427 -0.30586684553916133 0.061005974665153465 -0.053194234006810517 0.10815540935300853 -0.21761277548240734 0.15893172363223684
-0.65023314119660125 -0.25049685350194695 0.23769026589959796 -0.015197150621454186 0.24767940422943044 0.01255045585030202 0.011269797090067165 -0.094000353001241863 0.24545959571168957 0.039188158063188053 0.23325064886411709 0.063606051758333462 0.19218419128591788 0.080254615641387139 0.013489605607807537 0.0014514132615995315 0.12669984001257298 0.090243753971219504 0.024588648196510153 0.085804136935738434 -0.29728358687586204 -0.10287958707220382 -0.11081967138566018 0.066935764534944334 -0.27397559743958666 0.022539594180134237
-0.6889743016347174 -0.1356079248566836 0.22218905863828087 -0.058706669386072607 0.24199695777465038 -0.028412235412801471 -0.017836072073020594 -0.097157297121378092 0.2524834926115519 -0.00044814251439743687 0.24199695777465011 0.028681120921440109 0.19888564788961077 0.047323849520376028 0.024110067274585607 -0.00044814251439750312 0.13713160940563532 0.064801407581878481 0.049743819098122574 0.077618283493647064 -0.31029387696882926 -0.054045987236338584 -0.090076645393897592 0.085774477255681533 -0.26135671439662239 0.070627260269045991
-0.64755951286626279 -0.24811207012528835 0.23298781154996234 -0.014103603088647779 0.24625633287678217 0.010020981141933864 0.0050104905709667819 -0.092508501838037535 0.24746256208831124 0.042589169853218964 0.23660649918454957 0.063095066449213186 0.19197601835797365 0.079982275410620238 0.024310157955432194 0.0076085227188757137 0.12683964093540356 0.092044567525911072 0.02551638716696113 0.086013421468265613 -0.29775304152283094 -0.10577702316485729 -0.10958128452429527 0.064301295660742164 -0.28207206177295308 0.014845897988050106
-0.69534306414723013 -0.01589812344901699 0.21564605438107975 -0.089793311770705014 0.23989291304913388 -0.064391840785124763 -0.016431021441721518 -0.093257148723284139 0.25028442390687111 -0.035526532846965365 0.23989291304913388 -0.01358889881396424 0.20409993120581613 0.012967184489142393 0.018207348084069788 -0.0078158372263323651 0.1463693153294974 0.039523267792248983 0.054000329927387479 0.068388575730408394 -0.33048557180889543 -0.0020427756387004573 -0.079934698905672105 0.09494465903351508 -0.24619887262947004 0.10649078220877879
-0.68138116090525402 0.11251128559270822 0.20674184304053778 -0.12636317753753912 0.22511680174286422 -0.10676322158839054 -0.037032609076997007 -0.085938268392420358 0.23859177145790395 -0.085938268392420358 0.23736677421108218 -0.058988328962341172 0.2018418540532505 -0.027138400544974933 0.015642272536339711 -0.0087634418426482136 0.15039196968673554 0.008386519612856724 0.062192167915567399 0.053711417745262675 -0.31143199236507585 0.059836403979371657 -0.070107534741185043 0.11251128559270829 -0.23793215755576913 0.1529361947378271
-0.66490591200199867 -0.1587076764283499 0.2306443184970258 -0.051717162165192156 0.25045737669390689 -0.020016269050182448 -0.013716732597840779 -0.088701537466036789 0.25309911778682437 0.0037594007860749074 0.24649476505453066 0.031497682261708328 0.19894342538201609 0.052631611005048227 -0.0031497682261707642 -0.0015240813997600439 0.13157902751262066 0.076407280841305436 0.069498111829059822 0.084332504120057869 -0.30562912336522163 -0.054358903258109617 -0.096931577024741131 0.083011633573599142 -0.29638302954001045 0.043385517179837109
-0.67742774821663077 0.13876682597753739 0.18761934793660429 -0.14839068114771009 0.21264137137905337 -0.12932628233441565 -0.045919537526252309 -0.080473760375348646 0.23170577019234767 -0.1054957838177976 0.23051424526651679 -0.079282235449517763 0.20430069689823718 -0.037578863045436159 0.012465183839461637 -0.0042161651221709088 0.1506820752358464 0.013656708765292657 0.073232955056837801 0.063700755650190524 -0.30209739657989648 0.074424479982668656 -0.054260212007068626 0.12208547701590476 -0.22345675147505681 0.17212952390080266
-0.66949327187357288 -0.21331041043244575 0.22506898119386157 -0.023848368868223762 0.24013982540919768 -0.00016561367269598236 0.01300067330663582 -0.087361212347139186 0.24336929202676963 0.026746608140403732 0.2336808921740535 0.049352874463407491 0.20030973712580996 0.066576696423791437 0.019459606541779813 0.0041403418174000336 0.13464391590184649 0.079494562894079177 0.042065872864783603 0.080571051766603258 -0.30456354408794084 -0.087361212347139047 -0.096801191690810945 0.07195914078641126 -0.28088078889241314 0.033205541375547737
-0.6776472030799543 -0.17107069566686448 0.22633689277921998 -0.050539482885641154 0.24406207112939987 -0.024542554638710648 -0.0088171399998330305 -0.096624946596108749 0.25115214246947182 0.0038177307215772438 0.24051703545936404 0.036904730308579638 0.20270332164564681 0.054629908658759663 0.011271395463704046 0.00027269505154133304 0.13534764391496334 0.07590012267897546 0.043176716494027899 0.086535229689083462 -0.30305510061281937 -0.063537947009106338 -0.097443031750732684 0.085353551132404837 -0.26760474391245959 0.062901658555510234
-0.63497005639724047 0.27914052435212222 0.16186791769750419 -0.17324998453271756 0.1849119382573218 -0.16354723903384699 -0.074636503837465867 -0.058029881733629683 0.20795595881713938 -0.14414174803610588 0.21402017475393334 -0.11745919791421186 0.19825321331826867 -0.079861059106088483 0.0090496760902926965 -0.0095161542392769374 0.15580370176070996 -0.02649595886230037 0.081820267331821808 0.037784730067717043 -0.289309747999977 0.13117365549434618 -0.034612678654624848 0.12268375318283448 -0.18015386113768317 0.20151856036115764
-0.63283390327411138 -0.29523746660592992 0.23639038131514592 -0.00036437823709464443 0.24704844475016421 0.029241353526844673 0.0030972150153045323 -0.096286949152257911 0.24586421547960663 0.058847085290784022 0.22810077642124293 0.081347441431377801 0.19375812757507349 0.093189734136953375 0.0090183613680923213 -0.00036437823709467809 0.11796745425938902 0.099110880489741301 0.019676424803110531 0.090821275595838302 -0.2811178099185126 -0.11878730529285185 -0.11414148276989519 0.058847085290783939 -0.27282820502460969 -0.00036437823709472016
-0.66453744682216631 -0.17529063050408558 0.23003945424795716 -0.050123492082751409 0.25335490160095075 -0.014536756649234851 -0.021521951402763355 -0.099208644404843296 0.25458203040900307 0.01246007712791565 0.24721925756068958 0.038229782097013859 0.2018154916627545 0.060318100641955176 0.018973299262962467 0.0038701754715495815 0.13555053602793055 0.077497903954687308 0.023881814495171648 0.082406419186896535 -0.31235147891115744 -0.068530424203535917 -0.097603937502005744 0.07872503276273958 -0.26940197062932703 0.054182456601693706
-0.67591232560531311 -0.16557948764828465 0.22539473770185231 -0.054830645882436795 0.24778014188856623 -0.023019808353948519 -0.013775633345670049 -0.094888737584977539 0.25367103772717514 0.00054377500048710962 0.24071106688223537 0.038245508367584218 0.2018311543474165 0.061809091722019913 -0.0031720208361741206 -0.0065253000058435985 0.14410037512904902 0.078303600070124893 0.045133325040419114 0.092441750082786309 -0.30596406694067291 -0.061899720888767579 -0.098604533421638746 0.081838137573290143 -0.26119325856724523 0.053561837547967416
-0.65548323662041552 0.1194496311361998 0.20720854380769324 -0.14229222877600201 0.2259882288238152 -0.12116508313286473 -0.085050304255706852 -0.084779443414128075 0.236551801645384 -0.092995555608681488 0.23655180164538414 -0.070694679652036505 0.21542465600224667 -0.039003961187330453 -0.014626485445248862 -0.00027086084157863723 0.16378052220791098 0.0044240604124519533 0.067534636500285225 0.067805497341863988 -0.32801247915178638 0.06780549734186396 -0.06040196767204644 0.12649201301724558 -0.20946571748751566 0.16522511336299733
-0.68371496688120426 0.12840314550948598 0.19773236862945959 -0.12942020012738301 0.22197217035600258 -0.11399487175594639 -0.063396404515574642 -0.076533359996743239 0.2373974987274392 -0.090856879198791526 0.2373974987274392 -0.065515268302859878 0.20544503281517765 -0.029155565713045006 0.0082211914946668033 -0.0082211914946667478 0.15696542936209115 0.010509564384934819 0.065515268302859933 0.055683740329856325 -0.30909984928917217 0.058989167838021252 -0.047971076144137995 0.10746877129110777 -0.2264641615850474 0.1526429472360292
-0.65798261422722504 -0.20919106570725929 0.23656872823723896 -0.039596552182621272 0.25209498651766354 -0.0073497080617394052 -0.0034911113293263738 -0.092146964824058403 0.25567796919776142 0.024897136059142462 0.24254036603740214 0.048783687259795629 0.19835024631619352 0.070281583340383605 0.01442380207116362 0.0022049124185218208 0.12310761003413583 0.084613514060775552 0.019201112311294337 0.084613514060775552 -0.30446165645755702 -0.08498099946386245 -0.10500895393210244 0.078641876260612253 -0.27102048477664231 0.039229066779534444
-0.69629017808829596 -0.039603434897317331 0.22264058672770823 -0.089505635370769276 0.24454886986239457 -0.065163098554451293 -0.028087542480366968 -0.089505635370769276 0.25306875774810589 -0.037169181215685534 0.24333174302157881 -0.006741010195288044 0.20438368411547003 0.016384399780214127 0.0035577553808464196 -0.0030896296728403451 0.14717872259712272 0.044378317118979743 0.047374321650218876 0.073589361298561376 -0.30802671586802383 -0.012826644399367542 -0.087726757680346101 0.10158327863732713 -0.2459532469864131 0.10766891284140649
-0.64812126057455111 -0.26198503487283697 0.23142990744774472 -0.0088139790649303575 0.2423424529567062 0.017376130156577178 0.0033577063104496142 -0.097205597687518491 0.24888998026208309 0.045748748479876936 0.23579492565132931 0.073030112252280718 0.19650976181906807 0.086125166863034494 0.014270251819411193 -0.0055402154122420047 0.12230445235812995 0.094855203270203636 0.026274051879268734 0.087216421413930642 -0.288007258778822 -0.11030065229827225 -0.11449778518633448 0.063208821294215456 -0.27054718596448374 0.016284875605680968
