C:/Users/vmc04/Desktop/Wing saga/Lab reared wings for landmarking/13/13 landmakrs lab reared txt files/APRMB 13_Format - {Procrustes residues OP} - 1 23 26 0	from C:/Users/vmc04/Dropbox/Homework/APRMB 13.txt - TPS like internal (simplified) format - can be converted to other format by using TET - Orthogonal projection of the preshape data to the Kendall tangent space
-0.0032980591393424446 0.00059573756547537425 -0.0073076847503589261 -0.0019194402697824248 0.0012825864840466327 -0.0045134657638544158 0.0050035359122828664 0.0041988700188273533 0.0028570899850314411 0.0010276035968158034 0.0065648129366318083 0.00064310914544043942 0.0064265851436329504 -0.0018010499020289451 -0.00028331856167036279 0.0025344724945932529 -0.0075070347329032148 0.0015796038215582329 -0.013773257812572878 0.002514175194610657 -0.0043078239982836577 -0.006935447003833967 -0.00027962402841463731 0.0018074141066312863 0.014622192561920266 0.00026841699554763787
-0.010337021007075037 0.0013283203280646727 -0.002762971521700389 -0.00013967516608786126 0.0038545448632410673 0.0043633877228939485 -0.001660563977727637 0.002750419952404977 -0.0012485314230418982 -0.0014871572623345723 0.0024658684577584999 0.0058962727788413119 0.00070330886915475916 -0.00094411010826302437 0.0054326806474095544 -0.0013126078847360519 -0.0042413084743720547 -0.0026443662716393456 -0.0043018228134229595 -0.0038117500479001162 0.008138677397197298 0.0032835305520306649 -0.0063042821288996154 -0.0039443604807766078 0.01026142111147868 -0.0033379041124988879
-0.0082450824146234614 0.0020246399851953272 -0.00018102113991519961 0.0013449686035351366 0.0033170006880502024 0.0041343565035875402 -0.010854824385837528 -7.574670835157392e-05 8.681183329145711e-05 0.0062092356735046986 -0.0033577643790119668 0.0022100596037746929 -0.0029325557472353538 -0.001875550207232689 8.7945840869318049e-05 -0.0029883141686131843 0.00051762250785829917 -0.0024920928043442826 0.011027753585586974 -0.0027596701018071535 0.0098221659367864513 -0.0011692775949639007 -0.002894330052644797 -0.0037395104562554433 0.0036062777268259169 -0.00082309832802955618
4.734213145842197e-05 -0.0010961432832224719 0.0097646177273827371 -0.0011532517190600911 0.0048673107970354564 0.0011690943093617 -0.026039227866544647 -0.00021756540027648467 0.0052745148445953651 0.00027248751443490193 0.0064535213162970912 -0.002663417348787377 -0.00011337100878565983 0.00076174177408719779 -0.0092634179964252526 -0.00051224698093111037 -0.0023275561513372298 0.00091538759514782245 -0.0036038991388777902 0.0025679370203024201 0.013785443439929565 -0.00027186111921261697 -0.0072974665830018133 -7.1746357219448602e-05 0.0084521884882734141 0.00029958399537491354
-0.013454032268525144 0.00099364449129706067 -0.0003272699808093576 0.0085911368207429121 -0.0012632588370448824 0.0076158880136459085 0.012462394406594426 0.00048748913562591764 -0.0028371777906434584 0.0015490391268363954 -0.0065322589477320647 -0.00063352304924129505 -0.0013654303314359654 -0.0017795132777847058 0.0022271555540387001 -0.0049620726803914442 -0.0046072870987443303 -0.0054735156486700482 0.0012982305139518334 -0.0072066590572144526 0.0016107416470075428 0.00058148383545499407 0.007609686116954735 -0.0036170931179897409 0.0051785070163888631 0.0038536954076881097
-0.002081850108534478 -0.00077678847881239613 0.0026010932585175737 2.4019505258256689e-05 -0.0010696662934695368 -0.00094713424911836122 0.012347868678123914 -0.0021384976684149233 -0.0044367310890201265 -0.0013679339445060953 -0.002863284235962753 -0.0016424266398878662 -0.0011718097318299528 0.00029888209903804609 0.002271197515594691 0.0011225822898705798 0.0017133757324873206 0.00019729568870537897 -0.003491790775827985 0.0006220779225826166 -0.0010478836129228933 0.0019874415187267217 -0.0015599648666490946 0.00023656170950610701 -0.0012105544705056713 0.0023839202470515575
-0.0075220256561442855 -0.0013101715964984534 -0.0069374877782159821 -0.0014788834024528528 -0.0048823881239106713 0.0015562094912393344 -0.00058375963196110009 -0.0031595619218355978 -7.1877189900048516e-05 0.0014590891973085718 -0.00078453525124330724 0.0044700235989353068 -0.0051999620647424699 0.002298231488676355 0.012818348000410113 0.00024491296204289751 -0.0017707825314954493 -0.0015716508969671227 0.0068013283346222446 -0.0033389653456633484 -0.0013069123206800545 -0.0020829839635412178 0.0059732901875903044 2.8147428548768588e-06 0.0034667640256710675 0.0029109356459010582
0.0010060311883132262 0.0020697143977264753 -0.001706247022397662 0.0020161141182387212 -0.0032718172533405432 -0.0034201766459732246 0.0066266770901528254 0.001166766244509125 -0.001554684572266395 0.00079724755439360888 0.00020195820010496419 -0.0036025971743110794 -0.0013881722240355571 -0.00030509384087493488 0.014427731893273297 0.0037642209929808924 0.0024942164688793772 0.0015904426785097428 -0.0023906710956794431 0.00045904878476696808 -0.0024129296327372639 -2.2866047409979203e-05 -0.00097876802582482544 -0.0024661689821403967 -0.01105332501444135 -0.0020466520804161559
-0.0014812175391590923 0.0068015566186710574 -0.0013378303842820605 0.002355653960636259 0.00062144865231095973 0.0040515161405741233 0.016104901612249145 -0.0027941993234532744 0.00090676292770639714 0.0067395967571426693 -0.0042028284472436384 0.0011051076061937722 -0.0048846835658956948 0.00033424905233723622 0.0074243694836705768 -0.0034669073971706349 -0.001009601685852943 -0.0040772383295697824 -0.00067906746449199499 -0.0038714383070767105 -0.016958423624563162 -0.00088709640249463504 0.0013855861265647848 -0.0042588773458813629 0.0041105839089873308 -0.0020319230299085805
0.0033846454558758166 0.0080133654251646463 0.0093516589112437147 0.0063819435666934701 0.0016176339618886922 0.0049857792820698138 0.011892385742332711 -0.00096790523831957157 0.0011277631640282991 0.0017274916750455924 9.1570960236895659e-05 0.00056269664125626327 -0.00551303929231272 -0.0021712642312204937 0.0061336666165909071 -0.0014284091985232719 -0.00097900665938267968 -0.0076714590298023327 -0.0032940208250932055 -0.0081111933873710632 -0.0037232851206352373 0.0030951951419616215 -0.0083904295987884073 -0.0018614185711835194 -0.011699543315984256 -0.0025548220757712209
0.010429687644141724 -0.0015815877551858505 -0.00063288349491747537 -0.0040309002107463167 0.0027027768141760526 -0.00048872590480551184 0.0012929315363228117 0.0056140351704571777 8.8716172660130085e-05 -0.003957970339409457 0.0041194722107594488 -0.0026899545100220589 -0.0033770872980842703 -0.00014427389734535085 -0.014389552515448847 0.0027186335682758906 -0.0035334972851886748 0.0053560171715785155 0.030069278335928335 -0.0021350547313345319 0.0025895389976714504 0.0087264644782381485 0.0023683956103961899 0.0013920484749200793 -0.03172777672841564 -0.0087787315146208855
0.0035312983607987524 -0.0058707648781565125 0.0011601182565346558 -0.0065042907795404602 -0.001414167549206554 -0.0058347204464567091 0.0072532100358188197 0.0010001462654727435 0.0012691352717116699 -0.0042085731590461957 -0.0010406966844885607 -0.0065344483971369006 -0.0016858346981941958 0.00028820134959692929 0.0020987917639959442 0.0030841055595621108 -0.0048142237112388684 0.0058668615605072848 0.00062985379576192021 0.0072642006620403264 0.002393676761901531 0.0011828962976169828 -0.0011331278090231977 0.0060892418674843339 -0.0082480337943713553 0.004177144098055835
-0.0083490259297515426 0.00029574691431713182 -0.0071491279430831983 0.0074640014189179633 -0.008225859403725732 0.0023138554764704955 0.020953363469038967 0.0030306463186707401 -0.0077327758421689144 0.001150487675973554 -0.0056807108735544461 -0.0017728596208844132 0.002057500882014097 -0.0031123562811537428 0.0088435831132876938 0.0030640526920007066 0.0038874659736611947 -0.0037652926215630224 0.0078979203455793092 -0.0059487553312309767 -0.0034272083104188752 0.00085437393112403298 0.0078338945271568539 -0.0032794899873655118 -0.010909020008034884 -0.00029441058527671093
-0.0037003743685355139 -0.007923736415775701 -0.0053989147842578543 -0.0032258868595383982 -0.0049536312024066219 -0.0051151408813922871 0.0043667578387789089 -0.0027697299323079911 -0.0022987868489565922 -0.0048766432376074276 -0.0011835016467987426 0.0023220641562833825 0.0005391991005177987 7.4758493254905282e-05 0.00011112653459789584 0.0020880321233809002 0.00022380947582659335 0.0034068650757684495 0.004819277303428249 0.0039376190945490533 0.0039100994491436981 0.00092150881423839462 0.0028745406631822878 0.0041197198398581786 0.00069039848547946094 0.0070405697292891256
0.00083688718955560702 0.0032014332742839702 0.0033212358087098578 0.005068098625436189 -0.0020616501710498791 -0.00026860141953113557 -0.010353893063604607 0.0051782717441211795 0.00039641426271616164 0.0010243513317726388 -0.00043133902156586822 0.00030593737428729473 0.004317452072695304 0.00038825272621723615 0.0013628738620799668 -0.0005839567669171749 0.0046116934179029822 -0.00065671637705457322 0.0030425595794573304 -0.0029740675291054317 -0.0038945869539319922 -0.0037094299941542621 -0.0024968621105784681 -0.0033118336112477834 0.0013492151276144398 -0.0036617393781082502
-0.0035283392753375029 -0.0012692062509510179 0.00042374266870274201 -0.0006473017021216878 -0.00039006954648237438 -0.0013892399714072936 -0.0024108249637397289 4.0299301590323829e-05 4.2336963810184463e-05 0.00013492424199174985 -0.0024098324083766153 0.00030799399113024147 0.0058204963050919583 -0.0023775647774829526 -0.0027619252083948063 0.00013305566157838136 -0.000265707134652898 0.0014257984719040617 -0.0012923564164370243 0.0035657364603245939 0.0083380762240446542 0.0027948446773540538 -0.0007742497784096698 -0.00047201669661163135 -0.00079134742981821615 -0.0022473234072994258
0.0075300563870424842 -0.0034003535105691512 -0.0030760290072504369 -0.0069110922274493161 0.0049867277448522249 -0.00074761471247809937 -0.010088593521209962 -0.0025797739459548627 0.0020533544025814429 -0.00095871236709715434 0.005587707342958847 -0.0014761693610235017 0.0010293526487182465 0.0025059928840304034 0.0083171934589208914 0.0040314533419157743 0.0015470994466975294 0.0026159548791460461 -0.013664437469581434 0.0025167095995578554 -0.0063366899381717898 0.0026421870102517524 0.003095251778043743 -0.0010660466077870925 -0.00098099327360127173 0.0028274650174576754
-0.0011180082120081959 -0.0041981648850003767 -0.0068177831579686633 -0.0068907379968045383 -0.00085186902316860061 -0.0037720368187828144 -5.3587854885026661e-05 -0.000303439876721941 -0.00022778559950073496 -0.0080352054016084654 -0.00070851550800831494 0.0040963439704324693 0.00087724101996440812 0.007720607464221263 -0.015255204057029393 -0.0021948858092132343 0.0091817761165724644 0.004625410779371222 0.0075853002091079372 0.0095671024703176382 0.0012692720969133446 0.002399692026338115 0.00092626272815848074 0.0007037777135893978 0.0051929012418522168 -0.0037184636361375228
0.027378345058981273 -0.0032484069006247654 0.016814333422121876 -0.00086401403610251667 0.008291383851414539 -0.00017048741435628928 -0.031635362460747607 -0.012681371935736764 0.0023134375755070541 0.0032761308668445171 0.002707695532802386 -0.002300871406840814 0.010214142339788856 -0.0030014525565248223 -0.025109213330572963 -0.00024947992159394568 0.011667353342248383 -0.0029281339747961404 -0.0039717386402113586 0.0086917192871779521 -0.021749140132624627 -0.0046432315057433797 -0.0059625998832948989 0.01091582062651807 0.0090413633245870432 0.0072037788717795453
-0.0015138543064138529 0.0064601235717008983 0.0031193385420475689 0.0067375835534212516 0.0015265073205290962 0.0030211557020467295 -0.013762577206167245 0.0014204164975280143 0.0018135364373920914 0.0026735815724039875 0.0017365963872068321 6.4454576375840505e-05 -0.0020292017384384185 0.0015677456507734732 -0.0010826685699357891 -0.0022815142219924332 0.0038534364173380101 -0.00058890206704388919 -0.0021370709572122787 -0.0042556333960473858 -0.00090235610773467013 -0.0047129040357855841 0.012092933846667528 -0.0036669561717918939 -0.0027146200652791519 -0.0064391512315896682
0.0043687198513407324 -0.0030268568842458975 0.00078932739514431466 -0.0090885058272814467 0.0020177126530193539 -0.0058913185553302163 0.0043946365309263588 0.0022042274370737973 0.003927842585841777 -0.0018958986758725784 0.0027656887118783433 -0.0028056642785882387 0.0008300747139223779 0.0023386582393859667 0.0034951905321478991 0.0024908633315176461 -0.0064873138782163536 0.0048823418943858537 -0.013863887723222935 0.0036914112125394751 -0.0025793748764253882 0.0010457572269053303 0.00082497509525996998 0.0045893025010832937 -0.00048359159161573797 0.001465682378427452
-0.0027081121528705586 -0.00088685365688370959 0.0036412134991903795 -0.0022700672038073705 0.0038670474367363305 -0.002211872157103932 0.0022555330369440894 0.0011740947857881254 0.0029592995690848893 -0.00064790241038450839 -0.0010931202085860026 0.0024592103230783851 -0.0042876485593596001 -0.00094670884705922559 -0.007452511953439391 0.00066573745039037724 0.00069381692449499866 -0.0025774960717559431 -0.0057741925693962047 2.4637971303777197e-05 0.0054831126838412025 -0.003791374640755618 -0.0043159195705702756 0.0041559086393997829 0.0067314818639298765 0.0048526858177900256
-0.0045126926585015749 0.0019034687405015105 -0.003116474577966506 0.0035100131234152747 -0.005921521434447987 0.00040175553700950517 0.0019252025990025611 -0.0023259602025765725 0.00011308290296621268 -0.0012518822421536905 0.0022983299635366086 0.0015560673549214138 0.0051448692737517242 0.00026110842391781916 0.00075799226712038666 -0.0060321228578269345 -4.0419246149459411e-05 0.0029213384892834982 7.2350986145873508e-05 0.0004169872208187917 0.0052753525162769809 -0.0015317149750274221 -0.0042251326506402981 -0.00040132277360031029 0.0022290600589052407 0.00057226416131711533