C:/Users/vmc04/Desktop/Wing saga/Lab reared wings for landmarking/13/13 landmakrs lab reared txt files/APRMB 13_Format - {Aligned specimens} - 1 23 26 0	from C:/Users/vmc04/Dropbox/Homework/APRMB 13.txt - TPS like internal (simplified) format - can be converted to other format by using TET	
-0.69621903114261363 -0.046211601643452414 0.21266974576652695 -0.086539057262279229 0.24265294768625562 -0.064600827224483459 -0.024289457093833785 -0.086781604773506216 0.25332669328487439 -0.032538403941187656 0.2509976753971625 -0.0057232314694031818 0.21484736193528117 0.017903318310717186 0.010760227857339448 -0.0011784585344392917 0.13841918214996421 0.050234607557406691 0.038504033877153961 0.07660891910311951 -0.31757833116299838 -0.01955203229460141 -0.084848123578320819 0.098185613580781428 -0.23924292497679214 0.10019275859132844 
-0.70333809297922611 -0.045484429694744456 0.21723988784789827 -0.084769073979256274 0.24525280788860446 -0.055730919689694312 -0.030956943182159812 -0.088240571960197689 0.24925002555007739 -0.035057044948677958 0.24692698675909555 -0.00047080376939981155 0.20914817859262275 0.018762535881234589 0.016477503673363342 -0.0050259681195105156 0.14170177712210535 0.046016261863588794 0.047981512003307754 0.070291559031704767 -0.30516804307161521 -0.0093345131851253239 -0.090882557590426127 0.092444980077408354 -0.24363304261364774 0.096597988492669012 
-0.70123897397484192 -0.044787624995321004 0.21981955870773101 -0.083283553336610056 0.24471276250665008 -0.055959328252125455 -0.040150900040853497 -0.091065795833373514 0.25058277330850987 -0.027360304184196174 0.24110082098031116 -0.0041569509730931212 0.20551015421041061 0.017830891595227216 0.011132654427780719 -0.0067016359280414771 0.14645919594004672 0.046168031142118426 0.063310546677497387 0.071342871169050692 -0.30348130825809488 -0.01378719059242051 -0.087471729170853899 0.092648831380283708 -0.25028555531429342 0.099111758808500899 
-0.69269000131324865 -0.047891078243215056 0.22968375279628175 -0.085750443963393111 0.24617370728566462 -0.058902343610172839 -0.055324458039237169 -0.091173929775811319 0.25567774207259697 -0.03328462481353741 0.25082160748052151 -0.00902807084201444 0.20825217292318102 0.02046088820126396 0.00177720181104833 -0.0042241940591230031 0.14355998933616831 0.049557497438959631 0.048659538728975438 0.0766430453403808 -0.29940204500548595 -0.012885102932924886 -0.091843554931198557 0.096280912268029428 -0.24534565314526827 0.10019744499155769 
-0.70637359780053988 -0.045813599709426549 0.21964971403215242 -0.076028308413265078 0.2401066124384785 -0.052471351483367963 -0.016830539141439206 -0.090492800987130792 0.24763191711313143 -0.032016900279840825 0.23790010736993522 -0.0069998507418680307 0.20705492341365481 0.017924814939595961 0.013270679557172481 -0.0086749961730223212 0.14131863358724367 0.043181389328637389 0.053575416092720714 0.066887934455893222 -0.31165912965015286 -0.012035075846526914 -0.076958641778219372 0.092760910730435714 -0.24868609523413734 0.1037778341798859 
-0.69518801171644973 -0.047596637386526586 0.22263731479924886 -0.084618212870592693 0.24036520339321291 -0.061050554618573366 -0.016952953154096759 -0.093143287842787512 0.24609981255277316 -0.034942912311675636 0.24163490519111966 -0.0080104687187499361 0.20730466945996653 0.020008516488312981 0.013317695425579425 -0.0025913410546742946 0.14767859276039813 0.048865302928950229 0.048799472508598736 0.074736624343766087 -0.31440211524797756 -0.010632515672353106 -0.086151066138295221 0.096640519158054591 -0.25514351983407751 0.10233496755684894 
-0.70054204642899032 -0.048124201625221033 0.21307138715254573 -0.086110596246112545 0.23652247547937269 -0.058539741086273356 -0.029880939890349865 -0.09415304181063415 0.25043352919142714 -0.032111716393980194 0.24368326737598542 -0.0018972270449449176 0.20325060718857044 0.02200541631905362 0.023863473026113531 -0.0034685488075283243 0.1441762936020152 0.047090307770898711 0.059086092740037843 0.070766369948461777 -0.31462219956787518 -0.01470137271718506 -0.078607297906556364 0.096394790884846565 -0.2504346419622962 0.1028495608086188 
-0.69201938962765486 -0.0447446804080203 0.21830434222739709 -0.082616258179527877 0.23813492738748038 -0.063516595493831443 -0.022670731453180118 -0.089827422669570806 0.2489526737584363 -0.032773819622119831 0.24467166573142965 -0.0099698974320942425 0.20706402128547349 0.019402244548771486 0.025472942983086902 5.0730287948806465e-05 0.14844242982856101 0.0502527805225427 0.049894500714968266 0.074564961510992428 -0.31573065824672009 -0.012641353124105628 -0.085560015175712031 0.093926558250457912 -0.26495670941356558 0.097892751808556625 
-0.69437340108868417 -0.040003837908288306 0.21863046083629226 -0.08226044738140656 0.24198178175642521 -0.056033348899400863 -0.013186874372001643 -0.093770894193838744 0.25136596008762752 -0.026825016230119084 0.24021987867892819 -0.0052609685093638866 0.2035274340681649 0.020037798617191609 0.018467457081778549 -0.0071796841668467599 0.14491055247079493 0.044575743960282431 0.051596052285786329 0.070220227222808851 -0.33021591549046325 -0.013503157518072189 -0.083179399896639167 0.092115317949654205 -0.24974398641800935 0.097888267057399572 
-0.68951736945145103 -0.038792693217499251 0.22932307123352386 -0.078235358382294881 0.24298139169663122 -0.055099938294303617 -0.017399805859148559 -0.091945890965291585 0.25159051405718602 -0.031837597556179632 0.24451774616866687 -0.0058034698017341039 0.2029020354743975 0.01753256490475668 0.017176910903644128 -0.0051412386483099927 0.14494321793950718 0.040982213590938843 0.048981840650115203 0.065981523419598065 -0.31698522175667382 -0.0095210449812794962 -0.092956615503669252 0.094514144165375735 -0.26555771555272933 0.097366785766223277 
-0.68187282648006187 -0.048347149663524422 0.21914820893924755 -0.088574991030754238 0.24385770594304579 -0.060522457148383571 -0.027973916378133921 -0.085285236145938928 0.2503347659853285 -0.037494018960495291 0.24833416920105655 -0.0090506129277996908 0.20485766615645015 0.019542507429932462 -0.0033558628745878312 -0.00099098353096939169 0.14226247499224734 0.053967594497154665 0.082299910587929737 0.071893556847487078 -0.31040136252474987 -0.0038788600383641769 -0.082124623391250151 0.097684226802008056 -0.28536631015652114 0.091056423869647338 
-0.68948453805338294 -0.052684512250265596 0.22116766480425626 -0.091135492628668546 0.23998923848502779 -0.06593030817296372 -0.022043793330263264 -0.089992784217328051 0.25177302913617605 -0.037779176054471876 0.24342562988009062 -0.012901660596441787 0.20676347595952346 0.019995267190728392 0.013143850100767995 -0.00062933378864253608 0.14113197121408985 0.054528526414223059 0.052914302513029428 0.08136908851843995 -0.31091971873109092 -0.011435416267947546 -0.085713205217322397 0.10248063600810749 -0.26214790676090177 0.10411516584523067 
-0.70111356210162257 -0.046501024935098348 0.2127786398364595 -0.077136511605490385 0.23309000933158497 -0.057759940488630875 -0.0083330162667333545 -0.08792928846002436 0.24268028071971143 -0.032407941903636155 0.23869696772098647 -0.0081377629523619651 0.2104312239996998 0.016587563416757194 0.019884636309497983 -0.00064804009504476222 0.14978073813413817 0.044878726620715861 0.060163409763590796 0.068129260734805158 -0.31662699062450622 -0.011759363003064327 -0.076715512595081733 0.093076950867298766 -0.26471682422772497 0.099607371803774533 
-0.69675992946858267 -0.054740437018399875 0.21462251087027515 -0.087862427641391613 0.23646500368969894 -0.06521451971913178 -0.024932093719537265 -0.093768400675481978 0.24822090997478877 -0.038449363923948092 0.24329824699902905 -0.0040455497165985763 0.20900165971737447 0.019783067548430795 0.011156881645397928 -0.0016256414859759664 0.14617921137091552 0.052071599735291886 0.057107024368682945 0.078047181834469473 -0.30942306132076641 -0.011697599773601849 -0.081710872452672764 0.1005171948012348 -0.25322549167460445 0.10698489603510344 
-0.69224560536810353 -0.043616816771065166 0.2233499432791958 -0.079571243282312076 0.23936497469776669 -0.060369969302720566 -0.039653714294960785 -0.085823410685620813 0.2509244022713743 -0.03254948047532525 0.24405850097760262 -0.0060618872407628118 0.21278681195068891 0.020097214046411665 0.01240899454253095 -0.0042977532837938526 0.15057192584424933 0.048009628887618519 0.055332037156863696 0.071137947936473989 -0.31723811777940325 -0.016328956223258091 -0.087085074660210371 0.093088831715198578 -0.25257507861759382 0.096285894679155909 
-0.69665716557164603 -0.048090586175621758 0.22046715943099271 -0.08529230189324824 0.24105269510116253 -0.061494625732846232 -0.031712604937776591 -0.090967466744771075 0.25058707319283946 -0.033441152032633613 0.24209635215074049 -0.0060602563237819266 0.21430379271292249 0.017332714120161012 0.0082849339239348414 -0.0035809891288863006 0.14570428298047525 0.050095397164194679 0.051000616801119246 0.077682706439677202 -0.30502640214723908 -0.0098255251884545782 -0.085368117193335688 0.095935093177606207 -0.25473261644418921 0.09770699231860408 
-0.68543106046336033 -0.050210404534484644 0.21691414605147688 -0.091535611714928619 0.24637107290287152 -0.060838457375203533 -0.039383283636771654 -0.093565519753887702 0.25253746882900574 -0.034526664574544709 0.25003473118739028 -0.0078428788141345369 0.20946220443962524 0.022211502682731768 0.019361379693293053 0.00031830720170231071 0.14748177066405035 0.05127377747568148 0.038615882940545153 0.076615746237378754 -0.31962534664248637 -0.0099751292309534518 -0.081478147305321172 0.09531773660280779 -0.25486081866031862 0.10275759579783549 
-0.69402634263478713 -0.051004650415744389 0.21315563538266458 -0.091508811686003902 0.24051409003580707 -0.063858302398499447 -0.029346046611683309 -0.091282255355627465 0.25023724960397853 -0.041600600758513059 0.24371988895500302 -0.0022698805342842936 0.20929421660707506 0.027424616306203058 -0.0042118590516185776 -0.0059077491213391812 0.15510533157860507 0.053279527139096151 0.0598616384589645 0.08366049502949803 -0.31199552160059496 -0.010216663161548066 -0.083640694450736658 0.097080219429924758 -0.24866758627267746 0.096204055526839138 
-0.66440095191297288 -0.049978625091981491 0.23642932327113714 -0.085344209496010057 0.24926405682391403 -0.060158847339385972 -0.060880091552133919 -0.1035119448769148 0.25237036049223993 -0.030234572423985771 0.24673782390506072 -0.0086567226694862828 0.21829151951375367 0.016670450214843008 -0.014083862552499419 -0.0039562934266661569 0.15735313830724779 0.045646704482242444 0.048219419592687794 0.082664382724045693 -0.33450349447396038 -0.017239029374872671 -0.090391762123070415 0.10713522481469953 -0.24440547929140458 0.10696348246347323 
-0.69449642914265008 -0.040351376955494532 0.22311632573776949 -0.077889556386629144 0.24291832709975431 -0.057071547712197405 -0.043058174450614259 -0.089568146742432575 0.25230540726521927 -0.030895410088232805 0.2461911896906557 -0.0063024520259805554 0.206410104309529 0.021273865643235822 0.0099618596547529931 -0.0059947753421598039 0.14979262659546866 0.048070427250204412 0.050144868346597468 0.06984569776601128 -0.31420071399642152 -0.017330610980287958 -0.072483084106292381 0.092719811624524223 -0.25660230700376913 0.093494073949438483 
-0.68863489532258004 -0.049839778702270819 0.22079299413962875 -0.093718215216645973 0.243416861570937 -0.065985846504300227 -0.024901850186475786 -0.088787098397742015 0.25442731884812114 -0.035465909558270378 0.24722770414595274 -0.0091727641929697633 0.20927570939632478 0.022045376549084776 0.014540054090814552 -0.0012225105306878593 0.13945630730576386 0.05354314860624336 0.038419638964884345 0.077794992239294813 -0.3158872451301924 -0.011572332816428903 -0.083753610754848232 0.10097899679254715 -0.2543789870683304 0.10140194173214628 
-0.69578209382768652 -0.047704528785617095 0.22366721907116999 -0.086908369761217658 0.24529070764587455 -0.062312502010251826 -0.027043928399801052 -0.089826470165636316 0.25348421115555986 -0.034221321939070848 0.24339371751537436 -0.0039085360966488762 0.20417915136607809 0.018762010451929132 0.0035934730833616772 -0.0030480134619768843 0.14665225699502332 0.046088251582145842 0.046514642906063615 0.074135743359529216 -0.30785657036000363 -0.016410745905175692 -0.088903093397720165 0.10055539018934417 -0.24718969375329475 0.10479909254264706 
-0.69762440611583521 -0.044916755198867744 0.21692150947482464 -0.081132897245151103 0.23551528216959824 -0.059702146266831617 -0.027375853935720638 -0.093331479334386555 0.25065163336743856 -0.03482712954824551 0.24679847784547917 -0.0048120257325922448 0.21362301838292 0.019970900689328164 0.011804578660654102 -0.0097460759512678699 0.14592596697769436 0.051589735565115841 0.052364033128802001 0.074532127306904172 -0.30808138911739713 -0.014151773253221856 -0.088816911505436608 0.096003406880253411 -0.2517059393330221 0.10052411208896299 
