C:/Users/vmc04/Desktop/Wing saga/Lab reared wings for landmarking/13/13 landmakrs lab reared txt files/APRMC 13_Format - {Aligned specimens} - 1 23 26 0	from C:/Users/vmc04/Dropbox/Homework/APRMC 13.txt - TPS like internal (simplified) format - can be converted to other format by using TET	
-0.6962769332259946 -0.021955400261629943 0.21212215133643961 -0.096498850398006625 0.24320020083481847 -0.067014940467922932 -0.033731157975493531 -0.094891167355593123 0.25480232033902395 -0.04141409379087177 0.25296847269641021 -0.014442052229457157 0.21433208794364528 0.016836211804474453 0.0088716339076934624 -0.0064091307008366872 0.13850031372574986 0.046773587818547728 0.041343608438814794 0.074484263835028361 -0.30776698273641795 -0.0027143484673725952 -0.091159485238384519 0.099197688576211002 -0.23720623004630556 0.10804823163742899 
-0.69684196672428844 -0.020718972974548534 0.21172083470159467 -0.092147859948050054 0.24765922563603238 -0.063872455049282142 -0.029031955627229777 -0.090217309771211673 0.25315291037925541 -0.039104795101250527 0.24384587818536332 -0.0071506984346140614 0.20678296534258861 0.016070803446588729 -0.0031583957951020654 -0.010023361933980977 0.14549626971024729 0.043215479095605927 0.05905083822137553 0.064285825251527859 -0.32071963001039383 -0.0021531379468479523 -0.076899352913566449 0.093715835851550702 -0.24105762110587614 0.10810064751451223 
-0.70092663781022801 -0.021482888848802811 0.22663698939141594 -0.08123004058769423 0.23962243182215667 -0.057996035783059001 -0.033553251956547354 -0.091451374287585832 0.24583744681604391 -0.03868798536845694 0.23613451570420918 -0.013418173229184135 0.20975387867900352 0.0076430877081190667 0.0024999152034143137 -0.0058509761297719683 0.1478939918642575 0.037491021055100028 0.062050121618134065 0.065721622977715471 -0.31951108823566821 -0.0039542201965460351 -0.075677888699871021 0.093055528559987555 -0.24076042439632023 0.11016043413017865 
-0.70070893703279225 -0.020115606289448244 0.21898751282600459 -0.081857839424492831 0.23794630553353746 -0.060073326666763016 -0.02850438276348195 -0.085476360419898464 0.24477633163105675 -0.037022826142496655 0.24301025659968373 -0.011558260226707391 0.20521109674454341 0.012611355805533546 0.012386825797094261 -0.010996640799217063 0.14627489907344762 0.03772322213342396 0.063051690646936498 0.06145170597160346 -0.33172303259545377 -0.0017494567999204764 -0.071012217004990427 0.093394113815388799 -0.23969634945558635 0.10366991904299432 
-0.68877724339668689 -0.018714568524907767 0.22720705311158432 -0.086719067766248367 0.24730607952155759 -0.063855484323865494 -0.065189919346592545 -0.086227078065082174 0.25504596015111219 -0.040160577761868023 0.25063137200001578 -0.014418901202190719 0.20792389962959854 0.014021421716097974 0.019850681685249765 -0.0043042574408458109 0.1471767859674305 0.039249988240813084 0.046921341207876326 0.067381878123907737 -0.30597738747998804 -0.0019323293801396851 -0.086368461379745409 0.09232724185451413 -0.25575016167141151 0.10335173452981443 
-0.69521893932746948 -0.014510810155547183 0.2233131007780666 -0.086147911307069738 0.24563403099261227 -0.056837042794593375 -0.035271079122903171 -0.084577859471832134 0.25190815651454473 -0.036633223673757695 0.24199374858857772 -0.013363206169599047 0.20505598799739247 0.011761971916392982 0.0072178252146507344 -0.0066942216160913066 0.1461794694601285 0.036872812003254055 0.062821895617216142 0.062904063381466313 -0.31879017659364295 -0.0016901371281947838 -0.080332608054311375 0.089565099540891202 -0.25451141206486211 0.099350465474680114 
-0.69230656729171358 -0.026594417757205564 0.22302497433783047 -0.095059168613870662 0.24137996099826917 -0.071104279196064615 -0.0065229803022311605 -0.10199654372780036 0.24996976942827137 -0.046383498672240925 0.24625515758685898 -0.01858146496340848 0.20099656077321879 0.013385844218492661 0.0048328538384184525 -0.0053905024819384806 0.13251068441823199 0.047930676670930886 0.044774301554856663 0.077939036185441915 -0.31166790379806247 0.00068936749874879192 -0.079427582198788746 0.10748194701503956 -0.25381922934516044 0.11768300382387474 
-0.69340603949327673 -0.023957157554877512 0.21985531770774033 -0.087904722476671693 0.23908676816253954 -0.067541038212222348 -0.036207044336908092 -0.090543645088590058 0.24770451969350019 -0.04135660385916036 0.24445402384331927 -0.015871795419168437 0.2123041360328074 0.012389127951918726 0.0056898243943504919 -0.0061278189182860524 0.15193359566378203 0.044886575404067493 0.057912487521704858 0.069937273737547184 -0.30895299131910886 -0.0010753631162302804 -0.084466210239419012 0.097928174672280335 -0.2559083876310318 0.10923699287939287 
-0.68967576564304711 -0.03824162170883362 0.22072546047849095 -0.095992238292139306 0.23911468912384676 -0.072702889444533167 -0.039886767958678217 -0.0906897590680351 0.24669802421839232 -0.044668816187402607 0.2432469137836101 -0.014367512191544677 0.21084752217762712 0.01360715221567085 -0.0071125120025945943 -0.0062630003753150658 0.15243444702827569 0.043981612397320395 0.060575207323164799 0.077441524288956565 -0.31626441899882268 0.0010187487590840284 -0.078031873205761104 0.10521967309997902 -0.24267092632450332 0.12165712650679313 
-0.69244778051491784 -0.022629184986119624 0.22493727599150296 -0.08928573608356985 0.24583733760045001 -0.067731564948994308 -0.039672304458934958 -0.094778159884770757 0.248476096042925 -0.041123493523001556 0.24496519156627883 -0.01112592129096391 0.20684446766825376 0.017902872068961191 -0.0075630995544586858 -0.0092459357897471499 0.14741796006184613 0.044643507335536098 0.053726653298194385 0.069222968264352633 -0.32096426125843325 -0.0068883661838136335 -0.073224742747948407 0.097100877246263137 -0.23833279369475713 0.11393813777586748 
-0.6912645366820821 -0.029929976372477074 0.2230146964147369 -0.090549985423512711 0.23991324203193071 -0.068409444649104131 -0.041999804291952582 -0.091501806402535912 0.24810534262956699 -0.040624888096149836 0.24198048414754442 -0.011923966499943442 0.21392200452440749 0.010993023121311373 -0.011030630269466955 -0.0050187040657729302 0.15569839212144693 0.042917973228121797 0.056870976987934294 0.072797364292505856 -0.32015279461012386 0.0011652943131825765 -0.073412364194169091 0.10015626293361499 -0.24164500880977294 0.10992885362075976 
-0.69400104308104571 -0.030025850634918218 0.21391513040137486 -0.088872386287011523 0.23399471547421824 -0.069739479478069216 -0.026112272620123049 -0.08884748571399706 0.24498704926074449 -0.044617281918534535 0.24334867557162848 -0.016882188927632866 0.20941766150927729 0.011632521457069738 0.023317327187923814 -0.0011843072999512577 0.1489883934758324 0.04194094042858152 0.056266485069152668 0.073028976793894099 -0.32287015258804752 -0.00090442388825075334 -0.079211371408638251 0.10168729610388258 -0.25204059825229869 0.11278366936493767 
-0.69499618006038755 -0.02854628069654187 0.21325708299856863 -0.094701189533864333 0.23017774572945982 -0.075782181645827965 -0.02565361127753352 -0.088994576480900006 0.24799405127032126 -0.043046596086676263 0.24893493185410864 -0.012742604090958429 0.21279772615034276 0.015757048063850126 -0.0054187663942065721 -0.0084231742490387361 0.14875897601690094 0.052434069497962546 0.057429843399882809 0.076891793564664038 -0.3186796385616501 -0.0075636565465181764 -0.070783370188451905 0.10078359345908179 -0.24381879093735428 0.11393375474476714 
-0.68610638299992432 -0.02813175851895337 0.21569921443237661 -0.1021270399881521 0.24395951318615866 -0.072406634951144688 -0.041826007044139614 -0.087715840050818644 0.25412073283464709 -0.044904355910585239 0.25055354533923052 -0.014335001654855935 0.21030820263173738 0.018639571803554938 0.0039423290291899426 -0.0034254091814321505 0.15400004780439971 0.047405217032818678 0.043692793651671599 0.078783289949755447 -0.32151760740161317 -0.00065565045456962524 -0.091120478553188014 0.10464883789132591 -0.23570590291054619 0.10422477403305662 
-0.68722403834324364 -0.025511519405105234 0.2247152102858247 -0.093548289193147602 0.2458454335931638 -0.068050623287291834 -0.043475428117247292 -0.0907759798307579 0.25236090312279397 -0.042933186099040517 0.24362884755518049 -0.015918378161992531 0.21136128309815189 0.011917900638682479 0.0078306300953926607 -0.0016932851999525871 0.14486588358726657 0.043738563690849948 0.050912547573698216 0.072837555501174267 -0.31135345369977796 -0.00082117621577911751 -0.083152264913628926 0.10060621840478592 -0.2563155538375757 0.11015219915757454 
-0.69336374929005173 -0.032089478178171864 0.22130463933364969 -0.088854115730523389 0.23696591816385817 -0.069984208400970555 -0.035902262341574148 -0.090811233060027502 0.24746433080843561 -0.044279873682782619 0.24521829085889468 -0.020108043370949642 0.21495462928829301 0.0094711432431465303 0.0095108833760455588 -0.0023044746644147098 0.13801886829702922 0.046555543532427267 0.053750573903895635 0.07634103389650411 -0.31797003217512176 -0.0013875150144651357 -0.074340240627141257 0.10170625420481612 -0.24561184959621291 0.11574496722541124 
-0.68730375253653309 -0.018638455996596713 0.21751535912332745 -0.091673436980397593 0.24775718692793833 -0.060497341000627154 -0.042655108924911436 -0.089505102653733321 0.25173170237741566 -0.038176361021514268 0.24511150268201506 -0.011357365358430731 0.20582326644314183 0.013325354756494507 0.0070002644956424489 -0.0073004140641263716 0.15425708206208355 0.039719490942183446 0.05495831338216093 0.06737200064778455 -0.32296201771332722 -0.0057623231851899317 -0.075325258843927476 0.095674834418434426 -0.25590853947502584 0.10681911949571908 
-0.69275907909284695 -0.023556208557831804 0.2161757465304939 -0.091233301337070194 0.24364033550772682 -0.069206509219095311 -0.030908727243491425 -0.087949225298095735 0.25680128984232325 -0.04059923993382223 0.24631408545493252 -0.016125348415688228 0.20773311085292656 0.01398760530687192 0.016352777425797133 -0.0053748644367041356 0.14148628192851948 0.043471377792049376 0.041562104775231749 0.068137107082544501 -0.31506849118219554 -0.0028102665999585985 -0.080187599150862779 0.098869814469680239 -0.25114183564855441 0.11238905914712 
-0.68574894605974324 -0.016032957760237287 0.22674713856288387 -0.090424756606894918 0.2492670491005117 -0.063127934808036301 -0.042413409377947187 -0.087973503400899045 0.25358610457051062 -0.038677078091825363 0.24946817316302175 -0.018069577844043939 0.21232511069230436 0.0090988780904535868 0.01419286020167119 -0.0063301554494766014 0.14218437465226469 0.041611238374638038 0.040400303849461403 0.073409703817268385 -0.31344106690438128 -0.0027627592769065624 -0.091645305415640588 0.097219423890074319 -0.25492238703491699 0.10205947906588575 
-0.68971196062394013 -0.026694985197096024 0.2334892905837217 -0.085813555920658105 0.24220812735016992 -0.068927604062532219 -0.042405062671203655 -0.091375154858800586 0.2502790972864482 -0.045221301513176215 0.2451982241253009 -0.015882404127901869 0.20931779504858936 0.011677817636812053 -0.0055232517251635038 -0.0087299875135468854 0.14664482149199137 0.043574900577103982 0.057827170285677701 0.072988494001743787 -0.30701647727984821 0.001628481485995741 -0.092589592751765037 0.098844736185262475 -0.24771818111997768 0.11393056330679413 
-0.69168209530986902 -0.029785329949969009 0.23123973455146199 -0.093728511090106909 0.24551215712682059 -0.069687559284609651 -0.032806155315189739 -0.093223672168185126 0.25376612950813909 -0.047104106633302417 0.24325242621557414 -0.015832716751485863 0.2017007399511192 0.013068290945112941 -0.00053543985234167008 -0.009931846061995285 0.1423271100144714 0.045740122286489306 0.050736358194316523 0.072815363921032536 -0.29896827584845381 0.0040552880402122994 -0.093452294944036299 0.10357152253506055 -0.25109039429201246 0.12004315421174623 
-0.69080701234244712 -0.021268380447617335 0.21768781413719057 -0.088807563735826836 0.23993590487272928 -0.065802656834389919 -0.049376395736570808 -0.089697284953198397 0.25182097240072665 -0.036697195634864718 0.24975420795793504 -0.011284488223203803 0.20996968248268918 0.015080548387324791 0.00027221682805707873 -0.0081862035894550659 0.1612568161063353 0.038892261453166301 0.053276753107446756 0.072501488599290315 -0.32044519447204622 -0.0053997540295557559 -0.083430363008017996 0.095369284454924069 -0.23991540233402731 0.10529994455340602 
-0.6910270282828862 -0.023078724017170853 0.21636006827586915 -0.091738143662084354 0.24016684784234579 -0.066198726350739395 -0.039099196380121597 -0.088243181749509431 0.25154367320801413 -0.040217958172889853 0.25049054437287444 -0.013795839128535967 0.2110607785795032 0.014188050658797136 -0.00051980649836841375 -0.0055801598673215777 0.15329175051935773 0.04162833331834729 0.054361198720490403 0.073517089862886284 -0.31884199658879614 -0.0031387666896449807 -0.082674186472717195 0.097797986017017474 -0.24511264729556517 0.10486003978084868 
