C:/Users/vmc04/Desktop/Wing saga/Lab reared wings for landmarking/13/ARS/ARSFB/coord_Jul20_Format - {Aligned specimens} - 1 20 26 0	from C:/Users/vmc04/Dropbox/Homework/ARS/ARSFB/coord_Jul20.txt - TPS like internal (simplified) format - can be converted to other format by using TET	
-0.6715390800338803 -0.029736088722064517 0.22741523791767632 -0.095470582567226903 0.24667832416593877 -0.069654038249428049 -0.054830577451874515 -0.097310848197192837 0.25425968874313876 -0.038056920022285778 0.24544223065081547 -0.0093075850252368302 0.21507990308583319 0.014106602215789623 -0.0065960945563843772 -0.0079739122712011324 0.15468140310977718 0.047126309205015003 0.053320110010168301 0.075582449745447353 -0.3388962695438551 -0.0060755423644321942 -0.090925340733225904 0.1087036445324754 -0.23408953536412788 0.10806651172034072 
-0.6804985792514705 -0.029331679360801503 0.22718541560838887 -0.088451663788072718 0.24253916809219306 -0.065253893929485302 -0.055450126989678432 -0.098511987859162958 0.25227934855772655 -0.041373420879168538 0.24306992479948486 -0.014049042573318508 0.21491089681746842 0.016719240988065095 0.0045690872651928073 -0.0078297965937756224 0.14803341655782676 0.047639048638590434 0.052405373015101696 0.076358800229490889 -0.3382834112151617 -0.0071487829832281372 -0.078846060870977494 0.10257502518718749 -0.23191445238609432 0.10865815292367983 
-0.67249240759582385 -0.031274669199949638 0.22450799796584195 -0.094586088588556674 0.24466521857220316 -0.06631045785879193 -0.034077021960722362 -0.10470116931558701 0.25165954251420275 -0.041756238390460179 0.24301002895088605 -0.012148165740654021 0.20900495743910902 0.014472275367793637 0.00046483244944394049 -0.0040709093613585561 0.14940787231868399 0.04584255523747393 0.06113917054868849 0.074123865425714891 -0.34146078694523196 -0.0023498558855928071 -0.092548028623307757 0.10704430959459092 -0.24328137563397237 0.11571454871537716 
-0.67314339490665431 -0.032620389149960176 0.22044198419170291 -0.10200964938233155 0.24415954312536334 -0.070165333541065161 -0.044560412892365703 -0.10420415540466517 0.253035683819957 -0.043651105671115159 0.24732264729034659 -0.012191573202542931 0.21243309112672804 0.016346087229508352 -0.0034735211278119744 -0.002713269593993295 0.15648459816470719 0.050462407018938699 0.048271711764974294 0.081907260972310519 -0.33177609689291915 -0.012528215679807494 -0.095714491757596332 0.11233214197983159 -0.2334813419064313 0.11903579442489226 
-0.67150012037461682 -0.030605044586624958 0.23420517815717967 -0.090552192018673705 0.24865059179916901 -0.076593567773014209 -0.046885425645100363 -0.10043374189452817 0.25321246592688418 -0.049983819669923608 0.2405920861700411 -0.01495004753936844 0.20434219325084169 0.016464969389602308 0.0057874983679344219 0.0022948314826054298 0.14805136673840219 0.052411400579760334 0.059220497873871895 0.077501281931105462 -0.32925250150096103 -0.0027205298343127744 -0.095268056222633637 0.10946457645758158 -0.25115577454101168 0.107701883475791 
-0.67322303168419828 -0.031573651740426589 0.22429525148989984 -0.10212851373856466 0.2499429650317834 -0.070702710787237139 -0.044764980370067819 -0.10238943541220662 0.26251546630866102 -0.040929641731620454 0.24914899421164835 -0.0076137368262838602 0.20641291769463091 0.018040455941143656 -0.01970626571774154 -0.012336628424474159 0.14261626081497122 0.049828790205462527 0.051631361301322357 0.078000959169720968 -0.32767495763854426 -0.0072832963235360424 -0.083140391284409698 0.10889607626138786 -0.23805359015795555 0.12019133340663382 
-0.67197227777219926 -0.027225240101574202 0.22960122600553948 -0.096075256455728855 0.25263052732939539 -0.066504509666723485 -0.031362800772524492 -0.099654205628612005 0.26254525701892684 -0.033963747205720214 0.24517729615279771 -0.014652469515438698 0.20763513649841311 0.012515307903824409 -0.023851040452735103 -0.0065419821893683856 0.1451960717486612 0.042139751571162863 0.047153331903818298 0.076115313697254439 -0.33610489334468674 -0.0033840274432049718 -0.087803305035088736 0.10116364489790343 -0.23884452928031821 0.11606742013622595 
-0.68449200370053487 -0.044118280112517519 0.21211303266257941 -0.10260930747400597 0.2345648552192629 -0.075730325377423871 -0.074012846144112826 -0.091953322003654359 0.2526771991295842 -0.041472290590407496 0.25132184552233455 -0.0095458347553581315 0.2200247186580456 0.0168199039523854 -0.006421380110027756 -0.00092096609578573238 0.1556353464827239 0.051564137811664759 0.057256169772997231 0.085693245044376073 -0.31756665878940549 -0.0080716748225673207 -0.067678309775739215 0.11071783248906213 -0.23342196892770775 0.10962688193423255 
-0.6868481425428099 -0.037259499803930174 0.2176067913547953 -0.1078593686977927 0.24968590601096183 -0.070447697503764409 -0.042741989379841673 -0.096177325550297177 0.25884138757784364 -0.040798306941374582 0.23705764616284966 -0.0055462954943704236 0.20662504170288004 0.019173788536307305 -0.0091746828155739382 -0.0026081063647076974 0.14635306473480578 0.04588030545409328 0.05869472546712292 0.076899610837007193 -0.32250811475093427 -0.0050658010881450676 -0.085184489107359762 0.10701742523476421 -0.22840714441473939 0.11679127138220978 
-0.67267458965052684 -0.022763236626502596 0.21944937720030067 -0.10439782602964381 0.24892181911794009 -0.068336384828403762 -0.047369688123242548 -0.095790197481885331 0.25831193861353147 -0.037798601921874043 0.24869660357573506 -0.0080035208714606641 0.20970625021086814 0.019616876771212224 -0.0036612212110386814 -0.0076766694004431861 0.15383170355974488 0.044760899503790141 0.053194875907298052 0.077475471987182146 -0.32301738519850581 -0.014864839350509482 -0.092236707276661681 0.1064650082902218 -0.2531529767254429 0.1113130199583168 
-0.68507101836122253 -0.038138050707398619 0.21680806375874676 -0.097964973112914105 0.23920600735576014 -0.073147690448876035 -0.04147043124727922 -0.089423302484557765 0.2467697785028877 -0.042147438580437825 0.23880897622876532 -0.013047257216875725 0.20243839356244439 0.016175161581840149 0.019687115261545506 0.0042861095283088018 0.16342844444582233 0.041475201935650359 0.057163706178752605 0.079739983772343911 -0.33506858769364412 -0.010578061026772237 -0.085642747163853228 0.10745349185867535 -0.23705770082872618 0.11531682490101404 
-0.68199352032415517 -0.034095413403263712 0.21685992997987136 -0.098534945925709119 0.24413374180080868 -0.069891413800446681 -0.036177038708441488 -0.096557828350444519 0.25158974059337363 -0.040523820896933106 0.2434735635243315 -0.011851251270864288 0.2134138510934539 0.014715922272305693 -0.014515680608513843 -0.0070388693342883059 0.15434131677298654 0.049800503899732 0.059521118798535153 0.080313714847275466 -0.33196417132663741 -0.0071323028409547877 -0.089448375552657361 0.10768625417095445 -0.2292344760429553 0.11310945063263673 
-0.68758766033133567 -0.036166659939001811 0.22254785521322759 -0.10007160868880718 0.2420681693534199 -0.069723913043524266 -0.025255912720194285 -0.10228608454224052 0.24640844714100793 -0.042322126474947819 0.23962514179743266 -0.0091456799161800332 0.20378661072810503 0.017932268594527619 -0.03056770468138853 -0.0091514445400696816 0.15208323601065776 0.046185528861543729 0.070781740555016279 0.081802120664353981 -0.32314962970560884 -0.0069484979344155168 -0.075425888755631429 0.11298603063620609 -0.23531440460470646 0.11691006632255507 
-0.67289955530078671 -0.027392014647132527 0.22053329896934953 -0.098683673459148774 0.24070843282990187 -0.07418035951382379 -0.030169349161963732 -0.095674244468407318 0.25621732605189218 -0.038261257731539371 0.24783279444940851 -0.012964285328764688 0.21172264758261375 0.016767490886786279 -0.002833099814585004 0.0019165294025964823 0.14894873460206359 0.052223719017499025 0.048058513803478475 0.076866772684191745 -0.35279098434039663 -0.011809988818265489 -0.083628970235168479 0.10089993723003361 -0.23169978943580652 0.11029137474597459 
-0.68193319400647701 -0.038855519621748526 0.20826312729125335 -0.11093051698239219 0.2430853185013232 -0.07012069768883801 -0.048328171122044149 -0.099740428001217421 0.24891736089122363 -0.038716456017198191 0.24105793362706618 -0.0066950656358113212 0.21132196062177708 0.017385485275688749 0.016406613389426433 0.002209605969265757 0.15527452131640776 0.04979358363428852 0.060132794653478566 0.077949938896830412 -0.33268187810279609 -0.0081781121859862242 -0.088764396771943435 0.10805950554577455 -0.23275199028869584 0.11783867681134393 
-0.66945282660028604 -0.027567568579610804 0.22521145456774408 -0.095649556435470393 0.24453062013349372 -0.064026651654220432 -0.062137662833669838 -0.095988479539214647 0.25252447302154896 -0.036897685408267329 0.24694604396426073 -0.0086000013587637977 0.2153231391830108 0.010719164206986039 0.0093921158089225916 -0.0022884829990152647 0.15319613496091519 0.044829241984775739 0.066165297057888428 0.073351532118437424 -0.34019318932771919 -0.0081122492916483949 -0.10005850230744223 0.10096090582217304 -0.24144709762866773 0.10926983113383884 
-0.67480294876185865 -0.029989635634041209 0.22067029041192759 -0.10501778688045335 0.24941043051440298 -0.066364291271308634 -0.040976402106742089 -0.091015183029099403 0.253587626116419 -0.040065778879228388 0.24482148486382235 -0.0091341256221764682 0.20999215494730658 0.016223091857258613 -0.0087356332000007152 -0.009104455332572153 0.15246785679654529 0.045978126473504091 0.05995241596794168 0.080101573839825885 -0.33395179573766171 -0.0083981296109279183 -0.09126403028652004 0.10412044855141797 -0.24117144952558253 0.11266614553780066 
-0.67871987936451472 -0.018684433929447235 0.22433440761206708 -0.093517519509957514 0.24709139016704987 -0.067219318015738883 -0.024395224344094728 -0.099901977773521958 0.25695734373863144 -0.038190005749748811 0.24082954144031038 -0.0082054326737400797 0.20017414711738865 0.020008530932650943 0.010132992910374068 -0.0040118174116073142 0.14798541845875043 0.040261822095364656 0.059849473129546256 0.070174609418693232 -0.33470897829507062 -0.0032247494304243531 -0.097465516245420714 0.098022822632355608 -0.25206511632501805 0.10448746941512133 
-0.67809691228220514 -0.025350670355682638 0.2276966347476046 -0.091710209086131048 0.24284313623802722 -0.063359302592097974 -0.045424958808331709 -0.092085067718638308 0.25172697837992769 -0.0395828924373577 0.24254889437546967 -0.012992877267235057 0.20789169154410597 0.018676172593512137 0.0074171926805476334 -0.0022654296752421003 0.15348439955715418 0.042321671781826699 0.060673279939307712 0.07120953655689756 -0.34343053025839121 -0.0075526634984082333 -0.08648694901374579 0.095613507574126524 -0.24084285709947015 0.10707822412443034 
-0.6683894956164681 -0.026482371171214669 0.22369323380642062 -0.093472241830425809 0.24337562087381087 -0.067247917600371493 -0.047384310030960219 -0.093874472817933249 0.25440512914147462 -0.039037498890969045 0.24497261287007971 -0.010684807002895908 0.21674476813972079 0.015150414744078826 0.00731898575039061 0.00059726059121463016 0.15241583735094469 0.042440355308651839 0.063298442623246839 0.070865616291569553 -0.34360313574292001 -0.0053887123611959234 -0.097436037991156049 0.099788833399833743 -0.24941165117458458 0.10734554133965697 
