C:/Users/vmc04/Desktop/Wing saga/Lab reared wings for landmarking/13/ARS/ARSFC/coord_Jul21_Format - {translated and scaled (first one is consensus)} - 1 20 26 0	from C:/Users/vmc04/Dropbox/Homework/ARS/ARSFC/coord_Jul21.txt - TPS like internal (simplified) format - can be converted to other format by using TET	
-0.67577272106380237 -0.020195184365574 0.22091549223699827 -0.10649280164216443 0.24291292409181553 -0.077857091535301834 -0.053466675514211894 -0.099464036434116346 0.25228461103587968 -0.046878459692423165 0.24668763133317481 -0.015379178574874475 0.2115438052929344 0.014037505443993455 -0.0080400262992344658 -0.0052265177188050077 0.15114848943118778 0.047879708297558325 0.06016502868256534 0.081071099557785423 -0.32993144036410321 -0.0011914858401107823 -0.082883359533079751 0.10957664734598031 -0.23556375933012427 0.12011979515805242
-0.65038720050149246 0.18576771993394414 0.18496699700319449 -0.17335651450732295 0.20578579320268839 -0.1525377183078292 -0.083075004065287478 -0.084876630659474567 0.22660458940218214 -0.12651422305846208 0.22660458940218214 -0.08747898018441122 0.2005810941528148 -0.048443737310360481 -0.0024021687922492711 0.001000903663437224 0.15373880270395399 0.001000903663437224 0.075668316955852272 0.063457292261918416 -0.30947941273478219 0.09989018561103262 -0.041437411666300189 0.13111837991027311 -0.18716898506275645 0.19097241898381764
-0.67150685858227233 0.089386125487026971 0.19500873648316941 -0.14168469986375762 0.22167075479287532 -0.11946635127233617 -0.053836767740752252 -0.090582498103488021 0.24611093824343913 -0.086138828385203633 0.24166726852515494 -0.055033140357213475 0.22167075479287543 -0.021705617470081037 -0.016065575135335561 -0.0039309385969438131 0.15501570901861061 0.022731079712762153 0.063920479793782126 0.064945942036463172 -0.3182351159786691 0.053836767740752252 -0.073833281473031642 0.1271573180924436 -0.21158704273984544 0.16048484097957591
-0.60805835748721559 0.27665214369086571 0.15119808130882725 -0.20287823870663493 0.19115894650861912 -0.17790269795676508 -0.0910646639649101 -0.068010318657337893 0.21363693318350202 -0.15292715720689529 0.21363693318350188 -0.1179614001570775 0.19115894650861903 -0.078000534957285775 -0.028625812090235417 0.0069163035922716653 0.15619318945880137 -0.02804945345754617 0.091256783509139822 0.041882060642089387 -0.2983616521888296 0.14677933179154268 -0.026128258015248398 0.13678911549159478 -0.15600106991457147 0.21671084589117823
-0.67242716442427419 -0.10132723084942678 0.22949861614030631 -0.074294033066837198 0.24670156018377243 -0.042345708414685837 -0.040833361685589938 -0.10132723084942678 0.24915912361855316 -0.022685200936438922 0.24424399674899155 0.0068055602809316239 0.21229567209684022 0.03629632149830217 -0.001512346729095899 -0.0054822568929727413 0.14839902279253736 0.063329519280891741 0.057469175705645074 0.085447590193919593 -0.3332834104245137 -0.034973018110343181 -0.094899757250769018 0.10019297080260485 -0.24481112677240227 0.090362717063481202
-0.64173298882601382 -0.18475021087275298 0.24111468198647423 -0.060082960527473694 0.25892428917865729 -0.024463746143108176 -0.033662114692916759 -0.11096755250513871 0.26146851877754035 0.01624392743902384 0.25383582998089049 0.044230453026739718 0.20549546760210871 0.064584289817805576 -0.026029425896267149 -0.011742598148691885 0.12662435003672787 0.087482356207754866 0.024855166081397942 0.095115045004404652 -0.31861582976784097 -0.077892567719656441 -0.097267854664998085 0.095115045004404583 -0.25501008979575968 0.067128519416688862
-0.63019090087439822 0.23708590386573589 0.16726193550594362 -0.18600000611097256 0.20059597689804776 -0.16805090689983943 -0.094282081570567194 -0.068048782723526574 0.22110923313934286 -0.13215270847757329 0.22110923313934286 -0.10138282411563083 0.20059597689804776 -0.065484625693364704 -0.017357370665711167 -0.0065090139996416378 0.16213362144561966 -0.016765642120289154 0.080080596480439969 0.05503075472424318 -0.30710711507400251 0.12169883750845181 -0.035306469876844188 0.13195546562909932 -0.16864263544526145 0.19862354841330784
-0.68570628140163414 0.011561326837585779 0.21089454817527001 -0.11282260327712927 0.23421653507177909 -0.089500616380620207 -0.061195298950669136 -0.094683280135399991 0.24976452633611845 -0.063587297606721327 0.24458186258133865 -0.02471731944587284 0.21348588005265989 0.0037873312054160163 -0.0093686614028712315 -0.0013953325493638129 0.15129391499530256 0.04524864124365429 0.070962626796215691 0.078935955649722903 -0.32551115044443835 0.0089699949601957721 -0.074151958337618326 0.11003193817840172 -0.21926654347145266 0.12817126132013099
-0.61767933748140902 0.27767061909548874 0.16059662774516614 -0.19670711209023337 0.18777451859434841 -0.17941209064075384 -0.081533672547546066 -0.06822980989410031 0.20506954004382785 -0.15717563449142319 0.21495240944353028 -0.12258559159246427 0.19024523594427392 -0.075641961943877151 -0.014824304099553973 -0.0015204414461080693 0.155655193045315 -0.018815462895587519 0.081533672547545802 0.047893905552404567 -0.28907392994129955 0.14425188219950444 -0.034590042898959013 0.13931044749965313 -0.15812591039524082 0.2109612506474966
-0.67439719612833127 -0.10828660604135949 0.23535762333479168 -0.074769323219033984 0.25451035637612057 -0.038857948766542291 -0.032780639243812984 -0.098710239520695103 0.2569044480062867 -0.01012884920454887 0.24253989822529001 0.018600250357444496 0.19944624888229989 0.040147075028939445 -0.0112338145723179 -0.012522940834714983 0.14438214138847943 0.066482082960766756 0.051012567812001017 0.08563481600209559 -0.32964800138441103 -0.0436461320268745 -0.095027021628131911 0.090422999262427889 -0.24106661106826485 0.08563481600209559
-0.63317057004106592 -0.23141720805692695 0.23650729590107003 -0.03290378213535252 0.25305008139453455 0.0049082989925663756 -0.028177271994362693 -0.11089119946168537 0.25305008139453455 0.033267359838505657 0.24123380604205977 0.061626420684444863 0.20342172491414082 0.080532461248404325 -0.0045447212894133516 0.00018178885157650755 0.13252407279929287 0.094711991671373799 0.033267359838505726 0.097075246741868806 -0.31413113552424948 -0.10616468932069557 -0.10616468932069539 0.075805951107414393 -0.26686603411435084 0.033267359838505518
-0.67816260066948142 -0.0018969583235509901 0.21454598639361794 -0.11286902025128434 0.23674039877916464 -0.083276470403888719 -0.049320916412325985 -0.098072745327586558 0.24167249042039696 -0.056149966377109603 0.24660458206162983 -0.029023462350330279 0.20961389475238507 0.0030351333176816017 0.0024660458206162256 -0.0018969583235510601 0.16275902416067545 0.040025820626925952 0.059185099694791174 0.081948599577403122 -0.33045013996258366 0.010433270779530471 -0.08384555790095409 0.11893928688664737 -0.23180830713793196 0.12880347016911253
-0.49638410569034513 -0.46322757513549478 0.23036077914561637 0.06303596215951178 0.23286679598987858 0.098120197979178883 0.027373414760399669 -0.10486716640603798 0.22284272861283055 0.13571045064310791 0.20028857701447342 0.15575858539720339 0.14515620644071051 0.14824053486441757 0.0023132463177802402 -0.0021204757912985533 0.072481717957114444 0.13571045064310791 -0.00019277052648169557 0.10062621482344071 -0.24327640441988951 -0.22014394124208705 -0.13802369696088823 0.020433675807058689 -0.25580648864119931 -0.067276913742108951
-0.66680056123461195 -0.10092116602469804 0.23388079745406201 -0.077493038197536002 0.25210267465296582 -0.0410492837997284 -0.047256736471882436 -0.10873054196708541 0.25730892528122418 -0.015018030658437244 0.2468964240247076 0.0136163477969831 0.207849544312771 0.039647600938274255 -0.021225483330591433 -0.012414905344308055 0.15839016334431766 0.068281979393694459 0.049058900150894813 0.089106981906727445 -0.3179817691413106 -0.030636782543211828 -0.096716117440335647 0.091710107220856554 -0.25550676160221175 0.083900731278469171
-0.64950621971786338 -0.1940250546031298 0.23665177114472652 -0.048322527803620355 0.2533717332364735 -0.012494037607019752 -0.0093705282052647561 -0.11042524414439486 0.25098316722336678 0.023334452589580983 0.2342632051316198 0.051997244746861508 0.20321184696123254 0.066328640825501772 -0.0045933961790513341 -0.0029397735545928392 0.13155486656803114 0.085437168930355398 0.045566490096189599 0.092602866969675554 -0.32704980794845723 -0.088928150026434463 -0.10491316872953302 0.083048602917248776 -0.26016995958146927 0.054385810759968199
-0.69880793034766087 0.031485939189196913 0.21104575239387391 -0.10651243428574025 0.22741844077225642 -0.087800790424731961 -0.04390039521236587 -0.087800790424731961 0.23911321818538656 -0.062072280115845244 0.24145217366801261 -0.029326903359080565 0.20870679691124774 -0.0012594375675679284 0.023929313783789593 -0.0082763040154460871 0.14789395436297034 0.031485939189196781 0.066030512471058442 0.068909226911213664 -0.31989714216224024 0.015113250810814509 -0.071967861003878697 0.10399355915060463 -0.23101683382245031 0.13206102494211713
-0.59062331268747581 0.3311436091925351 0.13426917163004318 -0.20009528725676587 0.16043857539601852 -0.19224446612697324 -0.093404641133943048 -0.06139744729709621 0.18399103878539638 -0.17392588349079044 0.19969268104498164 -0.14513953934821747 0.18660797916199387 -0.10065155294605925 0.0034221528001660592 -0.0064416993885477707 0.15258775426622584 -0.043078864660913277 0.092398125604482378 0.038046287013610479 -0.27659046749577088 0.17151024622008507 -0.012279489459419273 0.14534084245410969 -0.14050956791269872 0.23693375563502356
-0.64468436325042211 -0.17608629508367321 0.23381634138851801 -0.060626202473983967 0.25640635950780477 -0.027996176301680546 -0.042283880069434711 -0.11835624877882865 0.25891636152105901 0.0096538538971311753 0.24636635145478858 0.037263876042926476 0.20620631924272259 0.062363896175467552 0.0028961561691392816 -0.00038615415588524703 0.1359262628716075 0.087463916308008691 0.033016180328188732 0.10001392637427935 -0.3158740995141332 -0.078196216566762844 -0.11005393442729564 0.094993922347771001 -0.26065405522254259 0.069893902215229869
-0.65789155119375831 -0.08573037892658894 0.22980243804173187 -0.08573037892658894 0.24931219604690735 -0.054027022168178583 -0.045772893781373461 -0.1028014171811176 0.25906707504949528 -0.019884945659121203 0.24199603679496648 0.0069409715979951861 0.20785396028590933 0.036205608605758631 -0.0043146580203754026 -0.010130066656533468 0.1493246862703824 0.063031525862875012 0.06396949499773924 0.087418723369344489 -0.33841926385900778 -0.034517264163002978 -0.092108569043665753 0.10448976162387308 -0.26281895158895224 0.094734882621285307
-0.645929416301254 0.14445820603788814 0.20662554346215375 -0.14751267059341563 0.2276474465796075 -0.13116230150206276 -0.097024168234402658 -0.077439660201902835 0.24166204865790997 -0.10546886435850795 0.24166204865790997 -0.079775427214953135 0.20662554346215362 -0.037731620980045434 -0.019943856803738304 -0.0026951157842889915 0.15290290216199348 0.0089837192809632 0.073486823718278957 0.062706360581123166 -0.33293663655249617 0.074385195646375399 -0.059651896025595647 0.12343630292043443 -0.1951263827825207 0.16781587616839261
-0.59348249714594314 -0.30955731578708662 0.24212508521435822 0.0082811511229666616 0.25237793898565009 0.039039712436842768 -0.016759472510765837 -0.11987952101818382 0.24212508521435822 0.072361487193541893 0.23187223144306604 0.10055683506459508 0.18829760291507489 0.11080968883588711 -0.0065066187394736521 -0.017350983305263433 0.11652762651603069 0.11080968883588703 0.02937836946004841 0.10055683506459508 -0.3064025915497659 -0.14807486888923702 -0.11928801022368628 0.054418993093780788 -0.26026474957895174 -0.0019717026483254759
