C:/Users/vmc04/Desktop/Wing saga/Lab reared wings for landmarking/13/ARS/ARSFC/coord_Jul21_Format - {Procrustes residues OP} - 1 20 26 0	from C:/Users/vmc04/Dropbox/Homework/ARS/ARSFC/coord_Jul21.txt - TPS like internal (simplified) format - can be converted to other format by using TET - Orthogonal projection of the preshape data to the Kendall tangent space
-0.0011743357547892141 -0.0021101260465125104 0.0084816610177751856 -0.0030015085808117363 -0.00011076033155792836 -0.0046238874135243095 0.00035628470703254829 -0.0072834385281352731 0.0021615076361026315 -0.0043287286293666729 -0.0039746411608394209 0.0019395536465939619 -0.0054375376333347936 0.0017436519149166129 0.005328866891432334 0.0058198172449334994 -0.0055045203354136089 0.00011278532180849859 -0.0075858927156913763 0.0035481868196603782 0.0043939961629574312 0.00092650331823667515 0.0037811887797366698 0.0030227573671152653 -0.00071581726341021952 0.0042344335650856685
-0.0023552555726983303 -0.00095814977974140289 -0.005168976981405643 -0.0026547683861458753 -0.0045134628049009048 -0.0042106105304246756 0.015081147244388972 0.00078525961128789331 0.0046020006010592876 0.0017980310539808357 0.00096208032963548962 0.0008760229653607635 0.011063411695218187 0.0011100386039481873 -0.0072958991045294509 -0.0008822401525008628 -0.0022820880649516268 -0.00024046982977836157 -0.0076945859423939687 -0.0055299516691995568 0.0067867331371985829 0.0018942849286374096 -0.010189104932220911 0.0043581296303663117 0.0010040003956006543 0.0036544235542098763
0.0069982583448288255 -0.00025110602203738989 0.0046262865803728091 -0.0098381683477981128 0.0074221709530385592 0.0024018791846697539 0.0017940821337891787 -0.0023111333432979833 0.0069789322301225844 0.0038937106691978641 -0.0026576835226599167 0.0043795357464678168 -0.0052236194857250675 0.00091825948121592327 -0.02082145131515058 -0.00081800558425922662 0.00099101901769385039 -0.0040722028441479378 0.0031845793244113306 -0.002135197826014124 -0.002983319119193229 0.00047349334262368687 -0.00051128483078603576 0.0020901672947322755 0.0002020296892574153 0.0052687682486474013
-0.0047214042210251758 -0.0039917137227626328 -0.0011206860218483349 0.0054867384034993916 -0.0024295623805357268 0.0074485141560848688 0.0013682022660169927 0.0029296784542473505 -0.0073401298647365002 -0.004145735707010381 -0.0030587078928826458 -0.0051886812914307152 0.0038215876817653807 -0.0016509197900501577 0.0057915934024870448 0.00032758676478444318 0.0030819670561247794 -0.0018831902322401968 0.0066202981587947345 -0.0016876372593114936 -0.0054947897198515481 0.0037663704637368378 0.00048874227564431934 0.0012276264970844275 0.0029928892600474669 -0.0026386367366320052
0.0072875829849931382 -0.0072189594707401218 -0.00057599343792856875 -0.010167648907369894 0.0031456827487025109 -0.0075968774502336639 -0.0055712638370442151 -0.00091725497689045974 0.0056982251046452615 0.00050970472261435218 0.010722576505390661 -0.0013785483373175967 0.0038311381534462943 0.00048313011434149273 -0.020157130485270965 0.00038217642421670074 -0.0077228050459418173 0.0070902028074561205 -0.013467983084304807 0.0065275773599520869 0.0014353462019588885 0.00043778146779621695 0.011384705230824372 0.0063947453938922854 0.0039899189605296639 0.0054539708522827329
0.0017725009685829862 0.0028723936508289818 0.0042486139329975161 -0.0040467949930978039 0.0063511903362215372 -0.0027042538123493338 -0.0083106421977324034 0.00045118835655509008 0.0022881408000029039 0.007425264932492859 -0.0034744909551338429 0.0050438262165648133 -0.00072198655901792265 0.0012006603080278637 -0.0057238245645230461 -0.006947025421256337 0.0049810381620229559 -0.0024841335794173257 -0.0066854163177253404 0.0010754228498478108 -0.00073630069654481104 -0.0021297776754442437 0.001034553768258197 -0.00011725338963873913 0.0049766233225908441 0.00036048255688628239
-0.010649040115236161 -0.00053815069651570887 -0.0046997853182718079 0.0026329319732755442 -0.0045393616808533958 -0.00079542404147448431 -0.0032111654263105153 0.0014948982467096602 0.00018946171685735617 -0.0050331792215920785 -0.0010002164746755458 0.0026542011978532704 0.0018566681490942197 0.00027227384779013677 -0.0013723411540291989 0.003773114448405588 -0.0025498155293196003 0.0044061611332833527 0.0069782281174450523 0.0021486681213310648 0.0040090553696530348 -0.0057700572681057619 0.0041192224629471742 -0.0026890166275454087 0.010869089882700026 -0.0025564211134150583
-0.0021139191726566777 0.00069095093739404158 0.0096344910352740461 -0.0015919699718577862 0.0045146650155861133 -0.0019932889402796408 0.0098412402421399828 0.0019841738439067076 0.00080005217686278775 -0.0052869421403243686 0.00042322428514305309 -0.00074499786638596217 -0.0070196858278679629 0.001342787022394377 -0.0047622073626943659 -0.0022225093012818737 -0.0032642991538450136 0.0030364043067726753 -0.0077058561470776023 -0.0013698685314970304 0.0065370283022310998 0.0043381858300789739 -0.0085107582707918197 0.0011852480362994303 0.0016260248776954252 0.00063182677477986726
-0.0079808334222629292 0.003258331601452634 0.0025404785489459708 -0.00023900383324558928 0.00430232053819445 0.0049580310673424345 0.0077491269082174312 0.0055181081397474643 0.00094407080394989839 0.0022595680383412113 -0.0036305976974946802 0.0017618010402326617 -0.0081876240725285414 -0.00049566592554621026 -0.0048979719956163143 -0.0052936604913852324 0.00043837253049340292 -0.0013835443329705658 0.0018352228373393052 -0.0020100625865739491 -0.002935766473050821 0.0015234850677482187 0.0013133225864571704 -0.0067638730421275143 0.0085098789073550125 -0.0030935147430147802
0.0010550049304552233 -0.00045344782050074054 -0.0065118616857220684 -0.00017610194129655515 -0.00095463574445478396 0.0026902811105097863 -0.0081465384815598441 0.0025516912687557668 -0.0016218011612643465 -0.0012397248503612014 0.0018868419518591538 -0.0015047357625705693 0.0071995007002331347 -0.0010649930584606085 0.0036663217074177764 0.0072053082150983624 0.004022777279500205 0.00032696450568572399 0.0019046964941711246 0.0016555158585490461 -0.0019783704760070837 -0.0014319726962991914 0.0064203850438360258 -0.0037782890684435444 -0.006942320558464222 -0.00478049576066647
-0.0029075274678397947 -0.0040759383221816601 -0.0025175342981356404 -0.00033331598425715 -0.0033436108915338271 0.0021541763578375489 0.0073964847768238397 -0.00070300223193094894 -0.0088901490591910878 -0.001416487910636163 0.00095215460200280717 -0.0050460815071239305 -0.0018130770673339884 -0.0036107240093398029 0.010447354637715133 0.0037834143403511341 0.0098020463065096319 -0.0025517551016276678 -0.0037369118285335377 0.0038262640246122248 -0.0010352023767683446 0.00012669727604003984 -0.0043476791975089746 0.0070104628364538596 -6.3481362060678961e-06 0.00083629023180220585
-0.0038678511360415255 0.0025073767948703756 -0.0064318498776614851 -0.00013294421895325404 -0.0033330242940132976 -0.0033548833520105417 0.0044262021044385418 0.002294951193138454 0.00450956392874588 0.00057456655828390195 0.0067269124855591804 -0.00036247688461091444 -0.0042667286477902633 0.0011818760828033639 0.0082451812526735009 0.0024789372369167246 -0.0073102582091459836 0.0056291739794207211 0.0063742957873242252 -0.0045824201159018257 0.0015124406411967392 -0.0029172322148839505 -0.0064095732234529124 -0.0022947880779449212 -0.00017531081183317764 -0.0010221369811282688
0.00059071392460441005 0.0014214398782099046 0.0020352173711492799 -8.8611871321147119e-05 0.0025440544920051285 0.0060401036180627509 -0.0067320106936177657 -0.0032082391267601205 0.0013078866839360847 0.00039710995066816819 0.00027781428578613036 -0.00080172283736453019 -4.1859848274876117e-05 0.00041857464698084987 -0.014670084461975104 -0.0041127179914525703 0.014019125263668939 0.00051404541537602153 -0.00060831224136028523 0.0024309725533932444 0.010192511992011353 0.0090018838257143637 -0.0014449057298753286 -0.006252662327232178 -0.0074701510380585628 -0.0057601757342745363
-0.0028164394306867714 0.0017908583419173171 -0.0047270866170958268 -0.0028215525898372135 -0.0012944904826248139 -0.00039903505382478908 0.015678065454891352 -0.0052542615162496954 -0.0038553505810346774 0.0039710965294541866 -0.0067326370516950264 0.005104220889624941 0.002266689184069989 -0.0023749605827577394 0.0027199390734180323 0.0039604632435678109 -0.0022895140305689522 0.00036388351425456912 0.007896116405328623 -0.0024739541753208616 -0.0093578315538420699 -0.00018930312077229794 0.0036656865038290102 -0.0016210787804339243 -0.0011531468739881612 -5.6376699622273652e-05
-0.025323541821737135 0.007091606043834426 -0.0030077916365006813 0.012426824986206638 -0.0098765472084429099 0.0043588478475108453 0.015184722154434499 0.0084060042207892913 -0.0094155269830352682 -3.5182786669102177e-05 -0.0033615062767995501 0.0019267065441535463 -0.0026094197533076745 -0.0015041851209525838 0.032314955781505589 -0.0011617101862767625 -0.005792908566492231 -0.0070141713707833411 0.0013789835860241605 -0.0069683172987023622 0.0089929336494214401 -0.0047055641332700848 0.0048210458256905172 -0.0097850647482139244 -0.0033053987507612004 -0.003035793997626865
-0.0018046346315481743 -0.0067392322491058101 -0.0015191747924979751 0.0051542500338926491 -0.0053676212980336233 -0.002277077335684905 0.0059912110569446406 -0.0022625927653411055 -0.0044650949391342332 -0.0051899403682290016 -0.00033875584639189108 -0.0033404948100769975 0.0004897221388185072 -0.0016660712800034541 0.014205349676646044 0.0018963917152018041 0.0010274881571112489 -0.0047663310229193899 -0.001362695682376422 0.00074914319495041613 0.0041131914890877004 0.0019894708192660948 -0.0031556815347386653 0.0083286412476161909 -0.0078133037938875605 0.0081238428204340185
0.006891554719784759 -0.0061123388851699401 -0.0064845157557136979 -0.0063758832348766257 0.00084667662123194846 -0.0074970614103972467 -0.014427208038043518 -0.0068446537926789086 0.0022042186987022636 -0.0022249908426396616 0.0020068689685767914 -0.0033859968896769962 0.0037928374686612303 0.00073487497671615343 0.010653656787823327 0.0045677743310351439 0.0006317490006142075 0.0066795584120561986 -0.0054648861738598731 0.0099911296085213007 0.0041326580697782249 -0.00441368952962047 -0.0024600211300059016 0.0082735303144099263 -0.0023235892375493877 0.0066077469423208024
0.011604253070567226 1.9727297540823125e-05 -0.00046469538426541614 -0.0026831913651829556 5.8444682792248032e-05 -0.00088689131168460879 -0.0022774851265858495 0.0011773273072501187 0.0035712700623123103 0.0012720648257301226 -0.0049512098770798305 -0.0012285553867666949 -0.00076698164514180274 0.0018852733402395807 0.0026159973869160401 -0.0040490693675246433 0.0033037204137573973 1.974420870223825e-05 0.012129765889076426 0.00061951105527142925 -0.010631670084029859 -0.00022553729302837394 0.0020559984084812196 0.0040063322081907368 -0.016247407796801061 7.3264481262311221e-05
0.012656862049671138 0.0080264941424143255 0.01508383823681184 0.010764839445137299 0.0096238139145790515 0.0038158322689946888 -0.022571507972056128 0.00075058417192326739 0.0076010232216369416 0.0012621745009960056 0.0073367998668231061 -0.0046480369473539127 -0.0013928591205959466 -0.0014286818932295047 -0.0108328425812011 -0.0017154994239680806 -0.0049997338672783109 -0.0030516425929186589 -0.003552124577993282 -0.0016979404629048082 -0.011708360005952351 -0.005720664029004013 -0.0037927401463898748 -0.0031721705588362474 0.0065478309819445007 -0.0031852886212501014
0.0055431395990039392 0.0044410373456556206 0.00027771537759066663 0.0059124070064938408 0.0010221174472722682 0.0011666140567895731 -0.014516903424682691 -0.0012191293789022254 -0.0030398106035500116 0.0047503048832910734 0.0060175078686930793 0.0036771974584445255 0.0067011279866535621 0.0027307689274575758 -0.0055887371192730219 -0.0070853728543358698 0.0019562731717624963 6.9692289984151271e-05 0.010572668672349588 -0.002773045798317561 -0.010769908595313845 0.0030185779334632973 0.00034228643955675842 -0.0075918229586904411 0.0014825231799371424 -0.007097228911333367