C:/Users/vmc04/Desktop/Wing saga/Lab reared wings for landmarking/13/ARS/ARSFB/coord_Jul20_Format - {translated and scaled (first one is consensus)} - 1 20 26 0	from C:/Users/vmc04/Dropbox/Homework/ARS/ARSFB/coord_Jul20.txt - TPS like internal (simplified) format - can be converted to other format by using TET	
-0.67677213950180115 -0.032718349133627443 0.22266910283617974 -0.098795589728991273 0.24531388701120002 -0.069441239872483296 -0.043916319330066005 -0.098016800855247208 0.25429991247747807 -0.040446331034626533 0.24399593660947935 -0.010313192304374302 0.20978913300118135 0.017004325113110546 -0.0023409748394201653 -0.0024054898940498166 0.15143987430681638 0.047197370679804507 0.057326234256665519 0.077929577774475192 -0.33410503505440209 -0.0071381299729560361 -0.088726632988572238 0.10548672253772753 -0.23897297878473966 0.11165712669123835
-0.61755518129229314 0.26547046736742591 0.16320410315798031 -0.18492361473126764 0.19178240785967404 -0.17006289628638688 -0.091714374781127858 -0.063751602796086007 0.2123587872448936 -0.14491398814889633 0.21693131599716461 -0.11519255125913483 0.19978433317614835 -0.080898585617102364 -0.0094088572402498977 -0.004308729016563072 0.15977470659377718 -0.024885108401782575 0.080898585617102364 0.044845955070350246 -0.3077663583259328 0.14201219105610902 -0.034557765377740565 0.13743966230383797 -0.16373170262939629 0.19916880045949648
-0.67198011417483638 -0.11127169420373065 0.23620222811816197 -0.060377291460038361 0.24864308212217551 -0.035495583452011092 -0.04315149360832711 -0.10448577383790501 0.25542900248800104 -0.010613875443983622 0.24298814848398737 0.015398819291681264 0.21132052011013439 0.042542500754983913 0.0054809356800898275 -0.0072209152610708347 0.14119934299660278 0.065162235307736016 0.042803497692130904 0.08212703622230004 -0.33494606933882959 -0.047936437456024668 -0.090652936169106677 0.092305916771038624 -0.24333614440018353 0.079865062767024861
-0.67313390840134146 -0.010718421895433981 0.22151405250563544 -0.1013996738044229 0.24252556209430376 -0.073752950661438513 -0.037259276112699018 -0.10361141165586166 0.25026664457433928 -0.049423834295612201 0.24252556209430376 -0.019565373301189067 0.20934949432272229 0.0080813498417953832 0.00034026736175983097 -0.0040832083411177751 0.15073844125959526 0.041257417613376784 0.063374796127764407 0.072221747533519329 -0.34137323068552788 0.0080813498417953832 -0.089235115621509639 0.10982129100797815 -0.23963328951934501 0.12309171811661071
-0.67304361171301519 0.03461815458759946 0.20917995392450259 -0.12346814908155124 0.23595263438460068 -0.094145689530015217 -0.054722182039321263 -0.099245247712891074 0.24742664029607128 -0.068647898615636097 0.24487686120463337 -0.036775659972662189 0.21300462256165945 -0.0049034213296883207 -0.0037266002105630167 -0.0023536422382504085 0.16073415118718232 0.03461815458759946 0.056193208438227872 0.076689509596324965 -0.33137321346033483 0.020594369584690839 -0.084044641590857255 0.12131064369648842 -0.22045782298278555 0.14170887642799185
-0.6566732531138767 -0.1436291024204798 0.24613824781485349 -0.04967623091234652 0.25801734651128438 -0.033477459962668342 -0.029240858329675504 -0.10691188826787594 0.25801734651128416 -0.0064795083798713298 0.23965873943498217 0.025918033519485073 0.1986218530291308 0.050756148975658305 0.0053165196963045969 0.0032397541899356957 0.13706652342035383 0.076674182495143378 0.045273488038844088 0.086393445064950378 -0.32405848961381822 -0.058315575418841296 -0.11239454920469008 0.091793035381509763 -0.2657429141949767 0.063715165735400925
-0.6539967254829262 0.16283251804200288 0.18558240413487201 -0.16216585471327405 0.21916556931958406 -0.13941596862040467 -0.07224963825098081 -0.085249573161191861 0.23974879959408504 -0.11449942670916677 0.23649881586653215 -0.078749605706086329 0.20291565068182035 -0.041916456793821687 -0.022416554428505035 -0.0061666357907412426 0.15091591104097593 0.0068332991194698205 0.071832973670525324 0.059916366669498455 -0.31599841781743837 0.086999564399104848 -0.048416424248927198 0.12816602494810653 -0.1935823640796176 0.18341574831650345
-0.53678620401079191 0.40515247373875241 0.11657432350073819 -0.21990362658816281 0.15313420861419927 -0.21164816865931677 -0.087453422455028532 -0.057153170276626482 0.18143863579881431 -0.1927785505362401 0.18025928466612201 -0.16683282561700966 0.16846577333919896 -0.12201748257470259 -0.022589110156952443 0.010069844286834216 0.13898199502189174 -0.059511872542011034 0.084731842918046169 0.028939462409910896 -0.26199739009348777 0.21055953684452391 -0.0037194920338756658 0.13390171321952488 -0.11104044510887434 0.24122266629452352
-0.62938834767777774 -0.27266469074212091 0.23430277537796967 -0.024956322962173132 0.24635937734956018 0.0079253187785280326 -0.038614851069848882 -0.11154464621268584 0.2518396509730102 0.046287234142679184 0.23978304900141997 0.075880711709310128 0.20142113363726863 0.090129423130280578 -0.0057332093291479237 -0.0030352284683723774 0.12908152180772636 0.10108997037718098 0.024956322962173049 0.099993915652490953 -0.29618771137200706 -0.11483281038675595 -0.10108997037718087 0.081360985332760302 -0.25672974128316589 0.024366139648878522
-0.68562005304147644 -0.055441718115061087 0.22038772524345163 -0.10205689404264974 0.25146450919517743 -0.063808544563602645 -0.040179155582556726 -0.097275850357768853 0.25983133564371874 -0.033927021533097089 0.2371213781405348 0.00073554518228933911 0.20604459418880897 0.024640763606693775 -0.0091023716308308907 -0.0028502375813713259 0.14508628720657779 0.049741242952318396 0.056636979036281523 0.078427505061603772 -0.32226073299052882 -0.013607585872353322 -0.087989592431365449 0.10472324532844858 -0.23142090297779219 0.11069954993454972
-0.65123208732563898 -0.17001775478081804 0.2370258610164952 -0.053625333963572955 0.2578539784258968 -0.011969099144769384 -0.025163381666562314 -0.10385785242154187 0.26030434517994422 0.019885668657845079 0.24437696127863698 0.046839702952365017 0.20027035970578647 0.065217453607719522 -0.001884897503113206 -0.008293549013698413 0.14023637423162827 0.07746928737795597 0.034870603807595629 0.087270754394145042 -0.31185629189009256 -0.085480101766187325 -0.11337658481226402 0.08359520426307411 -0.27142524044831284 0.052965619837483442
-0.67965776626948693 0.094032610618946535 0.19397976101246672 -0.13774877417014311 0.22072376694966925 -0.11769076971724113 -0.057859628229524972 -0.07980342797287085 0.23409576991827072 -0.088718096618604914 0.23186710275683717 -0.058631089939252007 0.20178009607748415 -0.022972415356315064 0.020143722420649292 0.00042858983873726416 0.16835008865598078 0.0093432584844714839 0.071403067133621254 0.067288604681743913 -0.33087135550513552 0.053916601713142553 -0.063431296133108828 0.12189095013686597 -0.21052332878772348 0.15866395830051971
-0.63601023845048643 -0.24853296675779027 0.23691123121490776 -0.024706948894868606 0.25369818255462684 0.011105213963198829 -0.0037017379877329485 -0.10304605514689129 0.25145992237599762 0.041321726374693245 0.2346729710362784 0.065942588339614569 0.19774167808889648 0.081610409590019084 -0.011535648612935268 -0.011277387823093328 0.13059387273002004 0.096159100751108978 0.03099129478101996 0.095039970661794371 -0.31258164263856458 -0.11199909586140804 -0.11897213718713738 0.073776498964816764 -0.25326774790489043 0.034606945838805546
-0.67346327094385949 -0.14329005764762967 0.23546316565216893 -0.064023217246813313 0.24999541972565195 -0.030995367079806484 -0.0089429255836818208 -0.10497775145390174 0.24999541972565209 -0.0032519729395206623 0.23810539366552946 0.028454763220805833 0.19847197346512141 0.049592587327690285 -0.028759635683885926 -0.013820884992962927 0.14298518518454975 0.069409297427894354 0.057112774750331941 0.091868235541459078 -0.31808360314686573 -0.057417647213411846 -0.092173108004538901 0.099794919581540742 -0.25070678880617187 0.078657095474656311
-0.6724053787408053 0.037618354972796399 0.20999038246891927 -0.1194882531140756 0.23243418362418655 -0.09704445195880812 -0.039253935623787428 -0.092319441189278206 0.25133422670230648 -0.06278812387971569 0.24542796324039401 -0.036800564647300853 0.21235288785368411 -0.0037254892605909644 -0.0026351021599301944 0.0021807742013215483 0.15329025323455933 0.037618354972796426 0.055246279766812068 0.07187468305188878 -0.35228589910514885 0.022262069971823908 -0.073510263702879941 0.10849351651574604 -0.21998559755830932 0.13211857036339603
-0.58981760946997874 -0.34446744411057351 0.23592704378799143 -0.0041880540317394549 0.24840395475754867 0.047988119113681602 0.0022685292671921452 -0.11080892958977406 0.23932983768877977 0.078613264220776718 0.21777880965045363 0.10356708615989133 0.18034807674178202 0.11150693859506405 0.013611175603153339 0.009423121571413836 0.11569499262680348 0.11490973249585233 0.018148234137537848 0.096761498358314588 -0.29264027546779714 -0.15844804420081082 -0.12817190359636083 0.055927971548854455 -0.26088086572710595 -0.00078526013095120471
-0.66937426375343956 -0.029413481688593719 0.2254743522341604 -0.095028171609302631 0.24470624410747152 -0.063352114406201754 -0.061872738108254763 -0.096159459366556288 0.2526252584082469 -0.036201208232115277 0.24696881962197872 -0.0079190143007752609 0.21529276241887785 0.011312877572536038 0.0093983905987221027 -0.0022625755145072144 0.15307193576992975 0.04525151029014414 0.065962778461402388 0.073533704221484211 -0.34016952639264103 -0.0090503020580288644 -0.10033652185487733 0.10068461039557065 -0.24174749151157768 0.10860362469634596
-0.63714213637919503 0.22429510907132519 0.16545496691087558 -0.17985762857403037 0.20655524531548802 -0.15474079177121167 -0.072013308315773919 -0.069115211761602555 0.2202553381170255 -0.13190730376864926 0.22368036131740987 -0.099940420565061888 0.20084687331484741 -0.063406839760961939 -0.011504565108983318 -0.0051814453544276459 0.15860492051010697 -0.014314840555452632 0.085537758901907096 0.0519022746519784 -0.31290660674280796 0.11697771545928143 -0.045754797112827074 0.13067780826081893 -0.18161405072807366 0.19461157466799392
-0.64462907333028918 -0.21322087264894532 0.2417569468013307 -0.02500063133704573 0.25598289527257906 0.0067341767911232543 0.0053873414328986218 -0.10269619606463212 0.25707719900113646 0.037374681190735053 0.23300251697287025 0.061449363219001074 0.18594745664489537 0.076769615418806975 0.010858860075686462 -0.00092594930877950947 0.13013796648846002 0.081146830333037198 0.037122149561067824 0.084429741518709744 -0.31962086594869532 -0.099413284878959562 -0.12155189107977786 0.065826578133231423 -0.27147150189216296 0.027525947633716887
-0.67285799969022964 0.087864618516249965 0.20925652567685837 -0.12832858756978607 0.22891045350286165 -0.10289409273613477 -0.060117896879539508 -0.083240164910131503 0.2416277009196873 -0.080927938107072286 0.23700324731356887 -0.053181216470361815 0.20810041227532891 -0.016185587621414466 0.0069366804091776984 -0.0034683402045888206 0.1583875360095558 0.016185587621414484 0.071679030894835599 0.060117896879539397 -0.33989734004970362 0.049712876265773025 -0.06936680409177616 0.10867465974378276 -0.21966154629062465 0.14567028859273018
-0.64552484342950478 -0.17533827405503877 0.23893467822787404 -0.041060228734407865 0.25225150916876315 -0.011097359117407508 -0.025182468766424829 -0.10209570388014907 0.25669045281572617 0.018865510499592661 0.24115415005135565 0.044389436469630075 0.2078620726991332 0.063254946969222847 0.0069998726740570635 0.0022194718234814482 0.13905844617120644 0.075462041998370991 0.045840629584983306 0.083230193380556275 -0.33368905223035361 -0.082120457468815744 -0.11729054944090712 0.075462041998371018 -0.26710489752590866 0.048828380116593073
