C:/Users/vmc04/Desktop/Wing saga/Lab reared wings for landmarking/13/ARS/ARSFC/coord_Jul21_Format - {Aligned specimens} - 1 20 26 0	from C:/Users/vmc04/Dropbox/Homework/ARS/ARSFC/coord_Jul21.txt - TPS like internal (simplified) format - can be converted to other format by using TET	
-0.67604787771257768 -0.021735302757144442 0.22907305142833739 -0.10858548803508573 0.24253916864669281 -0.082403275801326156 -0.053184771327385576 -0.10619264961100697 0.25441577398812254 -0.051265022386052364 0.24249443491118103 -0.014094713524694682 0.20579288992666758 0.015128035952035169 -0.0025930789831846101 0.00021946397632561444 0.14608815646224599 0.047904820284091723 0.052673396216424181 0.083534636308380747 -0.32520023435411644 0.00060304568649165332 -0.079501184767680741 0.11219915443724271 -0.23654972443472616 0.12468729547074268 
-0.67711727250250775 -0.020580083366668417 0.21538595999090784 -0.10822129974750959 0.23809636749050642 -0.081977145623606335 -0.038451060957952442 -0.098107606405660186 0.25681458112252925 -0.045130506328882193 0.24739042659244581 -0.015155594491598121 0.222258932746254 0.014492210828465687 -0.015216535852057556 -0.0064816679446807303 0.14928553755427204 0.047543667344689865 0.052554744948005147 0.074443279800940176 -0.32275303087097429 0.0015708807493085629 -0.093457715798983987 0.11351648494899379 -0.23479093446244398 0.12408738023620793 
-0.66773981810702243 -0.019872343425040663 0.22517339828914942 -0.11540095422089519 0.25002339347985647 -0.075361896760882716 -0.051736226752025265 -0.10120049065285042 0.25918256427854092 -0.043033161694611577 0.24376191949105819 -0.011651512910566451 0.20596440837276322 0.014299956907817811 -0.028741807039407208 -0.00641723470939164 0.15255326703517161 0.043710238954685496 0.063431772575550993 0.077835196203165355 -0.33251139109482925 0.00015010063763754562 -0.083776941336910785 0.11124464968759647 -0.23558453919189606 0.12569745198333579 
-0.67960850717652255 -0.023617284784276417 0.21947513698112414 -0.10009936266914377 0.24022524243730031 -0.070332437140976478 -0.052173929629422605 -0.095981520123319994 0.24491920531768707 -0.051082972607755697 0.24341532076116706 -0.021223270657392667 0.21505625973375936 0.011733733194641504 -0.0021305116567521664 -0.0052728790380585566 0.15467768997696885 0.045909805069478983 0.066880797948987158 0.078300419487644393 -0.33509564314674045 0.0034429063323916241 -0.082795304758740182 0.11040621737209304 -0.23284575678881517 0.11781664556467367 
-0.66725840049080121 -0.026834610851524995 0.21990833012752628 -0.11570038183043063 0.24567783848878255 -0.085338514619760095 -0.05908633303696869 -0.099778459212518503 0.25783005663084119 -0.046403807905196777 0.257072025667483 -0.017405033072508243 0.2149590423310653 0.013861017869942026 -0.028075231342408635 -0.0052154586414964975 0.14379629431238122 0.054859041295955174 0.046762058233285247 0.086475204405139366 -0.32799891155116734 0.00011448083033865301 -0.071857246154276647 0.11551815230709321 -0.23172952321574189 0.12584836942496744 
-0.67310447797328421 -0.016752883006556977 0.22484112776750456 -0.10963131216360128 0.24900235507775353 -0.080484038313649378 -0.061851970905096955 -0.09845852644940338 0.2545436918281041 -0.039511267860522351 0.24299584033025284 -0.010990522613757055 0.21050951675158272 0.014585112508901526 -0.013645810783886303 -0.012547407211244633 0.15657448698819493 0.045308144777299157 0.053574179501834733 0.081062279692148229 -0.33033220976530636 -0.0024532369544885912 -0.082248243918163252 0.10905969969211929 -0.23085848489949057 0.12081395790275523 
-0.68550727699106073 -0.020162882338672677 0.21588660242275184 -0.10294865300061191 0.23810506437452272 -0.078573048513756807 -0.056751007232876911 -0.097412069729137546 0.25243800733457344 -0.051968408536158819 0.24546327006215599 -0.013379702341202027 0.21308230533163167 0.013656354347902147 -0.0092941073712386642 -0.0018271118129031903 0.14903942338227799 0.05219711224656845 0.067236150462638991 0.082133303641819908 -0.3255777004630554 -0.006093507564334931 -0.079161262369808874 0.10648490449175305 -0.22495946894251145 0.11789370910873442 
-0.67695662026164527 -0.018933328927440155 0.23021580069780415 -0.10717112437157672 0.2471535051984424 -0.079769122908233195 -0.043697369033616117 -0.096920517212897198 0.25304279082739634 -0.052221090967645205 0.24688103703156877 -0.016778532291909079 0.2042010887682858 0.01472655941006101 -0.01268379121438676 -0.0078226066408161581 0.14832145004987959 0.050826255233398378 0.052550679011614664 0.078612925677469303 -0.32304214017464039 0.0040147429799393388 -0.091789325918887041 0.1103566558829224 -0.23419710498181698 0.12107918413672662 
-0.68283944510159722 -0.016366410939909374 0.22312698879948015 -0.10582064744514981 0.24694688135369869 -0.072819636601162488 -0.045790744633365181 -0.09338891476716038 0.25319275651574064 -0.044675687343164787 0.24283302572049908 -0.014272111403749619 0.20303813042073557 0.012888422007831144 -0.012819742612425012 -0.01089388986295383 0.15202769563188923 0.046407433322505499 0.062093178648644415 0.077974617355869691 -0.33252270535201389 0.0012000345918808685 -0.081967208498706104 0.10241010871030325 -0.22731881089258088 0.11735668237486044 
-0.67383656974795436 -0.02007914891875014 0.21408542295934097 -0.10576290261508087 0.24170177687570213 -0.075091185554026399 -0.06168902514089538 -0.096360162682830472 0.25063920546197355 -0.04817727275174169 0.24836250371395963 -0.017539431371843942 0.2184355723684277 0.012319748611374335 -0.0042558358427618459 0.0016048053042247864 0.15561950465585189 0.048120276478195008 0.062165595563378438 0.081644102597002027 -0.33158140779955336 -0.0017554389708798607 -0.076864213820891189 0.10540102521112296 -0.24278252924657784 0.11567558466323387 
-0.67775099409764461 -0.023700240448777304 0.21806402559158897 -0.10591259015285245 0.23929550454055529 -0.075621745838936341 -0.046142185233071599 -0.09960780548610737 0.24335287573522713 -0.048350689980003698 0.24741024692989955 -0.021079634121070834 0.20940793713743361 0.0097730635608634757 0.0025257617997867508 -0.0018166893519273978 0.16138796746894105 0.045238150037752251 0.056519691685105795 0.083809148965972122 -0.33061474472788521 -0.0001967459410128083 -0.087626341316719536 0.11618199452700155 -0.23582974551321703 0.12128378422909833 
-0.67873702714712791 -0.017117672954975259 0.21415811346517086 -0.10571624062077634 0.23931533491361925 -0.081133768563079092 -0.049114507557833566 -0.096613620018235716 0.2567621983769886 -0.046361423554320054 0.25319439407982497 -0.016396640325716756 0.20696233240318301 0.0145661735325782 0.00032328662735189336 -0.0031213798014311724 0.14428143789286299 0.053420899761591742 0.066633194885156136 0.075403511917986416 -0.32807965763812552 -0.0032406877540906037 -0.089691407993778755 0.10688090269937194 -0.2360076923072924 0.11942994568109645 
-0.67414897157932618 -0.018199844315680006 0.2225828550199922 -0.10565164948064899 0.24514585555146437 -0.071723857771248942 -0.060262447233492104 -0.10209783225837679 0.25351212016392133 -0.046529874319945104 0.2466980049378612 -0.016832809723740044 0.21114667163161444 0.013800303984999658 -0.022590459073953198 -0.0097119604691014369 0.16558173471258036 0.048296601161295041 0.059639024681635094 0.082401557288467778 -0.31933634581126352 0.0086784903495316316 -0.084710760800128002 0.10290208036700375 -0.24325728220090662 0.11466879518744351 
-0.67763267910239677 -0.017832652030622665 0.21584557377936175 -0.10839656710028124 0.24133483553109589 -0.078171819335098064 -0.037858444505752833 -0.10415507439774455 0.24837749731962167 -0.042961211951820497 0.23971551177895573 -0.010928684841175401 0.21347918155231277 0.011008287010634115 -0.0052013341631703281 -0.0016394145092209066 0.14929029130837551 0.048151860541696047 0.06815028883072316 0.077505703809323492 -0.33892407682373615 -0.00051273328831759021 -0.079609615688589902 0.10754604832021183 -0.23696702981679962 0.12038625777241531 
-0.69940501452003467 -0.012510537463955571 0.21732470040512311 -0.093033235216205976 0.23248859426872465 -0.073329254308524883 -0.038293495108022713 -0.090387121490959441 0.24254267968145679 -0.046916389489073104 0.24281829992992815 -0.014088741916168891 0.20837309598627568 0.0118644902559594 0.024402307544760825 -0.0067554905676834604 0.14562185060395227 0.040721772191572837 0.061567548853046182 0.072924255628148263 -0.3202144666811545 -0.0050286421370834659 -0.078363582879407298 0.099263196808213675 -0.23886251808464887 0.11727569770576024 
-0.67660698673110675 -0.026362338774049747 0.2190489462663506 -0.10041859176560401 0.23725671145667379 -0.080048261069891241 -0.047544197133912301 -0.1011613702895135 0.24776256206410704 -0.052121282992753433 0.24610432113469863 -0.019373070587147649 0.21169786779968433 0.011716900889049675 0.0062842394581463694 -0.0037033707933148297 0.15260417401647058 0.043020662538298352 0.058890236725191343 0.080727155215544674 -0.32544627137881182 0.0016660473078436453 -0.08642926993946301 0.11749352171241503 -0.24362233373802897 0.12856399860912343 
-0.6678039819087408 -0.025732339239306866 0.21404869124619291 -0.11193201375174359 0.24343260400834299 -0.085255934627905594 -0.067954142029269915 -0.10572777648181263 0.25439195020982491 -0.049148904634924467 0.24841093610735024 -0.019416034846409334 0.21496755067705473 0.014115728735138947 0.0027338004136774228 -0.0010311017827198845 0.15218444156023575 0.054458987698771041 0.054778508707147407 0.089956481790275822 -0.3253746383390832 -0.0047370618458527896 -0.085720428034188098 0.11742113090741982 -0.23809529261854398 0.12702883807906906 
-0.66316418569636759 -0.019602393035021561 0.22009234065089819 -0.10825072742309637 0.24267058394162083 -0.078654166523618729 -0.055810202805029061 -0.097716479891718402 0.25578625093838497 -0.045656919184856523 0.241479481690687 -0.017260325419646547 0.21043054939342115 0.015267572925409065 -0.0053047147428028924 -0.0096485504505127891 0.15487278853060357 0.047804336153798338 0.072379670183698328 0.0805935036457084 -0.34017457038416599 -0.00054894455025566937 -0.081213404941325118 0.11316572640743265 -0.25204458675962432 0.12050736734637819 
-0.66178451633909896 -0.011586115345052685 0.23553397023872763 -0.09475152800991718 0.25211835902783919 -0.073913749131287343 -0.076078278333046145 -0.098095289181710496 0.25969375545315998 -0.045644063022980463 0.25364804643606154 -0.020672036378545304 0.20970230443839852 0.011947131289032581 -0.018749715540390344 -0.0073122664375135657 0.146495868696219 0.044709788152254445 0.056668576577668862 0.078237288719587711 -0.34109153080571258 -0.0060439145306781837 -0.087021782802090678 0.10593431406328868 -0.22913505704773635 0.11719043981352192 
-0.66919113193568203 -0.01518008941117901 0.22082358339860106 -0.099649783587234864 0.24362197192093282 -0.076596723370860542 -0.06804691044759914 -0.10010792904123389 0.24916239924273953 -0.042176302855075697 0.25243572129701491 -0.012353760797863385 0.2178879649342087 0.016112390893296222 -0.013509048179831984 -0.012684570404841396 0.15351766651419049 0.04785186463873118 0.070819522183391909 0.077196897269614054 -0.34029612232837964 0.0026951870521217634 -0.082922900522997292 0.10156204390086059 -0.23430271607658928 0.11333077571366502 
