C:/Users/vmc04/Desktop/Wing saga/Lab reared wings for landmarking/13/ARS/ARSFB/coord_Jul20_Format - {Procrustes residues OP} - 1 20 26 0	from C:/Users/vmc04/Dropbox/Homework/ARS/ARSFB/coord_Jul20.txt - TPS like internal (simplified) format - can be converted to other format by using TET - Orthogonal projection of the preshape data to the Kendall tangent space
0.0048913356935687061 0.0012053676900893554 0.0053864460675929812 0.0029505102724106209 0.0018916094193595994 -0.00044971769159017768 -0.010970082140332385 9.9897832495955685e-06 0.00050124290333582308 0.002193508011420897 0.0015116711047179552 0.0012520374299167857 0.0052659316368752346 -0.0022842566177962913 -0.0041797214021855695 -0.0042147314772680603 0.0030832664320348977 0.00050813774310944201 -0.0040371251189534425 -0.0014694303253566625 -0.0052072289846592755 0.001260641972821201 -0.0027339076796310431 0.0032730783741054042 0.0045965620682763692 -0.0042351351651121333
-0.0041512528817892209 0.0016059763562891257 0.0051838966740288019 0.0099573394926024683 -0.0022174782682735437 0.003941925912807856 -0.011595019283870883 -0.0012031042878322285 -0.0014479268530082461 -0.0011279370084347849 -0.00083067152635912279 -0.0034907172098208416 0.0051226978762703964 0.00033039552629404864 0.0069851636040964378 -0.004071077558969044 -0.0035460985565995357 0.001026603521682124 -0.0049448166356982313 -0.00068361517047479416 -0.0046353593629039451 0.00018650021352229604 0.0093345391843330516 -0.0028425904032785719 0.0067423260297745759 -0.0036296993843870917
0.0039355645576516565 -0.00033332456239346895 0.0024800081846255966 0.0038346487093793959 -0.0001206118935523073 0.0028936127015995981 0.0097833149067842549 -0.0073806829022256088 -0.0020979866348077502 -0.0015059557595859048 -0.00091964940720923923 -0.0015885814316540969 -0.00080825606646266028 -0.0019185242545635679 0.0028811968746051205 -0.00031174214729435927 -0.0021897167177154925 -0.00077544781841699874 0.0037821426199582397 -0.0029277362986925379 -0.0077729518224502626 0.0049863019500298294 -0.0043569141572356966 0.0016141242993244686 -0.0045961404441905319 0.0034133075144930636
0.0032575246589200829 -0.0016802819589320122 -0.0015771259571543922 -0.0035928482546259246 -0.00061649754684680886 -0.00096403067993951848 -0.00070183014453970894 -0.0068875611588687649 -0.00071169672765692641 -0.0034024327819336328 0.0034027244854470391 -0.0016324112061830529 0.0026282687442838212 -4.4056870656089677e-05 -0.0010572533410420245 0.0010457472785627439 0.0048930720164079775 0.003846268370903975 -0.0090830222668391181 0.0048587407958496313 0.0018983929516320662 -0.0051923512413577641 -0.0075269043453635677 0.0069061731857634106 0.0051943474727521042 0.0067390445214176031
0.0047482220275914151 0.0003280833800217799 0.012236149321135054 0.0078424090263453303 0.0039297657679586134 -0.0074078747938185951 -0.0030367361690771706 -0.0031390995554618738 -0.00047767629592023646 -0.0097442257576639633 -0.0032728151101480119 -0.0043932673951591504 -0.0054153030211055112 7.8522448358899085e-05 0.0082032211121502076 0.0060530004259010698 -0.0035059645938035101 0.0058057772311527001 0.0018787014687988749 0.00047014174971854244 0.0043467206943670449 0.0046136798379258518 -0.0071003614680573658 0.0040623888187401791 -0.012533923733888969 -0.004569535416060394
0.0030491383743856525 -0.00063943384291037834 0.0023184015600151452 -0.0037304457530802503 0.0052135162456100597 -0.0015145800454400664 -0.00091474588248622929 -0.00509136488979483 0.0088163852964270994 -0.00068862997453027978 0.005275500335063214 0.0029434152867923928 -0.0033519693969752446 0.0016534316223268727 -0.017290457855370426 -0.0085783270618399934 -0.0089464106501202095 0.0032215247045438455 -0.0057124555458501524 0.00096710479086638962 0.0059360189480854786 5.1171770079613143e-05 0.005030410064892684 0.0034901747692904538 0.0005766685063229404 0.0079159586236956375
0.0041904218848865474 0.0037039703722992856 0.0076603081987864571 0.0023068835107036062 0.0079406937043999919 0.0026724213646810301 0.012480335533307699 -0.0023718850650431928 0.0088872431117545721 0.0062707506063803976 0.001343278881152645 -0.0040970263233141855 -0.002095795260670474 -0.0038690637934430038 -0.021435623645132088 -0.0027842891953427924 -0.0063420657680704415 -0.0044599694583240439 -0.010181202511026511 -0.00090607095810544278 -0.0025479194646121734 0.0039492533959256835 0.00035322381646575563 -0.0042251941940724454 -0.00025289848124270334 0.0038102197376554542
-0.008775268956006544 -0.013209469081931047 -0.0096815034196968564 -0.0042920557104714208 -0.0099635925731338809 -0.0065990201754448172 -0.030198626695804424 0.0052648357458380066 -0.00081351395775724859 -0.0012643295486842944 0.0076486496273290086 0.0010026465660471439 0.01043211549456477 0.00044633861118434815 -0.0040075563970245198 0.0028342485018001433 0.0041971563488943774 0.0049951517525106785 -4.0549496706025669e-05 0.0087226600487582979 0.015770316698618093 -0.00074323066837927217 0.020420075202010071 0.0053985028870862789 0.0050122981247128912 -0.0025562789283134213
-0.010542188280810664 -0.0063237365405742658 -0.0043811477657785293 -0.0094563850873695867 0.004944231393465625 -0.0012561103638093181 0.0011104357128059275 0.0011256056450093242 0.0051296326426853531 -0.00055528488342178328 -0.0068280307845308228 0.0050113840172744326 -0.0031503245122634438 0.0027859455788011452 -0.0067587542678517959 0.0011503827495793618 -0.0052171782737405626 -0.00072928838356323339 0.0013480439224828049 -0.00013809188504622567 0.011119527878737837 0.002269033409964206 0.0029907169482427565 0.0016062580307613732 0.010235035386555635 0.0045102877123942148
0.0036593452947401277 0.0081738065365615196 -0.0025477461869126334 -0.00599077121047315 0.0041700188476431511 0.00085806496250442714 -0.0035154487321855982 0.0015167594099001706 0.0045896869080706438 0.0024460851033126724 0.0048008363905899017 0.0025545954411388436 -7.7795002356727955e-05 0.0032283558024593113 -0.0012451927095440414 -0.0039180247868694376 0.0022551896630956933 -0.0018506227041168242 -0.0041541782311698234 0.00043458199826237084 0.010624060546958788 -0.0075297013896262702 -0.0040578531642926031 0.0010494799291659832 -0.014500923624637037 -0.00097260909221923153
-0.0089085455262212111 -0.0072088506088800559 -0.0051327795968399035 0.000417133850748341 -0.0054837441868338761 -0.0039707826232113523 0.0023726903511584619 0.0078589854451808442 -0.0068881503134632224 -0.0019129542651962776 -0.0050249592475661029 -0.0024918175656262593 -0.007292467841372453 -0.00020920461920964517 0.022102531258885137 0.0080438012617979008 0.011890357763300078 -0.0051245034617322122 -0.00017080900294221663 0.0027186249541841893 -0.0015117257068877621 -0.0032447826476265061 0.0025137521151625195 0.002064688119900987 0.0015338499336198762 0.0030596621596704759
-0.0055840532508176863 -0.0031549152299072338 -0.0051619857684649783 -0.00011690112971845103 -0.00064539204446994753 -0.00068923645991643108 0.0076820982692290618 0.00075999566060018574 -0.0021608464958672402 -0.0002746393954271033 -0.00044944163509097338 -0.0012919558410383611 0.0036063774604034801 -0.001674428945974471 -0.012099382287977503 -0.0032798049599844555 0.0027478750008182742 0.0031837761753145347 0.0021656599894184902 0.0032642210281046149 0.0017145350782553029 0.00020365429896299661 -0.0012596737361323632 0.0022589531355178463 0.0094442294206964171 0.00081128166346626507
-0.011719725017576347 -0.0052509326525617067 0.00070368966584618284 -0.0017323571379838185 -0.0025149949179366238 -0.00057713879636584484 0.018568110740032673 -0.0050461729423024069 -0.0071389878508577326 -0.002105168369389242 -0.0041025792025928733 0.0014051617676349769 -0.0058528915563764109 0.0015550394512144794 -0.028153340843358538 -0.0053953896634799797 0.00061115957599514265 -0.00039387762504482205 0.013472200385484474 0.0048143124808721783 0.010261934345710513 0.00038158605621688331 0.012692209402615 0.0076431344392829037 0.0031732152730162451 0.0047018029919061316
0.003344045105073367 0.0035408964098810839 -0.0014341733729365531 -0.00028976237787468428 -0.0040106771671379118 -0.0049951516793344686 0.013679032837778441 0.0016197156200570258 0.0025289627579997069 0.0019780540121803669 0.0039696032014646795 -0.0024075792109296656 0.001966622174576993 0.00038115885077321526 -0.00041739400992782822 0.0056746719928169468 -0.0026075339780928207 0.0056184224773756057 -0.0092828805087950429 -0.00016382733855444215 -0.019194101413343469 -0.0044758305750556707 0.0045381062688918993 -0.0045015113063841183 0.0069203881044493584 -0.0019792568749513184
-0.005719196690663059 -0.0079239626769969269 -0.013694628252134947 -0.012540913171172846 -0.0016230787261688187 -0.00093851849068059203 -0.0044817086193588733 -0.0024507270315968317 -0.0047598969970757115 0.0015210942193246853 -0.0027945823198393762 0.0038611783539952652 0.0015751174470423086 0.00099987056411690372 0.018822213444681445 0.0059675840438687157 0.0037248872298911656 0.0031903272773021827 0.0027939105053798943 0.00092271094856659201 0.00090040136101015612 -0.00084427500126295753 -0.00060117985029285205 0.0026626710398188662 0.0058577414675284271 0.0055729599247170691
0.0067711939780902008 0.0033644468518298537 0.0032504090290726424 0.0027415057673769302 -0.00018140431337914124 0.0051565530050328781 -0.018290550411568744 0.0013026635185929818 -0.0011565450281371789 0.0033404612541392065 0.0030899134843765876 0.0019563991022273582 0.0055731870106966296 -0.0056666933823126082 0.011807751669697299 0.0014695507786655589 0.0016442545118864876 -0.0017747051545318579 0.0088255629973461487 -0.0036768375750923054 -0.006605965300821256 -0.00077830340024945472 -0.011893978576002039 -0.0044374909409226641 -0.0028338290512583846 -0.0029975498247557242
0.0016764823790662246 0.00095406285393351492 -0.001374590059812969 -0.0065895622642899391 0.0046059780644950648 0.002845043961073151 0.0028872714183501144 0.006312707001343335 -0.00018920753513316504 0.00018756577579924776 0.00087324965300371185 0.0014262620029765378 0.00016297998543064523 -0.0001689546886244906 -0.0063190849508822974 -0.0053450021413655943 0.00085873503419018542 -0.0006434230283248241 0.0025910246262512418 0.0030441104456334534 -0.00023857544627904018 -0.001061413680031976 -0.0030662067166863389 -0.0013177573030288302 -0.0024680564519939069 0.00035636106490620489
-0.002628183592609001 0.012241528666200627 0.0024167958342516823 0.0048542893421240482 0.0024272514359908962 0.0019503487420365758 0.019443307991394553 -0.0026298728322033159 0.0033259664745387894 0.0020402670353510842 -0.0029788708067242328 0.0023489020906690005 -0.009534760784116126 0.0036258797592268778 0.012548156074914905 -0.00025451901314581585 -0.0035368060291760301 -0.0063330054946540799 0.002520959417559684 -0.0068386872164974679 -0.0011870312525995687 0.0041077613404506006 -0.0093182447161876524 -0.0073549495713788006 -0.013498540047238664 -0.007757942848179683
-0.0017389871939019821 0.0055874701707581296 0.0056916369325850109 0.0067003363154263737 -0.0019173455879236178 0.0058376015851156005 -0.0015691638699018243 0.0052253407341197071 -0.0020042730707704533 0.00066322210129284324 -0.0013555240011039167 -0.002434386449221219 -0.0018997948885983939 0.0022870703099058956 0.009833306880639275 0.0014933482606702784 0.0019025091119371578 -0.0042915037766326032 0.0033221915808477713 -0.0058340861382712734 -0.0097772499655342654 -0.00021726535390894085 0.0016950328779843872 -0.0098057599658658845 -0.0021823388062586851 -0.0052113877933886305
0.0079120956666704975 0.0044531925196248301 0.0017067267724336335 0.0049301069635586895 -0.0013644748684056968 0.0019432231714419062 -0.0035321678386810926 0.0034278306575828109 0.00069501094929703272 0.0012052635515635167 0.0010885092757744359 -0.00012719560085771203 0.0069707552255241813 -0.0012373224923229403 0.009734898712496335 0.004355725458770679 0.00084657215098033053 -0.0041689378416140928 0.0059521310330004984 -0.006171589445552207 -0.0099776454088811653 0.0019460748184953163 -0.0092614007706460222 -0.0056216537765998095 -0.010771010899563229 -0.0049347179840914523