C:/Users/vmc04/Desktop/Wing saga/Lab reared wings for landmarking/13/ARS/ARSMC/coord_Jul21_Format - {translated and scaled (first one is consensus)} - 1 20 26 0	from C:/Users/vmc04/Dropbox/Homework/ARS/ARSMC/coord_Jul21.txt - TPS like internal (simplified) format - can be converted to other format by using TET	
-0.6957887766503722 -0.033269579968548478 0.21687123872521208 -0.092613226098494275 0.24176539536446912 -0.066084604629386978 -0.02565819641179035 -0.091355945460147817 0.25182364047123973 -0.036915693819752668 0.24390277244965775 -0.0079982391377875616 0.20819600232062271 0.019787662969665637 0.0079111966320559012 -0.0062380462441028305 0.14143440042443373 0.047322108949449812 0.053801939931696047 0.072719177844045274 -0.3197361377209918 -0.0074953268824492275 -0.080601360307524142 0.09711042222796358 -0.24392211522870952 0.10503129024954524
-0.65559564502326018 -0.20837635533154686 0.23432936709666724 -0.039681778858263954 0.25144330963743505 -0.0054538937767282785 -0.0077106774084778583 -0.11058239795573067 0.25388815857183039 0.028773991304807608 0.24410876283424873 0.063001876386343136 0.19521178414634077 0.082560667861506454 0.0045135672634991674 -0.012788440579914356 0.11942146718008313 0.085005516795901861 0.031406905541848627 0.0874503657302972 -0.31820649207669421 -0.0861339086117765 -0.098170087981107684 0.077670969992715611 -0.2546404197824137 0.038553387042389094
-0.68851766010646642 0.14326299138861262 0.18709719024632238 -0.15092506679870024 0.21489448708291883 -0.13239353557430245 -0.053812715670846945 -0.079115383304159223 0.22879313550121694 -0.1138620043499048 0.22879313550121708 -0.076798941901109516 0.19636295585852112 -0.032786555243165108 0.022629850629793235 -0.0049892584065685782 0.13845192078227841 0.013542272817828983 0.073591561496886684 0.059871100878823219 -0.29472262158801654 0.076086190700171155 -0.04917983286474778 0.1224150187611652 -0.20438140686907796 0.17569317103130846
-0.67003767288551874 -0.16633736799592924 0.23441004509009181 -0.046882009018018395 0.25635082531052455 -0.01518977092183784 -0.0093764018036036172 -0.098077162865694401 0.24903723190371355 0.0091888737675316478 0.24172363849690282 0.033567518456901209 0.20271780699391154 0.057946163146270761 0.017440107354702895 0.0018752803607207111 0.12226827951899198 0.072573349959892536 0.034505158637261585 0.082324807835640348 -0.32873664723434487 -0.073698518176324848 -0.10201525162320788 0.08232480783564039 -0.24828711975942511 0.060384027615207753
-0.67333661331013328 -0.17286373790361734 0.237572088990533 -0.055094538925431022 0.25439626027313106 -0.026253102440977193 -0.0027732150465821811 -0.093549787571369433 0.25679971331350221 0.0049917870838477657 0.24237899507127517 0.036236676608672726 0.19430993426385215 0.053060847891270781 0.011647503195644792 -0.0022185720372656869 0.11980289001234661 0.07228847221423991 0.026068221437871748 0.081902284375724582 -0.31762556333520292 -0.057497991965802152 -0.098911336661428248 0.086709190456466814 -0.2503288782048107 0.072288472214239896
-0.68863654760571547 -0.070005226804384063 0.22797865227902511 -0.078734895374714925 0.24980282370485227 -0.050363472521139589 -0.016452067690238943 -0.094011815372793933 0.25853249227518338 -0.024174466810147018 0.24107315513452141 0.0063793731860109955 0.20615448085319801 0.032568378897003612 0.0010072694504227183 -0.0067151296694852626 0.13631713229055112 0.052210133180248017 0.042473195159494423 0.07185188746349247 -0.3285377190795673 -0.021992049667564302 -0.08847183339546863 0.08931122460415418 -0.24124103337625866 0.093676058889319597
-0.67287443109020861 -0.18185795434870514 0.23254602247568443 -0.041014772682899471 0.24763636336844944 -0.013349147712830365 -0.0088994318085537268 -0.093830965807576563 0.25518153381483161 0.019346590888160146 0.24260624973752754 0.049527272673689927 0.19985028387469383 0.06713267038191556 0.011221022715132931 -0.0032889204509872517 0.1243985794108694 0.077192897643758848 0.031341477238819374 0.08222301127468043 -0.30819119284839058 -0.076225568099350868 -0.086866193087838772 0.077192897643758848 -0.26795028380101754 0.036951988596385779
-0.66025781757453084 0.2011496599634435 0.1812472440400672 -0.16057191876044341 0.2063667981181149 -0.14550018631361472 -0.052364608885776327 -0.077677390302885951 0.22395048597274844 -0.11786867682776228 0.23148635219616276 -0.092749122749714585 0.20887875352591984 -0.052557836224838249 -0.0096613669530953069 -0.0073426388843524501 0.14356791292299581 0.0001932273390618601 0.075745116912266847 0.050432335495157292 -0.29602428344283904 0.10067144365125269 -0.04482874266236208 0.11825513150588608 -0.20810584416967218 0.18356597210881009
-0.57960300510290486 -0.39131962355340882 0.2306978553559447 0.030612185442915225 0.23788987482747281 0.06417494297671357 0.014937271210097114 -0.096446825220750598 0.23549253500363007 0.10013504033435475 0.22350583588441644 0.126505778396625 0.1683670199360332 0.12890311822046774 0.0005532322670406156 -0.010142591562411726 0.089254805749222468 0.11451907927741131 0.012539931386254399 0.095340360686669456 -0.26075680853181921 -0.17076435975987589 -0.11691641910125425 0.044996224385971777 -0.25596212888413372 -0.036513329624681873
-0.66108142279774273 0.23964932214595436 0.16210425693124722 -0.17320995722581592 0.19249880510585593 -0.16307844116761289 -0.063321975363768324 -0.066829038614684935 0.22289335328046492 -0.12761813496390265 0.21529471623681271 -0.1022893448183952 0.18996592609130547 -0.069361917629235603 0.017730153101855238 -0.0085728212800179424 0.14437410382939211 -0.0060399422654671686 0.081052128465623596 0.042084759010996869 -0.28621532864423344 0.11300537141841759 -0.032927427189159586 0.12313688747662047 -0.18236728904765329 0.19912325791314259
-0.63289302475743991 -0.27455889793201904 0.22690537704326233 -0.016619377391808469 0.24674687862327829 0.031882070914897802 -0.00016958548358993628 -0.098189994998541794 0.24674687862327829 0.058337406354919366 0.23351921090326749 0.082588130508272642 0.19383620774323534 0.093611186941614841 -0.00016958548358981097 -0.0055963209584661035 0.1254932578565128 0.098020409514951876 0.035104195103105591 0.091406575654946504 -0.30661055433050688 -0.1312591642985686 -0.1104001498170132 0.060542017641588057 -0.25810910602380055 0.0098359580482132655
-0.67535014214911582 0.17771393776343361 0.17529732563903572 -0.1509453111547156 0.21154650750500809 -0.12919580203513223 -0.059114050427585794 -0.071197111049576475 0.2308794045001932 -0.11227951716434509 0.22846279237579506 -0.085696783795965431 0.20429667113181363 -0.044614377681196721 0.010967701179960768 -0.010781807939622587 0.15354781651945218 -0.001115359442029992 0.07379961641431286 0.054466719419127729 -0.31044171136499421 0.088299289160701927 -0.047030989805594954 0.11488202252908158 -0.19686094151828065 0.17046410139023915
-0.70271002874284882 -0.050943999262880776 0.21983227697484314 -0.079290271226273537 0.23787081367882065 -0.056097866892588548 -0.012091766362006753 -0.092174940300542907 0.25075548275308979 -0.022597727299488016 0.23787081367882049 0.0031716108490509368 0.20952454171542759 0.023787081367882039 0.005946770341970462 -0.0045591905955107634 0.14252426252922665 0.054710287146128619 0.052331579009340518 0.070171890035252024 -0.31359302269991168 -0.025174661114341867 -0.073938177918500006 0.088210426739229159 -0.25432354495827231 0.090787360554083041
-0.70016496104637227 -0.05107389835887665 0.20752811864809381 -0.084692160569782737 0.23694409808263669 -0.061579605299784818 -0.013091727110977867 -0.08889444334614606 0.24744980502354474 -0.032163625865241942 0.23904523947081832 -0.0069499292070623791 0.20962926003627533 0.018263767451117352 0.0058185453826569023 0.0035557777338458526 0.15289844255537119 0.04978088827384184 0.060448221475379219 0.074994584932021449 -0.31985836978549653 -0.015354494759788857 -0.076125968756426909 0.091803716037474462 -0.25052070397550252 0.10230942297838269
-0.64389581563671416 0.26247982293471139 0.15342393059322962 -0.17132028215696016 0.19219935898131224 -0.15677949651142922 -0.059840925541223333 -0.069534782638243947 0.20916360890109828 -0.13981524659164324 0.21643400172386359 -0.11558060384909169 0.20189321607833255 -0.079228639735264506 0.0031691455894105585 -0.0089481757818652002 0.15584739486748475 -0.025912425701651271 0.075873073817064943 0.046791502526003219 -0.29007003159546235 0.13161275212493348 -0.035606282798671847 0.12918928785067821 -0.17859067497972564 0.19704628752982239
-0.69163517657360918 -0.055757895881577375 0.20800463286318951 -0.09688428717011674 0.24913102415172886 -0.063469094248178509 -0.041324114323580428 -0.091743488259049391 0.25427182306279644 -0.035194700237307731 0.2465606246961953 -0.0069203062264368877 0.20800463286318957 0.029065286151035055 0.0049430758760264214 -0.0069203062264368877 0.14374464647484669 0.057339680161905833 0.056351064986700547 0.080473275261709304 -0.3137864566101537 -0.012061105137504271 -0.079880106156586028 0.10360687036151263 -0.24438567131074357 0.098466071450445239
-0.68757254510975452 -0.065142314788887878 0.21891487758631917 -0.081840767312236593 0.24515530298015287 -0.057985835136024212 -0.0077069780876993319 -0.086611753747479078 0.25231178263301662 -0.024588930089326711 0.24754079619777386 0.0088079749573706633 0.2141438911510764 0.032662907133583184 0.020918940523755484 0.0064224817397494855 0.13780810818719655 0.056517839309795641 0.037617393047104208 0.070830798615523119 -0.32020658959608267 -0.026974423306947992 -0.095970227139685477 0.08514375792125066 -0.26295475237317256 0.082758264703629347
-0.68005741733206448 0.16234741614437975 0.18707329180273247 -0.14164668303506081 0.21199084091580134 -0.12171264374460566 -0.034692895303580343 -0.074369300429774798 0.23192488020625646 -0.094303339720229903 0.22943312529494941 -0.069385790607160963 0.1995320663592669 -0.039484731671478306 0.012650448011250237 -0.0095836727357957226 0.15966398777835678 -0.00210840800187506 0.077436075705229312 0.042743180401648991 -0.31376944536995205 0.077627749159945386 -0.062102199327956326 0.10503705318432113 -0.21908275874029015 0.16483917105568652
-0.67533993822278726 0.1697121693264266 0.1769143179703119 -0.14958308721915717 0.21292506118973875 -0.13277807371675801 -0.041550857560876918 -0.084763749424189017 0.23213079090676633 -0.10637019535584512 0.2345315071213947 -0.072760168351046817 0.20572291254585326 -0.036749425131620127 0.0040627505170635816 -0.010341546770707167 0.15290715582402742 0.0064634667316919355 0.066481372097403305 0.054477791024260959 -0.31523250602851993 0.088087818029059156 -0.051153722419390618 0.11449569638997212 -0.20239884394098276 0.16010930446791269
-0.60287008946449216 -0.35740120533900549 0.23969533677503924 0.032406362547674344 0.24211650179296879 0.059039177744900806 0.019369320143437407 -0.093494218384669467 0.24211650179296879 0.092935487995916444 0.20579902652402349 0.10988364312142429 0.17674504630886709 0.11714713817521336 -2.5805118233496183e-17 -0.0087534427571304384 0.10653126078890615 0.10504131308556491 0.024211650179296849 0.090514322977986755 -0.26632815197226573 -0.15402334383291166 -0.12590058093234388 0.037248692583533652 -0.26148582193640652 -0.030543927918497592
-0.68455298281871546 0.10123949370398111 0.20742232206147676 -0.13267910210033446 0.22798659422009804 -0.106973761902058 -0.049631079921287388 -0.086409489743436846 0.23826873029940845 -0.086409489743436929 0.24083926431923597 -0.060704149545160534 0.20228125402182145 -0.017005071208090521 0.0069206685149205442 -0.011864003168435271 0.14058843754595798 0.016411871049668805 0.066042950970956485 0.05754041536691102 -0.31182554994370715 0.054969881347083416 -0.059913216000598145 0.11409216380311918 -0.2244273932695672 0.15779124214018911
