C:/Users/vmc04/Desktop/Wing saga/Lab reared wings for landmarking/13/ARS/ARSMA/coord_Jul21_Format - {Procrustes residues OP} - 1 20 26 0	from C:/Users/vmc04/Dropbox/Homework/ARS/ARSMA/coord_Jul21.txt - TPS like internal (simplified) format - can be converted to other format by using TET - Orthogonal projection of the preshape data to the Kendall tangent space
-0.0077738505574441886 -0.0052704723147648878 0.0070973912429524279 0.0072574912281236463 -0.0040306283358356575 -0.0017177186489929993 0.0065826515208708076 -8.4727959757015768e-05 -0.0065067291398979311 -0.0057713011978367248 -0.0023313991679233905 -0.006930109023846576 -0.0029872404768489839 -0.00091334131814203487 0.0066961121965497484 0.008383635659903247 -0.0011604770180664845 -0.0021028772291214679 -6.461509193418603e-05 -0.0032502245380834106 0.0083103985899613195 0.0047154554372312151 -0.0028515462008806601 0.0036296737776356971 -0.00098006756150224427 0.0020545161276516316
-0.0019705014434609307 0.00027357196947827529 0.0029302799457721477 0.0052528581611206576 0.0043669181723271552 0.0065246888755089022 -0.0049576474609700398 -0.0044823823258284537 -0.0017563524736585066 0.0033566003444631689 -0.00010424179690354373 -0.0007154423361150047 -0.0014193591612998205 -0.0048756503617550361 -0.010932533011574517 -0.0027477345150396389 0.0094766458662872335 -0.0043387991917764384 0.0033308514088572563 -6.0588878134384527e-05 0.0014359968225387621 0.00089636526535089738 -0.010139648442385359 -0.0019526072250250703 0.0097395915744690181 0.0028691202177522634
-0.0061720558770961883 0.0012902071015425624 0.016771020512940132 -0.0042715185915428878 0.016130407120436566 -0.0044696475929524443 0.017050507563344607 -0.003529441538295174 0.0098052036230928535 0.0027086083757945764 -0.021805388599520904 0.0028618307502748805 -0.023120737331199237 -0.0040804020007533977 0.013249203180790354 -0.00011332604327072822 -0.023215282951991687 -0.0028880204880865398 0.0011806129524574212 -0.0032634237693867506 0.0075606513962354739 0.0066413697574990204 -0.0034887501990635266 0.0045708100963578833 -0.0039453913904253712 0.0045429539428189919
-0.005038400260174913 -0.0028011489333018107 -0.001304563037003291 -0.0048300413838312066 0.0049353961486589696 -0.0044573491369926319 0.0084083329971560376 0.0067194165484111886 0.0038949015649720558 -0.0054322922928243351 0.003662839737471865 0.0017471740275220686 -0.0053423812360034132 0.0047712909999558318 0.0020307427067506462 -0.0016703006140839592 -0.010638378048587312 -0.0022164768811662162 -0.0095865165357372877 0.0052873420272924118 0.00086490952481777742 0.0039171413728080482 -0.002688467526707307 -0.001022374271837611 0.010801583964385974 -1.2381461952412631e-05
-0.0045823625409819775 0.0005401459956595585 -0.003813288043356366 0.0043147770202289467 -0.0065832938640879753 -0.0015666500461372951 -0.0078476383092858093 0.0047149617689483964 -0.0030495915603045505 -0.0028058428891335179 0.003014187257974579 -0.00328629400660478 0.0033060720385456395 -0.0013860128974569588 0.010124500725238149 0.0064143814614489713 0.0074354380451802033 0.0027451548478405171 0.0011924318681677047 0.0030297712622309792 0.0046612744526567263 -0.0034485915043297581 -0.0016751473008771341 -0.0036400849675055011 -0.0021825827688690806 -0.0056257160451895216
-0.007421318379528143 -0.0097541958747944177 -0.006144149741069244 -0.0021769371348334308 -0.0018092421612626707 0.0029917947064307527 -0.015812609608909702 0.0016202988104399552 -0.0049682466759803957 -0.0039422111385656643 -0.0027886616369513081 0.00077332152870946086 -0.0030218009549957459 0.00042903789626583255 0.0043471219801373097 0.00036136560181913006 0.0044248935249809503 0.0020819938292738569 0.013668587437868101 0.00096533946010204214 0.0018148536767940973 -0.00090114978008735925 0.011953944419492863 0.0018199739579579993 0.0057566281194235272 0.0057313681372817282
-0.0035189181158409733 0.00089830048686239555 0.0024057335435998801 -0.0012348478229220238 -0.003553391083740436 -0.0048430064577720637 0.014936201044736717 -0.004369770831132179 -0.0016103771825248256 -0.00063648887501607224 -0.0036724996128983034 -0.00053345777469361252 -0.00065643876284209512 -0.0034140982700365322 0.015239399356166309 0.0054602923663203771 0.0010813061995450801 0.00057077143160708761 -0.009197483129800255 0.00078650284432579842 0.01879364906784944 0.0068094109239112783 -0.010691471573748317 -0.00050660689141445087 -0.019555709750502175 0.0010129988699599801
0.0017724924450658111 -5.8645720726374081e-05 0.0023394567011396578 0.0065140531577050718 -0.0046865296963939304 0.0019379606990456034 0.0055973831191597021 0.0077911801498123838 -0.0032847155266043479 -0.0067428992007872064 0.0017194027865526035 -0.0058914811313986026 0.011724391441628913 -0.00071212393315648465 0.0019332435484761608 0.001532943986371806 -0.0033850023647679739 -0.00067379225164953323 -0.0066288225913836082 -5.4317193908537571e-05 -0.0069154968603605416 0.00096605640285802013 0.0067516926221912119 -0.00057159081000884458 -0.0069374956247034245 -0.0040373441541575183
0.002923031248483917 0.0027966868488019758 -0.0053410817788973417 -0.0056517495430267054 0.0012712141552230932 0.00013285287763523774 -0.00017726675449826701 -0.00035301291582423176 0.0014512308067113682 0.0014111361936288416 0.0061253167868403997 0.0048997617998890255 0.0076334605681369393 0.001033306528474495 -0.0008825516435840222 -0.0015138289862784656 0.0021876543023921302 0.00011811689316534521 -0.013094771213281153 -0.0020458814502107114 0.0035670317779162362 0.00024744036217971968 0.0025674321861359631 0.00094248177677108301 -0.0082307004415791453 -0.0020173103852052093
-0.0042017622191442075 -0.0042956399247052329 -0.011048244547598583 -0.0027859343220282811 -0.0038634152794384995 -0.00056753256515075176 0.00084097006081599419 -0.0028529258122168368 0.0070653946045357964 0.0074368417326612125 0.0039778827225951576 -0.0012096465450229196 0.0035253896656206626 -0.0045174933021930753 -0.010293241464617237 -0.0015817241186286931 0.00015611381277127545 0.0054474749583394667 -0.002123628304521839 0.001657608760170657 -0.00060096061805164479 0.0011194296347606042 0.0066435145894600898 -0.0019008051250895377 0.0099219869775724109 0.0040503466291036405
0.0021862670152882572 0.0082522572638584531 0.0023344477516715327 0.0026372273946918198 0.0028783798337055134 -0.00076170582718420264 0.00012832194034661788 0.0041100558338836527 0.0055247049020732963 0.0022628137364674025 0.0021966315577078141 0.0026268092971428862 0.0056693083727237994 -0.0045426326736165866 0.0058212407695391157 0.001582646877413426 -0.0023972525879421107 -0.0031329850234573147 -0.011298156775319321 -0.0042540542393218143 0.011366553271175996 -0.00027543109241799136 -0.0065468907621659507 -0.0033083511555147527 -0.017863555288804296 -0.0051966503919456258
-0.010881097787664639 0.00092275255122757193 0.0014258762812441239 0.0035100048054294728 -0.0041590393630037848 0.00085459212484056946 -0.0017663765386339491 -0.0029021679144870141 -0.0036874997889741554 -0.001033159492093351 -0.0018102099856332934 -0.0015277726565459991 0.0012100731684805688 0.0030388732899724034 -0.00093434727016624233 -0.00013809570906183474 -0.0050398392599694027 0.0041837114576567325 0.0048567319051095867 -0.0014915908882687829 0.0084168849402492044 -0.0027095286624699991 0.008724406297916848 -0.0022543698443933512 0.0036444374010462743 -0.00045324906180632674
-0.0013337319050053479 -0.005726107205662574 0.00041472388336861836 0.0033041482504826648 -0.0077739884341070757 -0.0018940076833407775 0.0046155480271558328 -0.003622543009880731 -0.0060467163432613141 -0.0053890808207573172 -0.001372812355610523 0.00015575589695830105 0.0044247723846312648 0.0013186902020594939 -0.014059516771437835 -0.0019874272779244221 0.0090168731224997949 0.0030410163850150464 0.0053046966083015162 0.003776161700836605 -0.011613489041186659 -0.0037983573126092454 0.0012928625601839039 0.0053921936640644024 0.017130778264467763 0.0054295572107587453
-0.0059666017149886865 -0.00040708349234850878 -0.012600955599008723 -0.0015240966977931388 -0.0077216975669490932 -0.0015451304185717151 0.01435321106766385 -0.0049854560571495092 -0.003902926478368352 0.00067447462483604293 0.0034598641195832057 0.0040698241931496531 -0.0014795623900251517 0.0056057396251645583 -0.0092853787748418942 -0.0047856222188714234 0.0061601505358314041 0.0031894370018064754 0.0051437578027472095 0.0012349602758188259 -0.0050341912036742081 -0.0037999127876903517 0.014557696277317771 -0.00047265001863637307 0.0023166339247127944 0.0027455159702861609
0.026772784306974131 -0.0011224181017348894 0.0012365251559754188 -0.011554111946138512 0.011078155406122857 -0.0054266715242526214 -0.017482660320071723 -0.0067859195651703208 0.0082725444507264732 0.0026188445363620415 -0.0009515484906370609 0.0036382168495296464 0.0087303131681719156 0.0024895267347965827 -0.018267270463025759 -0.0071729151135610141 0.010777606437124686 0.0034209694902687876 0.0076726256645824435 0.0079181756979573043 -0.010271628137340802 0.00034557174630619862 -0.017167303233651024 0.0076736235441865388 -0.010400143944950962 0.0039571076514500064
0.0020405479402610342 0.0010300953725615421 -0.0034643261127278672 -0.0024629660626234737 -0.0040204485170673779 0.0020947799596524614 -0.023403084653216565 0.0011057669943182794 -0.00041233345796186762 0.0049346621045979755 0.0036476224994836438 0.0043591687490353434 0.0062675248230526347 0.0019957455933480861 0.00098124948737745828 4.0863864768927628e-05 0.0064403482804158063 -0.0022524740752986089 0.011305249407707371 -0.0018275383917643398 -0.0073398522908960564 -0.0085076071325626279 0.00071048299316253866 0.0026130893331767586 0.0072470196004097744 -0.0031235863092104049
0.0040239154196359088 0.003208816789265133 0.0052291643099707406 0.0017132286906383551 0.0020672196358836178 0.00024917600115361024 0.0014373559681781648 0.0017138871542408502 -0.0039208449671380395 -0.0044511715806522722 0.0034126266572473813 -0.0035444579662286405 0.0013694702844213244 0.0013133737677052675 -0.0010032318046543692 0.0014611944962793619 -0.0023368641304413974 0.0033051995721477502 -0.0053205699882248811 0.0021671274797700254 -0.010861648807158224 -0.005076631785669662 0.0045667285781190734 0.0016560225024710863 0.0013366788441617115 -0.0037157651211210119
0.00067690074379404483 0.0025298067184447029 0.0015615288260304259 -0.0018679723719012818 0.003373872146631617 0.0045047115073218267 -0.0055487589908082844 0.0040881730164664537 0.0024528552596943987 0.0045404939416672637 0.0011951573509213385 -0.0015798341567880162 -0.0027230812533152282 -0.0015818248931789617 0.0061590136890614803 -0.0028365211413364593 -0.0060419986677183622 -0.0019115347083108237 0.000966036533611465 -0.00046403997424885495 -0.0080376345616594742 -0.003270833204540846 0.0032657198936016305 -0.00060364882703955059 0.0027003890301551992 -0.0015469759065555311
0.0024573354426708546 0.0025688905088695826 0.0069607835063096009 0.0056116290873575812 -0.00027959743715789877 -2.857166997220393e-05 0.0005905199483573491 0.003398833752683285 -0.00075544210574014607 0.0020418762872633331 0.0044316144160555116 -0.0030893041962306747 -0.0068501299463174202 0.0014310818794721701 0.0069362829788078891 -0.00099368763406005299 -0.0025254246400913003 -0.0021070767279709078 0.0043672846619463796 -0.0040261735147948084 -0.011219127695604542 0.0035931590529674211 -0.0036618616465522854 -0.0051291615713559505 -0.0004522374826837431 -0.0032714952542288595
0.0029593630556570896 0.004881874089821628 -0.0029824943538756489 -0.0035331220638466134 0.0067989827086354822 0.006634636031343343 0.0020103962770327928 -0.0029686395907426062 0.0060686229021668769 0.0033631107447813524 0.0024779639459614122 0.0028846967809453006 -0.0024127102950256244 0.0028302172530926279 -0.0075561831990353847 0.00021781145238100458 0.0022858246832580652 -0.0056411258805287058 -0.00067936172752083575 -0.0047610773708013894 -0.0007694775950307679 0.002517205101688767 -0.0036145382210613633 -0.0051124410226444988 -0.0045863881811620075 -0.0013131455254904306