C:/Users/vmc04/Desktop/Wing saga/Lab reared wings for landmarking/13/ARS/ARSMC/coord_Jul21_Format - {Aligned specimens} - 1 20 26 0	from C:/Users/vmc04/Dropbox/Homework/ARS/ARSMC/coord_Jul21.txt - TPS like internal (simplified) format - can be converted to other format by using TET	
-0.68719852999483533 -0.031377310395592869 0.21604295516023878 -0.099047147272962238 0.24144167097327734 -0.070423024902275977 -0.036102046648133497 -0.10480726840993995 0.25267233640555964 -0.037997763802093951 0.25209629318721194 -0.0024048870939992733 0.20993764355735225 0.029156309178660939 0.0010455868658005971 -0.013521214812811638 0.13736957304502784 0.051156867677847516 0.052994793882073427 0.076325041784946951 -0.32965721515831314 -0.00073641466768970497 -0.074690410300936386 0.10045640030832047 -0.23595265097432389 0.10322041240759021 
-0.70196001902129035 -0.042813370291611433 0.2201973942077621 -0.096420132598809799 0.24214401272033276 -0.071231776225152185 -0.031117026880960248 -0.090480842620551741 0.25068102720001556 -0.04969786201639833 0.24093584809360621 -0.013938917928697685 0.19807437182800677 0.019997796457338429 0.023145437087103048 0.0011364774618192132 0.1300195478079626 0.049469634213199255 0.055259921771474596 0.077114250886608462 -0.30435810095910432 -0.0040839284449674046 -0.079636570261099784 0.1051765632446215 -0.24338584359380971 0.11577210786260127 
-0.68962648288129458 -0.032154582666086978 0.2207239319812459 -0.091798354339513055 0.24843642007029371 -0.06500630708401739 -0.028366920135987926 -0.094352342994570362 0.24602926877914547 -0.039668339760804638 0.24362211748799753 -0.014330372437591898 0.2101340978264602 0.017202558718245178 0.017470239034156562 -0.0015699583001785374 0.13409572296283701 0.047273252310471199 0.049931768654874031 0.073991880884012123 -0.33680108307404621 -0.0080178087039798375 -0.083955048940649118 0.10067787893223994 -0.23169403176503187 0.10775249544177477 
-0.69379791094103327 -0.043686673938725051 0.22304824051200031 -0.098617382297607484 0.24497674057026017 -0.073437587162859475 -0.020246262900298208 -0.091374735648947006 0.25318990996845314 -0.043195835289458168 0.24487665815331155 -0.0098028707565170799 0.20080952448903833 0.015727015198359621 0.01102582400577579 -0.0043609170561650515 0.1312224735837452 0.048569724077275056 0.040947391200618459 0.075570149588044935 -0.3227738327651164 0.0030117181510139128 -0.080919962767141154 0.1037009925484358 -0.23235879310961452 0.11789640258714973 
-0.69155165743733527 -0.029619783488855606 0.22298484349779174 -0.091930458580893132 0.24643059739134512 -0.064883671017058608 -0.021920939136289067 -0.092888989597021743 0.25667664277720303 -0.039249910320875749 0.24103370869380805 -0.0077274706125555108 0.20770609034246268 0.020458477814322473 0.00061290181998229529 -0.0067625372148934259 0.13913671284175044 0.044150126865175991 0.046601820285576537 0.069245479167911878 -0.32926152510164475 -0.0027443021561666314 -0.08309829583375497 0.094331507854878371 -0.23535090014089644 0.10762153128603148 
-0.69651389421581933 -0.026470941410948849 0.21744397155253892 -0.092075965283835548 0.23834937507447962 -0.068494843664430025 -0.029696816652894722 -0.089451378477819171 0.2530284801328182 -0.038320934497477192 0.24753515983710761 -0.0060899749276312701 0.2098108799715514 0.02064766434650403 0.010198824088874354 -0.0057194698802115898 0.1385315683011473 0.047357729993178131 0.048967423951344964 0.073110212488796011 -0.31743463417705303 -0.0052346543594722341 -0.067361933300054092 0.094693446923705266 -0.25285840456404174 0.096049108749642537 
-0.68963713590792286 -0.028322996811925818 0.22412514620407548 -0.091661460852050056 0.24285342543083255 -0.069135904849292468 -0.023755692946181274 -0.090617306739242467 0.25031892665621114 -0.03724620923315633 0.24913105561343188 -0.011047540579904388 0.21451267833968507 0.019415732144673386 -0.0066923884597616719 -0.010122662391486516 0.13543956868237098 0.047622538708082168 0.054825648410225206 0.072628448117438432 -0.31266159187940651 -0.0028008780960798027 -0.081386506322476834 0.096799426056067783 -0.25707313382108299 0.10448881452687597 
-0.6986284841645406 -0.031447295849663673 0.21278272059009493 -0.094245000831351525 0.23642884179846568 -0.069364390124409189 -0.037575460147539604 -0.090073286611884407 0.2531448957419935 -0.037435572721331356 0.25667712962076678 -0.0086845709031499324 0.21088817768800244 0.0221278964326488 -0.0048196667254159211 -0.0089414228285614062 0.13589192727329849 0.051131438174825752 0.060439380194836287 0.074793820444607806 -0.31154723997072326 -0.0096383103563201459 -0.076267422199935847 0.099385057103317034 -0.23741479969930307 0.10239163807127223 
-0.7021980921230534 -0.037125255447566924 0.21681662229083509 -0.096281003815883268 0.24085380180808649 -0.075098695697274759 -0.032247418631225086 -0.086231647077828946 0.25501354511569474 -0.030592925911075552 0.23813907040577392 -0.010232695106377778 0.20197494166564681 0.010210368851846801 0.019669555422885263 -0.00097988937151108129 0.13529912013987466 0.050739637843465406 0.058223337172575086 0.070360624487779161 -0.30762367839449267 -0.0075565078827971094 -0.07834003620244244 0.10054723888067395 -0.24558076867015846 0.11224075024654964 
-0.68928281206957054 -0.028729326579844089 0.20576816530156108 -0.097065524180657545 0.24171661004558664 -0.058936991645512464 -0.035450765122835848 -0.091567172770897737 0.25122547358297986 -0.034249620633772543 0.24759824631972027 -0.0068650987709808764 0.21452921627602436 0.017684601123333622 -0.0021697427419596392 -0.0051613742298078739 0.15233831841859502 0.046363727096889421 0.065612584910801866 0.072680501430047798 -0.33329889209723157 -0.01228205056076829 -0.081261629780726499 0.096177318038680334 -0.23732477304294483 0.10195101168329061 
-0.69761703532592778 -0.031788837652221513 0.21233746944723761 -0.091795633907803278 0.24045046710355103 -0.060225019474895981 -0.035190150912985364 -0.085587106847247685 0.25385846806701301 -0.038312760115809724 0.24362384353042627 -0.013660494741421727 0.20830514096054378 0.018345047855724925 0.01368412492954867 -0.0070201550219582687 0.14689272048302596 0.044729237123741231 0.054197041427650708 0.073997889210917434 -0.32264818729788169 -0.0083046887300217281 -0.079152895424352762 0.095627465972950743 -0.23874100698784917 0.10399505632804547 
-0.70419921941329877 -0.022363696795749895 0.21643080051720368 -0.08815262729245546 0.23539633927607173 -0.065711932900709313 -0.015825174989250301 -0.09160782864865652 0.24963087734782194 -0.032762699589529799 0.23780337563002921 -0.0064913522909463882 0.21031771928760601 0.015258301829559567 0.0057567076326148639 -0.0047969379419507876 0.14462856017428694 0.048876993678257437 0.055138207860462848 0.067988722202044244 -0.31435669612574396 -0.012418335202270561 -0.070294800635218688 0.091140411141707831 -0.25042669656258576 0.10104098181069905 
-0.70114852968746311 -0.035074992341406548 0.2055404012209352 -0.089408196254773725 0.2354763998562468 -0.066973267172898282 -0.015117879659691353 -0.088572372053392454 0.24665096986812474 -0.037804813160535355 0.23882425356189796 -0.012405802684483051 0.20999160032207495 0.01347292318091233 0.0058982112936539132 0.0034220066040212939 0.15399514368538011 0.046277060132532147 0.062144679644769212 0.073594932165956126 -0.32012555502749263 -0.0080477481014000068 -0.074010138112130294 0.093517831743561777 -0.24811955696630553 0.10800243794190598 
-0.69452872504201468 -0.033575719408828759 0.21136649506512911 -0.09062972095785872 0.24039180288611237 -0.061091613371796714 -0.024931398579838476 -0.088286169534255485 0.24861861752106806 -0.038555174619323028 0.24498958316300418 -0.013515074174548121 0.21647359158533633 0.013312858404475566 0.006647457501248173 -0.006776772267026443 0.15223690980343951 0.042234909568090111 0.049060046566960017 0.074426338549860624 -0.31851767526268104 -0.0030050452490821195 -0.086771158848566232 0.10211976039034409 -0.24503554635919783 0.1033414226699482 
-0.69278176485670784 -0.039007521187246097 0.20559963485382815 -0.10188857905076709 0.24752246446159712 -0.069478217496067293 -0.043531742726600958 -0.090716797991065051 0.25334585492784339 -0.041336481700213638 0.24632101040661422 -0.012883792962879918 0.20864697368033222 0.024024123826490964 0.0047741926420782526 -0.0070378776630559145 0.14508989521421156 0.05384500550633662 0.058281612594043436 0.079086308485856238 -0.31398641622390155 -0.0044655387093420051 -0.077349962978530806 0.10550923264299976 -0.24193175199480688 0.10435013629895368 
-0.69026453866547954 -0.023116933743314805 0.21352013189341124 -0.095030458796688047 0.24116562429992822 -0.07281909991024757 -0.012971227652097536 -0.085981048212124586 0.2503441839578866 -0.039920429567431581 0.24761744937747163 -0.0062948366835676711 0.21573647059212289 0.019551134908113145 0.021271474340172528 0.0051356327486704904 0.14099643254863098 0.048014027647566834 0.041864267995554302 0.068406530078418099 -0.32125532399223344 -0.0074092064448004176 -0.090602720424966976 0.090834415624203926 -0.25742222427040029 0.098630272351201767 
-0.69881814834662903 -0.022090041613872066 0.21772396707521521 -0.087501277029400373 0.23652656762541133 -0.061719260258298582 -0.01392782097389495 -0.080872774367387865 0.24855622689957152 -0.030034513655529588 0.23960332584612465 -0.0066477939396862498 0.20289492318903526 0.014343628720898701 0.014724479073050344 -0.0059220211093411112 0.15460526047943704 0.039928032880108773 0.063480265670256053 0.061592054373170758 -0.32314099661415835 -0.00756495833532023 -0.087524514234009795 0.085023085753904173 -0.25470353568940968 0.10146583858075407 
-0.69585906352856897 -0.025815039829196713 0.21167279639670183 -0.094172199456713526 0.24155113161555963 -0.067971680557636804 -0.016202615684373131 -0.092999151745999792 0.25261016620722243 -0.037248174127076261 0.24552092001458864 -0.0043067117729748841 0.20779524307579653 0.022216524231391026 0.0067913697366965824 -0.0087937948846960341 0.14500619052887878 0.048944656630602774 0.048604655784961252 0.070888574445123934 -0.32728964767856417 -0.0035331380645097984 -0.081117389076707874 0.095634392341681862 -0.23908375739218993 0.097155742790004676 
-0.70047588491797352 -0.022836396324307399 0.2256682302803423 -0.087051000266563372 0.24061789416581386 -0.064877222169786752 -0.028057528489402076 -0.091263982650581402 0.25694424945276284 -0.035171835929621149 0.2332802275532028 -0.002826619287807264 0.21131697262312124 0.017532839438184556 -0.0042161466949813663 -0.0076711711719109118 0.14395354566601065 0.040742651732519744 0.064814883959773223 0.067661491897896248 -0.30758570409749247 -0.0067014635180214369 -0.092393241983308672 0.093284029791267264 -0.24386749751786918 0.099178678458732059 
-0.69131592349477022 -0.030732967543217263 0.22886127316775778 -0.090831060037626699 0.24416426828209317 -0.06168535461378076 -0.032300580343019726 -0.094268321939973379 0.25034986902985679 -0.039541507722227309 0.24798721105838717 -0.013816228186990649 0.20182549157361196 0.021756588117230091 0.0090497078167001421 -0.010332134934582066 0.13490531862914998 0.042837055087064771 0.053900925242566532 0.069045354887523558 -0.31658915728953296 -0.005307253499811853 -0.080508556293695882 0.10062299765121749 -0.25032984737910469 0.1122528327351742 
