TPS like internal (simplified) format - can be converted to other format by using TET

LM=13
326.000	427.000
1054.000	565.000
1068.000	593.000
856.000	507.000
1070.000	621.000
1062.000	649.000
1022.000	665.000
866.000	587.000
960.000	667.000
888.000	669.000
602.000	527.000
782.000	661.000
654.000	629.000
IMAGE=C:/Users/virgc/Dropbox/Homework/ARS/ARSMC/ARS 056.gif
ID=1 : ARS 056 13
COMMENT=MC-13
VARIABLES=NA
SCALE=NA

LM=13
138.000	834.000
894.000	580.000
918.000	596.000
686.000	642.000
930.000	612.000
930.000	644.000
902.000	682.000
752.000	706.000
852.000	722.000
796.000	762.000
478.000	776.000
690.000	816.000
556.000	862.000
IMAGE=C:/Users/virgc/Dropbox/Homework/ARS/ARSMC/ARS 059-1.gif
ID=2 : ARS 059 13
COMMENT=MC-13
VARIABLES=NA
SCALE=NA

LM=13
442.000	391.000
1184.000	489.000
1202.000	515.000
984.000	447.000
1196.000	535.000
1190.000	555.000
1158.000	575.000
1006.000	529.000
1092.000	587.000
1020.000	595.000
722.000	467.000
908.000	595.000
788.000	577.000
IMAGE=C:/Users/virgc/Dropbox/Homework/ARS/ARSMC/ARS 061.gif
ID=3 : ARS 061 13
COMMENT=MC-13
VARIABLES=NA
SCALE=NA

LM=13
277.000	499.000
1035.000	597.000
1049.000	621.000
835.000	565.000
1051.000	647.000
1039.000	673.000
999.000	687.000
847.000	641.000
937.000	703.000
859.000	711.000
573.000	595.000
755.000	715.000
629.000	703.000
IMAGE=C:/Users/virgc/Dropbox/Homework/ARS/ARSMC/ARS 103-1.gif
ID=4 : ARS 103 13
COMMENT=MC-13
VARIABLES=NA
SCALE=NA

LM=13
269.000	207.000
1109.000	199.000
1129.000	225.000
885.000	185.000
1137.000	249.000
1121.000	277.000
1089.000	301.000
901.000	265.000
1025.000	319.000
939.000	337.000
599.000	251.000
819.000	353.000
679.000	357.000
IMAGE=C:/Users/virgc/Dropbox/Homework/ARS/ARSMC/ARS 104.gif
ID=5 : ARS 104 13
COMMENT=MC-13
VARIABLES=NA
SCALE=NA

LM=13
445.000	335.000
1165.000	447.000
1177.000	469.000
973.000	405.000
1183.000	495.000
1173.000	519.000
1139.000	533.000
989.000	477.000
1079.000	541.000
1005.000	545.000
735.000	419.000
911.000	541.000
767.000	509.000
IMAGE=C:/Users/virgc/Dropbox/Homework/ARS/ARSMC/ARS 147.gif
ID=6 : ARS 147 13
COMMENT=MC-13
VARIABLES=NA
SCALE=NA

LM=13
285.000	707.000
955.000	419.000
975.000	431.000
769.000	485.000
989.000	453.000
995.000	473.000
977.000	505.000
803.000	541.000
925.000	547.000
871.000	587.000
575.000	627.000
775.000	641.000
645.000	693.000
IMAGE=C:/Users/virgc/Dropbox/Homework/ARS/ARSMC/ARS 186-1.gif
ID=7 : ARS 186 13
COMMENT=MC-13
VARIABLES=NA
SCALE=NA

LM=13
276.000	797.000
952.000	1149.000
958.000	1177.000
772.000	1043.000
956.000	1207.000
946.000	1229.000
900.000	1231.000
760.000	1115.000
834.000	1219.000
770.000	1203.000
542.000	981.000
662.000	1161.000
546.000	1093.000
IMAGE=C:/Users/virgc/Dropbox/Homework/ARS/ARSMC/ARS 278-1.gif
ID=8 : ARS 278 13
COMMENT=MC-13
VARIABLES=NA
SCALE=NA

LM=13
188.000	745.000
838.000	419.000
862.000	427.000
660.000	503.000
886.000	455.000
880.000	475.000
860.000	501.000
724.000	549.000
824.000	551.000
774.000	589.000
484.000	645.000
684.000	653.000
566.000	713.000
IMAGE=C:/Users/virgc/Dropbox/Homework/ARS/ARSMC/ARS 287-1.gif
ID=9 : ARS 287 13
COMMENT=MC-13
VARIABLES=NA
SCALE=NA

LM=13
489.000	291.000
1269.000	525.000
1287.000	569.000
1063.000	451.000
1287.000	593.000
1275.000	615.000
1239.000	625.000
1063.000	535.000
1177.000	629.000
1095.000	623.000
785.000	421.000
963.000	595.000
829.000	549.000
IMAGE=C:/Users/virgc/Dropbox/Homework/ARS/ARSMC/ARS 322.gif
ID=10 : ARS 322 13
COMMENT=MC-13
VARIABLES=NA
SCALE=NA

LM=13
407.000	741.000
1111.000	469.000
1141.000	487.000
917.000	535.000
1157.000	501.000
1155.000	523.000
1135.000	557.000
975.000	585.000
1093.000	593.000
1027.000	639.000
709.000	667.000
927.000	689.000
803.000	735.000
IMAGE=C:/Users/virgc/Dropbox/Homework/ARS/ARSMC/ARS 326.gif
ID=11 : ARS 3262 13
COMMENT=MC-13
VARIABLES=NA
SCALE=NA

LM=13
457.000	443.000
1173.000	421.000
1187.000	439.000
993.000	411.000
1197.000	465.000
1187.000	485.000
1165.000	501.000
1007.000	479.000
1113.000	525.000
1043.000	537.000
759.000	463.000
945.000	551.000
805.000	553.000
IMAGE=C:/Users/virgc/Dropbox/Homework/ARS/ARSMC/ARS 332.gif
ID=12 : ARS 332 13
COMMENT=MC-13
VARIABLES=NA
SCALE=NA

LM=13
423.000	455.000
1287.000	423.000
1315.000	445.000
1077.000	419.000
1325.000	473.000
1317.000	497.000
1289.000	521.000
1095.000	507.000
1235.000	551.000
1147.000	575.000
785.000	489.000
1017.000	591.000
851.000	601.000
IMAGE=C:/Users/virgc/Dropbox/Homework/ARS/ARSMC/ARS 335-1.gif
ID=13 : ARS 335 13
COMMENT=MC-13
VARIABLES=NA
SCALE=NA

LM=13
314.000	703.000
972.000	345.000
1004.000	357.000
796.000	429.000
1018.000	371.000
1024.000	391.000
1012.000	421.000
848.000	479.000
974.000	465.000
908.000	525.000
606.000	595.000
816.000	593.000
698.000	649.000
IMAGE=C:/Users/virgc/Dropbox/Homework/ARS/ARSMC/ARS 371.gif
ID=14 : ARS 371 13
COMMENT=MC-13
VARIABLES=NA
SCALE=NA

LM=13
202.000	363.000
902.000	331.000
934.000	357.000
708.000	335.000
938.000	379.000
932.000	401.000
902.000	429.000
744.000	401.000
852.000	451.000
784.000	469.000
496.000	397.000
678.000	487.000
550.000	483.000
IMAGE=C:/Users/virgc/Dropbox/Homework/ARS/ARSMC/ARS 379.gif
ID=15 : ARS 379 13
COMMENT=MC-13
VARIABLES=NA
SCALE=NA

LM=13
451.000	461.000
1211.000	447.000
1233.000	467.000
1021.000	443.000
1239.000	495.000
1235.000	523.000
1207.000	543.000
1045.000	521.000
1143.000	563.000
1059.000	575.000
759.000	493.000
947.000	587.000
807.000	585.000
IMAGE=C:/Users/virgc/Dropbox/Homework/ARS/ARSMC/ARS 413.gif
ID=16 : ARS 413 13
COMMENT=MC-13
VARIABLES=NA
SCALE=NA

LM=13
341.000	775.000
1037.000	531.000
1057.000	547.000
859.000	585.000
1073.000	569.000
1071.000	589.000
1047.000	613.000
897.000	637.000
1015.000	643.000
949.000	679.000
635.000	707.000
837.000	729.000
711.000	777.000
IMAGE=C:/Users/virgc/Dropbox/Homework/ARS/ARSMC/ARS 416.gif
ID=17 : ARS 416 13
COMMENT=MC-13
VARIABLES=NA
SCALE=NA

LM=13
395.000	555.000
1105.000	289.000
1135.000	303.000
923.000	343.000
1151.000	325.000
1153.000	353.000
1129.000	383.000
961.000	405.000
1085.000	419.000
1013.000	459.000
695.000	487.000
915.000	509.000
789.000	547.000
IMAGE=C:/Users/virgc/Dropbox/Homework/ARS/ARSMC/ARS 421.gif
ID=18 : ARS 421 13
COMMENT=MC-13
VARIABLES=NA
SCALE=NA

LM=13
427.000	279.000
1123.000	601.000
1125.000	623.000
941.000	497.000
1125.000	651.000
1095.000	665.000
1071.000	671.000
925.000	567.000
1013.000	661.000
945.000	649.000
705.000	447.000
821.000	605.000
709.000	549.000
IMAGE=C:/Users/virgc/Dropbox/Homework/ARS/ARSMC/ARS 422.gif
ID=19 : ARS 422 13
COMMENT=MC-13
VARIABLES=NA
SCALE=NA

LM=13
502.000	619.000
1196.000	437.000
1212.000	457.000
996.000	473.000
1220.000	473.000
1222.000	493.000
1192.000	527.000
1040.000	531.000
1144.000	553.000
1086.000	585.000
792.000	583.000
988.000	629.000
860.000	663.000
IMAGE=C:/Users/virgc/Dropbox/Homework/ARS/ARSMC/ARS 456.gif
ID=20 : ARS 456 13
COMMENT=MC-13
VARIABLES=NA
SCALE=NA