C:/Users/vmc04/Desktop/Wing saga/Lab reared wings for landmarking/13/ARS/ARSMB/coord_Jul21_Format - {Procrustes residues OP} - 1 20 26 0	from C:/Users/vmc04/Dropbox/Homework/ARS/ARSMB/coord_Jul21.txt - TPS like internal (simplified) format - can be converted to other format by using TET - Orthogonal projection of the preshape data to the Kendall tangent space
0.0039659701997284604 -0.00648806330424036 0.0033209683707938957 -0.0018746870059244247 0.0012866375775502661 -0.0001782239492716252 -0.029514776263210699 0.0059688069321013892 0.0039060874821906233 0.0012544677553640213 -0.0028752183314723419 -0.0014839679546604246 0.01220330381714067 -0.0045612504300330814 -0.0015606193280901593 0.0052115053554544714 -0.0016755154018832526 0.0028641570598569111 0.0059743457848007537 -0.0031870388323592576 -0.0010063271536489568 -0.00060526475652281 0.00073372623120161002 0.0032633266182375714 0.0052414170148992901 -0.0001837674880025425
-0.0018147406441319305 -0.00064981337503503271 0.0038316417318419614 0.00013660441545338764 -0.00076636210211756747 -0.0016618636755649872 -0.0066734129885019497 -0.0040427740514545878 0.0031826614365067568 -0.0025194161974073123 -0.008957303727077124 0.007258445715826181 -0.0064037302756774165 0.0031322960006588819 0.013654693660002841 0.00057877673060584408 -0.0060093844883795742 -0.0014920003540748574 0.015321456182410608 -0.0030305525579072401 -0.0015402903253995221 0.00052470934303484656 -0.0027139244074901622 -0.0026840146867133014 -0.0011113040519880042 0.0044496026925776866
-0.0042359473890242073 -0.00079103143921729576 -0.0058969532250227538 0.001256043827795317 -0.0056297764020870524 0.0069258563464754588 -0.013010759166713742 -0.00026189107613137311 -0.0054724852816479836 0.0079055262614555061 -0.0018776127201445411 0.0038089371140859183 0.006983398833660559 -0.0046855165682976804 0.0045226428378426107 0.0012599612860827265 0.013125690844562415 -0.0034121465807641169 0.011085051634277553 -0.0061526759802662551 -0.003591284469736486 0.0026004471338107785 0.0021891838958576363 -0.0031407784963397058 0.0018088506081769982 -0.0053127318286891462
0.00081062162040351771 -0.0081992446627651098 -0.00066254076847336967 -2.6872987305527314e-05 0.0002251494839901327 -0.0026224443701240289 0.0002635359026468858 0.0030873135580450628 -3.4617719051890754e-05 -0.00089927187656733585 -0.0012996445352473638 -0.0042405788129859217 -0.00026699521386729878 -0.0038876367661463298 0.0033952191751963462 0.0054453471906568216 0.0038421345109358176 -0.0043229595952873241 -0.0054773708232191496 0.0027406172376130758 -0.00081264347849566154 0.0034228586109897726 0.0019177880328612612 0.0035882251048850611 -0.0019006361876801204 0.0059146473689915546
-0.0039493700441687925 0.0007943139227005484 -0.0016266414189081637 0.00057545487577700342 -0.0042698342066653681 0.00078511808171636546 -0.01082980159509424 -0.00042280444163640121 -0.0045195810340757899 -0.0019164537809348184 0.0044611118042503402 -0.0042624140040348106 0.0028058654799821628 0.0033025453675831168 0.010313256771337246 -0.0043179166241651004 -0.0046568710258981776 0.0054835970516057585 0.0032097415181640979 0.0063572216159605332 0.0020673606869179876 -0.0023187274019602624 0.006746070890173767 0.0033120039310128684 0.00024869217398528756 -0.0073719385936253518
-0.0062405220992262228 0.00088807156044928923 -0.0013879833889163199 -0.0030657253886324821 -0.000559825876808525 -0.00060569974078766593 0.0032404154835109743 -0.00309347964140277 -0.00070899327719966838 -0.00077927186355047993 0.0036914137777333596 -0.00075915855663410547 -0.006192321859033954 0.0060616174968958153 -0.010302900009250018 -0.0030726484270379652 0.0028568319294308233 0.0035685344394759634 -0.0022289277584871632 0.0048270257449818006 0.0020773385227593685 -0.0039277884222162097 0.0039165392363426426 -9.2021824467178413e-05 0.011838935319144041 5.054462292591877e-05
0.0054740394833682378 0.0051252117977350371 0.012933794680102599 0.0082088211277676609 0.001611021385294112 0.0044602145803981034 0.010840206095317302 0.0043780892288337904 -0.0030073053047507004 -0.0030509685496510658 0.0051612021455689546 -0.0056951343614562505 0.0064179862021944527 -0.0095002886956284099 -0.0063729000683962859 0.0022901280957623028 -0.0054702782701006765 -0.0032069730854362567 -0.0060900424888213926 0.0010913777273826972 0.00039211709992777351 0.003822978065129734 -0.0093665037280376874 -0.0038623990735047352 -0.012523337231667165 -0.0040610568573325734
-0.010447024650489859 0.0082168174674019639 -0.0049141829655970203 -0.00029649639258905549 -0.0023519178433305645 0.00057874349518118842 0.015879936722106549 -0.001642046687158355 -0.00060465897102546674 -0.00035136269278955351 -0.0064000941381647924 0.0035675163023188637 -0.0087230778524803945 0.0067512536990275967 0.014494076452764791 0.0043448499161210788 0.0007961471493537044 -0.0017084778598675347 0.0056902306525429781 -0.0052751625251073334 0.0014884092803920407 -0.003720991646482358 -0.0027756414708276682 -0.0030920434203893692 -0.0021322023652432212 -0.0073725996556665979
-0.0037244817372900293 -0.00046265204225766116 -0.010042029463258811 -0.0028863160052373261 0.0025990636863437726 -0.0011651145990628049 0.011687014105580484 0.001332990110806363 -0.0037904940795897911 0.0011322210380097239 -0.0016829185820661191 0.0026753733424747894 -0.0040788697183602 -0.0022413205938549472 0.017312900412177475 0.00059621392336000939 0.00092736202065211602 -0.00083750374882224983 0.0048510835623577567 -0.0048017578685751157 0.0083363047378767104 0.0031672271324642226 -0.0059428854216363354 0.00095902466269060503 -0.016452049522786651 0.0025316146480045404
0.020866133924051979 -0.0055778764081826325 0.00058897076215079242 -0.013700036130116127 0.0045008928343216008 -0.0080090327729707284 0.0050038067143929662 -0.0095798095939473304 0.0087985138219541098 0.00036937963834094247 0.0066254581971901625 -0.002095777318962733 0.0059791129322294013 0.0028795351739980242 -0.025106633215972517 0.0023616511569734483 0.0062569357109008503 0.0033379143692291212 -0.013601397953767956 0.0073404792873693978 -0.0052197155310819438 0.0053900413630460706 -0.0069490679108673977 0.010159043607861018 -0.007743010285501872 0.0071244876273619528
-0.00093336894132952514 -0.00029620238963783401 -0.0020692842253545308 -0.00066787699264360401 0.0024378652552404655 0.0030990455284267571 0.0068459420636852245 0.0043085817573903064 0.00021355588716253553 -0.0017509609516842372 0.007476270311512467 -0.0025261182751568673 0.00095733793775652602 -0.0040723222013133078 0.0029145093301019631 0.0010105308183629808 -0.0077825572287672671 0.00096596861746266194 -0.010312884773321679 -0.0012514176130262844 -6.7388709373494664e-05 0.0018532208000526754 0.0035888989506082463 -0.0015648515862389165 -0.0032688958579214673 0.0008924024880054976
0.0039366942222545751 0.0067858955772266017 0.0039944048505711326 0.00083867746989069332 -0.0047833116657148254 -0.001974439001883781 0.013701299785150429 -0.0021304618652536111 -0.0008762907375172331 0.0061342194325731949 -0.0002775897681299073 0.0017856172933847119 -0.0021254269253031949 -2.8366226808779344e-05 0.0030951736939881834 -0.0041351666938057845 0.0078842990087639696 -0.00055032616940465758 -0.0028299310697899372 -0.0041889724287963049 -0.00051540265726953208 -0.00047685504796559784 -0.003332452786514309 -0.0052032942760133379 -0.01787146595048892 0.003143471936856268
-0.009553982558771516 -0.0044861392285896889 0.0033134613889249259 0.0048714104275125241 -0.0048703802440264012 -0.0027395335524169799 -0.0010792971829836043 -0.0022103249304968632 -0.0030483908501288408 -0.003657733983153613 -0.003710563080545922 -0.0010873075990609072 -0.0047506536707175116 -0.00056129227551264007 0.0056368155281866393 0.0036849335380047137 -0.0029226108857692201 0.0017536685381968058 -0.0016570956785329841 0.0035998786415953089 -0.0060012912971990811 -0.0038141258275015233 0.010773357088016541 0.0017985133827380752 0.017870631443547481 0.0028480528686851553
-0.0081199311828312765 -0.0062831104256563068 -0.0079185540472260525 -0.0013548935205910727 -0.0035540354579236774 -0.0026521609612418654 0.015935056562402801 -0.00015619496280775379 -0.0025805782033442668 -0.0037062397138590158 -0.0022303527463512513 -0.0029246615070166152 0.0077310357610137718 -0.0037707577535902722 -0.014984651032434765 -0.0029472739565609197 0.0035080722440548099 0.0046659057980480935 -0.0033752078703810293 0.0099289563827786066 0.0074026987419883181 -0.00087823120679415855 -0.0039905525620545432 0.0043399975518923538 0.012176999793087567 0.0057386642753986528
-0.010145143226628382 0.0035905208047037566 -0.016099395109758222 -0.003757977604596206 0.0010085123935250954 -0.0054419261937989601 -0.0083716684213373839 0.0011323596826347765 0.0058903635303997962 0.00021357311041703228 -0.00014529076824015656 0.0058666541444360532 -0.0044782572253207094 0.011408405461261411 -0.00025249807254689718 0.0010685061697090802 0.0043256184362262529 0.0056872521365693811 0.00044423860327326284 0.0029053540353879284 -0.0064468889904378103 -0.01023623502526444 0.012942009109811073 -0.0029668252073993392 0.021328399741034575 -0.0094696615140598683
0.0095550666333760297 -0.00049757922059629801 0.0016096430653331842 0.002859751048569858 -0.0048496622100394574 -0.0038361226844050838 -0.0056139593614317586 -0.00049730605782071446 0.0075607821508038974 0.001375780451677236 0.0015727453968858445 0.0046441168975732234 -0.0014592285103130725 -0.0008462966822488933 -0.0050892142640436046 -0.0018452144649250448 0.00032525647427795708 0.00069487514452187924 0.013831485572185741 -0.004277987606564464 -0.015085679623252106 0.0012019981510362234 0.0023759173638214824 0.0016698575685839853 -0.0047331526876041993 -0.0006458725454012576
0.0037143038022179695 0.0011390872984834112 -0.0072456026120999613 -0.0030600535296945617 0.0063718782938379003 0.0037074140044862044 0.0036721688909996976 -0.0052800422991266926 0.0022750182578481267 0.0021262355054827613 0.0057040385331736925 0.0030754297239683238 0.0004672047522731146 0.0015879758057480106 -0.0061126487942807159 -0.0046893555178681772 0.00060854375020082422 -0.00039971771183451772 -0.0020787574710134436 -0.002483556600236643 -0.00608654248427063 0.0012714872418423484 -0.0067761850093409383 -0.0024415628920053415 0.0054865800904551378 0.0054466589707544144
-0.0023621822726074861 0.0043888824943763925 0.011487330561660701 0.0017851486990164284 0.005821443696823028 0.00595440802466624 -0.0069008683814304576 -0.0052612350517758592 -0.0027757451438061857 0.00092930682187532514 -0.0065047050340719089 -0.0031825370830194347 0.001084210028243951 -0.00039234101250778728 0.0018883433440183811 -0.0070302710508683298 -0.0029820317601351289 -0.0028651438455848158 -0.0035623523029229961 0.0059083770319043778 0.012291441902390168 0.00081115795926761257 -0.00050930905765956993 -0.00014412909999006918 -0.0069755755805023731 -0.00090162388736020338
-0.0026474826672508306 0.004882468100308973 0.011179301639203996 0.00044668492940393135 0.0080369583891369938 0.0047904243932916559 -0.0018740031653168786 0.0025468612001402994 -0.0011944501441893125 -0.00025573951134966308 -0.0020995855403416631 -0.0011019171821332258 -0.0066311799614778549 0.0020817043815711685 0.011435995469773905 -0.0019136443824158331 -0.0134215053303611 -0.0027047280144830129 -0.0015890512046003646 -0.0053380441072179274 0.0015315917902398507 -0.00026676600638192438 0.00052011433782337118 -0.0031788069447986015 -0.0032467036126403812 1.1503144064617388e-05
0.0031562296836136552 -0.0017399674435031782 0.009440536788424235 0.0077789517199420618 0.0020045124888528254 -0.0009415741359922597 -0.0038308952925431286 0.010216831470201818 0.0012823939824203488 -0.0035705981422679747 0.0077519306200947227 -0.0038283479259678399 0.0042584911150501687 -0.0026336634079972563 -0.018765753709829823 0.0020229335153571829 0.0031299546814593333 -0.0068656370346227976 -0.0065256918706710961 -0.0034750438035545733 0.0050421285787074456 0.0024720684885878217 -0.0046524201639197944 0.001165486028909064 -0.0022914169016586701 -0.00060143932909188791