C:/Users/vmc04/Desktop/Wing saga/Lab reared wings for landmarking/13/ARS/ARSMA/coord_Jul21_Format - {Aligned specimens} - 1 20 26 0	from C:/Users/vmc04/Dropbox/Homework/ARS/ARSMA/coord_Jul21.txt - TPS like internal (simplified) format - can be converted to other format by using TET	
-0.70741597198217621 -0.018252568022692889 0.221963092893146 -0.08809850918014947 0.23288729921522416 -0.07428464670037406 -0.017273271747731647 -0.089940432834919509 0.24195825024102313 -0.051643600592313536 0.23814196643518587 -0.022491939976317436 0.20332076671707319 0.011670620462126687 0.022960810345535963 0.0037571751525334344 0.1437614981971069 0.042943524742873565 0.053307086978143146 0.067730035486642221 -0.30651041908774934 0.0037071755226800022 -0.082782957067733393 0.10136795082965352 -0.2443181511370473 0.11353521511025773 
-0.70161101573723761 -0.012708493917592411 0.21779548803317156 -0.090102923207195693 0.24128430150495933 -0.066042072484141012 -0.028813515930709507 -0.0943378807956297 0.2467080561643821 -0.042515593677866802 0.24036857142066759 -0.016277237541881259 0.20488817412750063 0.007708282512200162 0.0053321277761678989 -0.0073741843950791792 0.15439828818470477 0.040707499305220697 0.056702430880091678 0.070919508099556772 -0.31338409768790393 -0.00011191233310496829 -0.090070875700732009 0.095785445314766071 -0.23359793303506368 0.1143495631207474 
-0.70500002046764909 -0.011676781651531073 0.23138668807560198 -0.099516555498570122 0.25277263893513557 -0.07695213124254692 -0.0067776551368614905 -0.093280583474815354 0.2579810502391009 -0.043110310518984077 0.2183881438888452 -0.012681891271023432 0.18294719415993249 0.0084889161236079425 0.029494974488826955 -0.0047344028489953822 0.1215380500203391 0.042105962061324269 0.054490207646975888 0.067634238221256457 -0.3068938168116459 0.0056342631542137533 -0.083327146791289247 0.10219535144867155 -0.24700030824731192 0.11589392549739244 
-0.7046543402450387 -0.015782758835776237 0.21355309808321754 -0.10018247345721665 0.24184445794923876 -0.077021561647663647 -0.01544669755443949 -0.083132925819460843 0.25235058309100733 -0.051302875091328096 0.24412720654138276 -0.013814074582735762 0.20095790566704533 0.017354781873415819 0.01829483221139782 -0.0062965879938019784 0.13427817401400063 0.042828239400919066 0.043783188301804117 0.076264945886311677 -0.31394412718365894 0.002908899189289809 -0.082616887265148667 0.096712245297668711 -0.23252739361080874 0.11146414578037749 
-0.70426115773951381 -0.012442630206519522 0.21106367641663429 -0.091046221749752743 0.23034705242823697 -0.074137381903811916 -0.031704812055392335 -0.085145453153957523 0.24542841183413996 -0.048680546813412287 0.2435001579709607 -0.018848940677642013 0.20962489346585547 0.011198608507716703 0.026390051435616214 0.0017876784447148073 0.15236500976658854 0.047793918057825402 0.054566931571019148 0.074013751923437315 -0.31017604547256228 -0.0044569242708010891 -0.081610748004779229 0.094103315320170175 -0.24553342161680367 0.1058608265220327 
-0.7069511995747686 -0.022734208927380619 0.208687082035278 -0.097517640037365433 0.23507067778312987 -0.069563491780772618 -0.039664705786174446 -0.088220990945009944 0.24345687266013732 -0.049807151460091209 0.23764612597761875 -0.014786012913868799 0.20325310923495213 0.013010980891908989 0.020609210861618113 -0.0042643527046837236 0.14932361960283339 0.047121169223079427 0.067031727341796118 0.071934212462190561 -0.31295545880727144 -0.0019092679411284055 -0.067964643434530084 0.099542571327020102 -0.23754241789461947 0.11719418280610153 
-0.70283469564450562 -0.012077739799925703 0.21717121236835096 -0.096546369993345107 0.23325402751258725 -0.077376086098228838 -0.0089085947706931002 -0.094183563048501687 0.24673870719018501 -0.046487391408944416 0.23668869862259811 -0.01608803000390089 0.20555533729119324 0.0091639937962890508 0.031496510933675829 0.00083598984386991598 0.14593568342344659 0.045596161777982119 0.0441493240280642 0.071733654549968009 -0.29588032231650946 0.0058016013155145476 -0.090585598910576687 0.097186080724016716 -0.26278028972781631 0.11244169834520625 
-0.69787668743793685 -0.013040872400729979 0.21720732606042684 -0.088842909265760009 0.23223378804138281 -0.070629699456103659 -0.018258780823972979 -0.082065431249877183 0.24518277053542556 -0.05261566138574094 0.24219519444601889 -0.021453469082041855 0.21803448000889192 0.011871964802546146 0.01819810578662976 -0.0030935631958299401 0.14153843492034546 0.044373064178616126 0.046743417928167191 0.070926658927215655 -0.32173949066131524 -4.2233683896215125e-05 -0.073180524646264344 0.097167672291203169 -0.25027803415779887 0.10744447952039844 
-0.69677604244780178 -0.010186465627747375 0.20954211037024306 -0.10101551212093374 0.23820842730063554 -0.072439982267194961 -0.024035131943088889 -0.090216032225535467 0.24993643573515736 -0.044464897297998358 0.24661825740408888 -0.010663335916824781 0.21395826164751791 0.013618292668464543 0.015383470484444269 -0.0061406660968102069 0.14712142645693463 0.045168185732604546 0.040281275420361619 0.068940156510005221 -0.31127941294560846 -0.00076092162837826491 -0.077370485257833799 0.098688714920518436 -0.25158859222505048 0.1094724633498308 
-0.70383929809224566 -0.017277650546175007 0.20381604884294569 -0.098141309753831632 0.23305295947862087 -0.073133985002807239 -0.023014796852752234 -0.092708041760610357 0.25552874551147509 -0.038435157008394588 0.24444967222986919 -0.016771375503092479 0.20983204468821148 0.0080663860010424717 0.0059713500832784625 -0.0062081543035338123 0.14507713918919224 0.050493581689959897 0.051247723960007846 0.072637403570414316 -0.31541971491640081 0.00011115632861598167 -0.073287372395824918 0.095836831336686579 -0.23341450172637787 0.11553031495172608 
-0.69735216499784758 -0.0047279144520398853 0.21716830555271127 -0.092704640920512976 0.23976119531853593 -0.073317879205796757 -0.023724065796916226 -0.085732332111263118 0.25395286090326163 -0.043602687222656353 0.24263435816622203 -0.012932715337504317 0.211946739997768 0.0080394641194642732 0.022083528433322664 -0.0030431279723135822 0.14250324468318348 0.041906740914073849 0.042065635421675664 0.066715686262391216 -0.30340760685927781 -0.0012835615763562346 -0.086466455514116455 0.094415440741696652 -0.26116557530852236 0.10626752676081652 
-0.71059507065722138 -0.012060676384510629 0.21631364408588163 -0.09185578841861651 0.23278321904933236 -0.071719788363246814 -0.025624749749145258 -0.092767100739230196 0.24480299630572133 -0.046910169853631743 0.2386878516130877 -0.017091201768995815 0.20753926766365557 0.015624127410721842 0.015332021221450668 -0.0047650313420161414 0.13989701906899485 0.049234739579174111 0.058233915111598034 0.069495958626441284 -0.30643626402501328 -0.0037179121247728837 -0.071215213319069409 0.095493944677076115 -0.23971863636927174 0.11103889870160742 
-0.70082580836439379 -0.018705418778615087 0.21523434552241022 -0.092031402148652311 0.22909312979438609 -0.074445373060790215 -0.019235259109826659 -0.093458977467052298 0.24236497733904522 -0.051251542460527676 0.2390489814271308 -0.015402737671563763 0.21068853484708058 0.013899953230993233 0.0022016932569859449 -0.0066128955964519179 0.15390776842969905 0.048077757723929575 0.058664952604818944 0.074741199327811494 -0.32636679037413852 -0.0048064209918592914 -0.078621406248742198 0.10310950980486218 -0.22615511912445582 0.1168863480879162 
-0.70547718113670599 -0.0133867383940122 0.20222434844802645 -0.096862168912624114 0.229151686269852 -0.07409841492452264 -0.0094982269707981973 -0.094824266867418516 0.24451533818932164 -0.045189200168633391 0.2438880175388996 -0.011489080928598072 0.20478965616085623 0.018187335453630573 0.0069762613950612616 -0.0094112128902731421 0.15105487849656302 0.048227369652469154 0.058505425284597783 0.072201875069758295 -0.31979581839001808 -0.0048080031322378465 -0.065358686423609508 0.09724725094031772 -0.24097569886204603 0.11420525510214481 
-0.6721322761226004 -0.014090837394123147 0.21587586946856183 -0.10680965644073388 0.24774649397718268 -0.07791715155947343 -0.041313451781988558 -0.096546962993819277 0.25647577023026152 -0.043205129176160394 0.23926848253936311 -0.011907219980493381 0.21482097840906575 0.015060231526801216 -0.0020197068950439222 -0.011794501724003814 0.15554690883286468 0.048419915849102435 0.060988101560396697 0.078823659234120727 -0.32476078747421105 -0.00066164596261951078 -0.097014507727797253 0.10530893499487348 -0.25348187501605463 0.1153203636265287 
-0.69745261624408794 -0.011949236383494745 0.21135562957536497 -0.097798664710553943 0.23284703804480011 -0.070456698236703294 -0.047253928878708162 -0.08873080716040728 0.24799974650977774 -0.040927870852269392 0.24406979014319485 -0.011199349013273002 0.21253160803001134 0.014577028186411701 0.017242484802326465 -0.0045846116464595479 0.15133146889601912 0.042784337296700427 0.06466558838055049 0.069137609587343718 -0.32209364307188282 -0.0095156723793729976 -0.079203910084140308 0.10033055742646607 -0.23603925610322543 0.10833337788561215 
-0.69571527681559453 -0.0097750801003152425 0.22012467718388684 -0.093656001744761602 0.23901801801410602 -0.072327820241243429 -0.022421877155185687 -0.088154284617686499 0.24457860731955933 -0.05032983545940653 0.24391935638150883 -0.019108448021899749 0.20770610137741613 0.013899081491123903 0.015263722965800863 -0.0031659079025052688 0.14260521806966381 0.048357851440504876 0.048058537059653218 0.073157235555604966 -0.32572614583320714 -0.006085051592525122 -0.075375772254016676 0.099407860107062374 -0.24203516631359021 0.10778040108604718 
-0.69907938205402775 -0.010454407292293003 0.21646229034866324 -0.097239532123452349 0.2403304578560421 -0.068074057369380589 -0.029408574856601886 -0.08578219371271309 0.25095837694409073 -0.041339290486264918 0.24170776125711171 -0.017144204350300719 0.20361858944464625 0.011004190225949376 0.022426365766701675 -0.0074637365533466475 0.13890362362526065 0.043142217534550414 0.054346447322912349 0.070527801977434232 -0.32290982189783229 -0.0042792776412327064 -0.07667873346931893 0.097150576286951701 -0.24067740028764759 0.10995191350409819 
-0.69724423541635427 -0.010414308303377246 0.2218447425541368 -0.089752473835196953 0.23665846131574855 -0.072601665820690248 -0.023267430386797315 -0.086464506270020003 0.24773064964393848 -0.04383432093178008 0.24492541333086781 -0.018652457456233285 0.19947540748762632 0.014016112934140037 0.023202363158798669 -0.005620541257355163 0.1424088647699816 0.042943152891091338 0.057743521789874241 0.066960117788173276 -0.32606669607762739 0.0025847934636566501 -0.083600064381722822 0.092617420419860957 -0.24381099778847057 0.10821867637773064 
-0.69676053120562387 -0.0081016647193386162 0.21190709195760787 -0.098899722329399087 0.24374324626590579 -0.065940358623893289 -0.021848178837083645 -0.092834332905471925 0.25456122186978491 -0.042514287855037275 0.24297806078091727 -0.012678864038407508 0.20391823027930756 0.015415577877674325 0.0087103229481715304 -0.0044091633364275896 0.14722390955327583 0.039410283489320748 0.052698273188127587 0.066227072882359725 -0.31562529103306763 0.0015088131058511524 -0.083554834334188033 0.092636700702629818 -0.2479515214331352 0.11017994575013924 
