C:/Users/vmc04/Desktop/Wing saga/Lab reared wings for landmarking/13/13 landmakrs lab reared txt files/RMOMC 13_Format - {Procrustes residues OP} - 1 20 26 0	from C:/Users/vmc04/Dropbox/Homework/RMOMC 13.txt - TPS like internal (simplified) format - can be converted to other format by using TET - Orthogonal projection of the preshape data to the Kendall tangent space
-0.013106400823809304 -0.00025795803844019707 0.0013055600002423145 0.0034060968253986686 -1.4994206842368699e-06 0.0023272357573047423 0.0030776494107881205 -0.00067283281509583517 -0.001595721487006603 0.0011194653858881639 -0.0043285093879230734 -0.0012085211244769046 -0.0073225726438965024 0.0023874569956848749 -0.0040065752899106346 5.8611718503877311e-05 -0.0015146449324012954 -0.001053853258321415 0.0074358823583117123 -0.002960046643655814 0.0034668908223591229 -0.0014779286480116416 0.0026190940467083431 -0.0016072075542496139 0.013970847347222528 -6.051860052891378e-05
-0.0055294618305903424 -0.00030945365261165157 0.0030805002294465754 0.001693941898075391 -7.7573784369021175e-05 0.00093233878827006316 0.0050121547795811648 0.0056463191422067528 0.0015682454340803756 -0.0080414739150990976 0.0036862621523270785 -0.0011124586791896669 -0.0026321438110018945 -0.00037758565416428161 -0.0043689097216907426 0.0012138692461070154 -0.0058156375090317649 0.0031723561780688646 0.001449886655836505 0.0021156390686071949 0.0054837739079530087 0.0048313179310138414 -0.0059998862802080003 -0.0039209673904671144 0.0041427897776671972 -0.0058438429608174275
0.001491031110488001 0.0011369878505830713 0.00039486967546214276 0.00034125183463011474 6.8140353123693652e-05 -0.0020210804665042612 0.000524773290726546 0.0017148181061233572 0.00029079707527404977 -0.00013662273745192205 0.0027394247226683174 -0.00011632698743639942 0.0070458683010611719 0.00039572337030040737 -0.0062227887288455949 0.0011265905986918598 -0.0060654799793520729 0.0013227905641289652 0.00055946012655752662 0.000437900207705554 -0.0034787817452492952 -0.00015958024225699012 0.0023383481563812678 0.00026786894782643322 0.00031433764170378932 -0.0043103210463396602
0.00139791918067646 -0.0013143975532401784 0.0070273813328180328 -0.002156298089686847 0.0019327955940456358 -0.0027280342071594327 -0.0045924990249045627 -0.0090029554592999574 0.0039931567079182564 0.00036660081499125907 -0.00011206620842101988 0.00074612769158697635 -0.00082976906892150907 0.0026948863150135483 -0.017926864246205144 -0.001879782998471975 -0.0062805912527502438 0.0014396515559652891 0.0041711232835359149 0.0042729044196781482 0.0070840013474673443 -0.00036489456119480861 0.0033071894996868404 0.0026545367684463264 0.00082822285505428322 0.0052716553033716473
0.0020993528181566384 0.006304850122878479 0.013185195253344138 0.0073262013309196312 0.0059225698394478948 0.00345174030332572 -0.009806727886309468 -0.001986816411202864 0.0051402407506058135 -0.00053980576376727325 0.0016475259581643031 -0.00083986211368211291 0.0023830104731430877 -0.0027817917255319423 -0.0053123271447707574 -0.0034079135041031887 -0.011711921236689557 -0.00024698182702071538 -0.012241165581909472 0.0012827095311221243 -0.0060447742393256905 -0.0012732928477811986 0.0070259022376991187 -0.00073994353868568499 0.0077131187584431882 -0.0065490935564710556
0.0099950152600048088 0.0015899489761239073 -0.0073671127995839679 -0.0051225020610229212 0.0014790181778684397 0.0015809889595850492 -0.01157770727796035 -0.0031661974830726435 0.00505067116638551 0.0049426597955525313 0.008796512358023912 -0.001069789019051261 0.010570984896377231 0.0024988719608605341 -0.012786078123520795 -0.0021572392561591343 0.010911996827773088 0.001910039613520893 -0.012194157098422463 0.0049928905210574054 -0.0077316313370599972 -0.0042772949311440335 3.9789932022798926e-05 -0.0040608790774228415 0.0048126980180922879 0.0023385020011722907
-0.0024701053755141504 0.0048800080414829732 0.0040267353110189303 0.00043656564016812443 -0.0012977344070336729 0.0018635636516004296 0.0018713914107058877 -0.0036580790137488188 -0.0018467450910088564 0.0010232429414855446 -0.0030600542369763422 0.0034648199960484001 -0.0041865828316459807 0.0010624188039424676 0.01563600104291319 -0.0016184365319345914 0.0048862322035628444 -0.0037557644877028785 0.00045091731190776335 -0.0038625867985944669 0.010670867748789543 0.0044363923228149639 -0.010729236813958046 -0.00075395275801772726 -0.013951686272760822 -0.0035181918075436885
0.0014432606453310477 0.0076612319298864067 -0.0033120115873824865 0.0030024258575401756 -0.0015098419487639991 0.0045416221735079827 0.0061424394901107866 0.0051807054212033654 -0.0024209595080945355 0.0021946109714106061 0.0010629794860216248 0.0033386739746968496 0.0092008045812032851 -0.00070632249990202635 0.0094040412804198403 0.0002712834015827931 -0.007516748207160015 -0.0013249986795495583 0.010394317259904966 -0.0054510548986509543 -0.020194801211589737 0.0027146528038801609 -0.0065974654186414499 -0.005939637580343206 0.0039039851386402933 -0.015483192875262689
0.0019965507719693016 -0.0056878110193860267 -0.00075217464335847824 -0.0010321496044964494 0.00069541821821427104 -0.0030689351926304147 -0.0081249199423552056 -0.0041892393113111253 -0.00069058244903778972 -0.0014763630991163242 -0.0010269644716947846 0.001684692518869903 -0.0020243055000226705 -0.00016142495787496773 -0.002104869898706055 -0.0029783451411423247 0.00076975478754102186 -0.00029433108914888505 0.0056619107307681604 0.0065306896026534776 -0.0024547242419897114 -0.0026464589084622702 0.0051790114048405247 0.0064219083729316158 0.0028758952338317906 0.0068977678291138461
-0.00068491672404817888 -0.0095565920233788206 -0.019856182778263197 -0.011817664781277156 -0.00074363110651771156 -0.0029938389513353694 0.0072239127024582191 -0.011809597953812786 -0.00031520034921090484 0.0008089137411392836 0.0022707733460281512 0.0019886593356943389 -0.00052925156910961241 0.0021796050932076623 0.0016813008642211787 -0.0036251259179902978 0.011996017357091351 0.0053343244865022609 -0.0075344128732648371 0.0022983317806146071 0.0093080190816372047 0.00098536322954017631 -2.1250424492436646e-05 0.011354564897718317 -0.0027951775265297194 0.014853057063377903
-0.0075938782918985445 0.0003973433006401485 0.0047042804210425254 -0.0020163774460425577 0.0018700360156641783 0.0012667923955546605 -0.0034334997918855246 -0.001789413236987968 0.00090775194515909708 4.2495316927645212e-05 0.00064697166768578999 0.0019697088133344498 -0.0063911910025913968 0.00017982406492712935 -0.001353715001593748 -0.0031868797120383841 -0.0044915962693625458 -0.00024632269103342616 -0.0031942138427964268 0.0018565656112152951 0.015280903685596918 0.00050838956876842921 0.0061817881760962414 -0.0010727386913435882 -0.0031336377111158193 0.0020906127060782292
0.0044764777247691609 0.0030265481788887623 0.0023634172969092988 0.0057813372504331899 -0.001918604728765823 0.0028114356971651825 -0.0094300964352162196 -0.001035768649637769 -0.0019224646234018465 0.001179148384323114 0.00088929239384939783 -0.0024303601769218924 0.00063832653547974631 0.00034902119823589897 0.0025386062207943269 0.0006259660900775479 0.0031125658619327633 0.00059242870603534172 0.012600168895366685 -0.0021356363898698532 -0.0086124167912402169 -0.0015649068022483711 0.00089722332289900956 -0.0030909343662219673 -0.0056324956733768711 -0.0041082791202594199
0.0055948220793773 0.0032008107374640648 0.0038712338227831272 0.00084732714170175747 0.0033534922228626554 -0.0024788336391233911 0.0012537954356900041 -0.0023094524407360371 0.0035910759992739657 -0.0038908324870601074 0.0032425961717644377 0.00085614543735918153 -0.00034095733701289569 0.0018270517849334001 0.0010755625111903309 0.00013692076051399416 -0.0068557304961262408 0.0013605657815083936 -0.01016426346373998 0.00049737914831659538 -0.0035616095386745519 -0.0027397251271415288 0.0051921699879391939 0.0020399056087385434 -0.0062521873953276449 0.00065273729352550991
-0.0063475236181512419 -0.0082377028406138801 -0.0022593087016008146 -0.002822565973572666 -0.003956965913101778 -0.0038413617066140439 -0.000688254775774267 -0.00063442004616643386 0.0011606385311535073 -0.0017929405225062059 -0.0026263753051843988 -0.00060465647745666792 -0.0034140857682615875 0.0011215091442761025 -0.0034087116977550248 -2.5694886697682406e-05 0.0052502257567056867 0.003517067213060875 -0.0027242597682620956 0.0004985359894174407 -0.00071198780691638253 -0.003542239572152731 0.00097739130392415123 0.0083579153779303784 0.018749217763224264 0.008006554301095814
-0.012633178943936032 0.0023817011355774893 -0.001194430422464008 0.0028263678936747147 -0.0037027316421627925 2.1881469615766484e-05 0.015767517765106809 0.0037988227469111539 -0.0041368848363515145 -0.0035475574385116235 -4.944573390071403e-05 0.0011066571622256325 0.0036096832595104537 0.00056786943172797339 0.0022756444717768761 -0.00030067184274899306 0.00054257667103551884 0.00057287101039301986 -0.011376384363566881 -0.00084693480734506529 0.0096690266248466092 0.00339042435328046 -0.0025354636813436872 -0.0052104155711728949 0.0037640708314482909 -0.004761015543626998
0.0007086045573805053 -0.0053146275668951052 0.0036975260669456253 -0.0018279139218607115 0.0016792393524709011 -0.0063874576894432378 0.0042492097665312936 0.0024354151548893511 0.0026443749838388105 0.0049032952229417703 -0.0032806778364257395 -0.0013103149938461177 0.0026080724247159004 -0.0048188004285057316 -0.011641698494432678 -0.0031561128503714074 -0.0013496425502036906 -0.0018923596697492996 -0.0061974183316938188 0.0043348818249535556 0.0036240865999913703 0.0016355587779308543 0.0046254630897426341 0.0051804348532149564 -0.0013671396288610039 0.006218001286741201
0.0087484479463810286 0.0022465528834524663 0.0065637664590784432 0.0018390178621334335 0.0067714354065510074 -0.00043501187370749954 0.0029538049694243299 0.004615152088937622 0.005598530436056238 0.0007858409097178077 0.0039452819898476016 0.0016043813786781559 -0.0028308878719098553 -0.0011632981580550778 -0.013952960447950594 -0.0027415561835804304 -0.0014147265204390866 -0.0032541670169868239 -0.00081518123884802719 -0.0060895235805445876 -0.0053706995250966628 0.0019221470781134835 -0.0034041122774069255 -0.0011937826196860173 -0.0067926993256880799 0.0018642472315268527
-0.0081196825936701248 -0.0053055679762514171 -0.010358559869903645 -0.00206471196563167 -0.0072028207661162568 -0.0024934835485152366 -0.0077988302961920887 0.0013042886892804697 -0.007160349868042374 0.0015769346704043491 -0.0037436284786454849 -0.00026637923940578867 -0.0096896756536649382 0.00070342403510435651 0.038103214799672762 0.010730751765798231 0.005988549122503537 -0.00082209189651426446 0.015974771435710106 -0.00067112606793199474 -0.0026528744963761758 -0.0031849391356873207 -0.0016924586962476398 -0.0019224369130494703 -0.0016476546390272876 0.0024153375823996598
-0.0058481389147173289 -0.0061201190887877404 -0.0023116037277046216 -0.0013500713617317938 -0.0055822215599539106 -0.00092237058850799282 0.0095232101196600291 0.0086331768332079811 -0.0069037310521742144 -0.0014971569618006959 -0.0078731611683248576 -0.0059674099824593256 -0.0045437398849581334 -0.00038580847468150728 0.015921942359953978 0.008348810703152439 0.010243059791691236 -0.0015818197356043688 0.0080974095340730357 -0.0025702290974922559 0.0038866347421817773 0.0053740843918085486 -0.00023609339496222638 -0.0014590593240434546 -0.014373566844763618 -0.00050202731305998283
0.012946427502633372 0.0077348517674440745 0.00093102012698490682 0.0015702514025983979 0.0062917930110877422 0.0078477234096006789 -0.0025414606540964859 0.0054076360749587314 0.001265889632529624 0.001690296654029312 0.0012893796962615905 -0.0016698405468712815 0.012155916895511598 -0.0049962279769951686 -0.0034436591661430845 0.0025105350622884781 0.0016982701471120196 -0.0037715506340195914 0.00044499472741319098 -0.0032402678996982757 -0.01300612374629475 -0.0051960604006132506 -0.0086545543892726264 -0.0038062072021346613 -0.009377893783727536 -0.0040811397105879332