C:/Users/vmc04/Desktop/Wing saga/Lab reared wings for landmarking/13/13 landmakrs lab reared txt files/RMOMB 13_Format - {Aligned specimens} - 1 25 26 0	from C:/Users/vmc04/Dropbox/Homework/RMOMB 13.txt - TPS like internal (simplified) format - can be converted to other format by using TET	
-0.69856912644048463 -0.017064651235674987 0.21659296812641574 -0.090477836903974582 0.23888246536826602 -0.067109606053671916 -0.04893666483772105 -0.080004813220830195 0.25094921177882801 -0.041852597961576907 0.246242858179854 -0.012967969878960069 0.20930173466260771 0.010243525152526987 0.0046588032070120564 -0.001633319574204444 0.15270956361061797 0.038671548430202492 0.058126727589941425 0.064604255168081312 -0.31975679986757671 -0.00089526290639360413 -0.070474502760255214 0.095236514179181678 -0.23972723861750478 0.10325021480529412 
-0.68707177610968617 -0.016475762674664395 0.21483671516769981 -0.088022845536204528 0.23821450724564672 -0.066967305087661355 -0.033986011627035469 -0.08409653467991024 0.24875425421433731 -0.041206092715794916 0.24826533642265003 -0.01968131124360336 0.21558527614024897 0.0073588717889767645 0.0043185258579462775 -0.0051737615221410663 0.15175735433582413 0.041127981657343937 0.056504389420873997 0.070256864987703102 -0.33754398986452799 -0.0014570485086331437 -0.078242684765618242 0.096406472950662639 -0.24139189643835909 0.1079304705839262 
-0.68671214221885701 -0.019364922635094706 0.22923910549679696 -0.08993006187510301 0.24245035029428175 -0.067545338017589329 -0.039227104415497406 -0.086265480608771497 0.25362547597675567 -0.048520675683711399 0.24923011864933162 -0.022534302597897855 0.20976273377260632 0.007389425221223953 -0.0025706671414978139 -0.00069841240459115413 0.13844220616969913 0.042480332381934632 0.053204550266724118 0.071516234301587836 -0.32225038761886066 0.0018430484614108194 -0.080027731378200365 0.10065884042919178 -0.24516650785328245 0.11097131302740984 
-0.68215723883860813 -0.023589563108996819 0.22592569724515082 -0.094068648328724372 0.24328535695982947 -0.073792647507809173 -0.038001612034823579 -0.088774133263927746 0.25219019089030342 -0.05190010209813016 0.24829336476176542 -0.021155514103192722 0.21179656328411806 0.01009187338322892 -0.0014545826358423521 -0.0034037644352230365 0.14507181199529118 0.045433413686774463 0.04760247271152674 0.076878127861782136 -0.32102711042482585 0.0017436518623210725 -0.085938773864283266 0.10477044136409079 -0.24558614004960022 0.11776686468780706 
-0.68994435073260896 -0.017906213714563243 0.20663398265484154 -0.096255202024999417 0.23756014168106218 -0.07405207645901607 -0.041051669596022522 -0.090120052166192136 0.25792289318960993 -0.045755185991233731 0.25291647480698443 -0.011824624136011043 0.21698665639527212 0.015710961802107848 -0.0074934830142301201 -0.0095428998767980722 0.14982670894490074 0.046722080072123112 0.05313191899992073 0.074345384251170654 -0.31740934658523318 -0.0038595665409479427 -0.080577276878810999 0.10081845464432089 -0.23850264986568515 0.111718940140039 
-0.68460386266556827 -0.017324337536260396 0.22560425805855724 -0.08770226862750892 0.24304012628859584 -0.069817019633331423 -0.038293919490392868 -0.087173820040962094 0.25405528011129608 -0.04706770276530875 0.24630979753638937 -0.021377657152100136 0.20989579051052951 0.0085401352813041457 0.0012693205217295179 -0.0036524066852945515 0.14517995162888278 0.041630534825819 0.049775185030940659 0.071151072555353662 -0.32235300178963527 -0.001410933384447053 -0.07636344735971097 0.10063386019232975 -0.25351547838161353 0.1135705429704072 
-0.70233195674777327 -0.010734171945192968 0.21406487620177989 -0.08776408195679769 0.23554101743162889 -0.068326641720616837 -0.019001909212726674 -0.0841549669400352 0.24766026868582328 -0.041163081836128351 0.24620280937054209 -0.014998356872915343 0.20797000304978833 0.010330705435550407 0.016907358901388087 -0.0041931939895782141 0.14644683541423653 0.038340542889292104 0.0516546198276987 0.066146653094357799 -0.31848417324482503 -0.0012869855976451016 -0.080901638940050674 0.092576890117406316 -0.24572811073751058 0.10522668932230302 
-0.69086886629144761 -0.015368470414407632 0.22054070351762953 -0.087471714096414827 0.23916962533964248 -0.067991741882704473 -0.034399400272031734 -0.086723650828725851 0.24803322321678986 -0.045346486424122645 0.24048078077305848 -0.018903695863202612 0.21508771935037882 0.0081166469216264435 0.0093957365233548803 -0.0025278951176992484 0.15454029651769177 0.041834357800952064 0.053140197642721411 0.069369505261057507 -0.32144602940901906 -0.00015657444539840946 -0.082938061770387386 0.096845929130067648 -0.25073592513838111 0.10832378995897221 
-0.69393061899103403 -0.022105523105836525 0.21306634079519959 -0.094516060424310433 0.23485064021533864 -0.070573565203256985 -0.035113436513833439 -0.087574595896017723 0.24770778077451866 -0.045974089293176638 0.24471423545125232 -0.01910342829363763 0.21097654207449798 0.010305971045347079 0.014567144697461796 -0.0035469503627043931 0.14653929285258649 0.044736352418951103 0.062633521508325699 0.07355716814912161 -0.31962312264790649 -0.0020128777726385197 -0.078887058888962219 0.10192317689547162 -0.24750126132744499 0.11488442184268718 
-0.69434314276442399 -0.012403699441420156 0.21946606988067477 -0.086698160806139624 0.23964831021141803 -0.065077197301129791 -0.02353667788499323 -0.083449168221444908 0.24447879067699005 -0.048677899589192379 0.2442908481685622 -0.017911732356041443 0.21157020055814121 0.011275116386579659 0.013857108303860804 -0.0059079982405900533 0.14709849537061212 0.040070779801700311 0.05501853680087599 0.068303338821653001 -0.3259934309943065 -0.0010811334255971757 -0.084977210487428664 0.0948626080968617 -0.24657789783998291 0.10669514627476114 
-0.68599777501076109 -0.019202685495369368 0.21661223912658636 -0.092735422395019959 0.23413015190890954 -0.069533580250819765 -0.043866288613252487 -0.094126428517528643 0.24768538419712754 -0.048754836866026934 0.24570891718694271 -0.019859318886214859 0.21173974937359427 0.013172273840555103 0.014381125569328386 -0.0050265222924201379 0.15498760533757724 0.047324582380491413 0.058927679038528386 0.075055072959003363 -0.3215699986915761 -0.0029277719042238967 -0.077724393115837412 0.10422530202869729 -0.25501439630716688 0.11238933539887651 
-0.68422857580326513 -0.007753750021135342 0.22216165322150588 -0.088025618317438228 0.24045597319813969 -0.068821284472399158 -0.029709414964948548 -0.087980752837690718 0.25048232379469698 -0.041928621272408401 0.24455237565622648 -0.015615598097542397 0.20723539829853374 0.011667453917553952 0.017916158255824956 -0.0048565984475306681 0.14942720235586343 0.042878749870329996 0.055737611174739625 0.066003752907009688 -0.33689601727563268 -0.00086402788899729945 -0.083705085264560372 0.091385669523858334 -0.253429602647124 0.10391062513638986 
-0.69145282188104407 -0.023411345573603658 0.21292158451138113 -0.09276608711363156 0.23998250584412947 -0.065740864869693466 -0.039726300497371261 -0.088371904515770872 0.24851104965328083 -0.048277283754886671 0.24168980577266552 -0.022162218005487368 0.21019111502776461 0.008880408526458836 0.011556003486708122 -0.0037329257775324818 0.15308102153149925 0.042675332003191256 0.063207129947110988 0.074564672685585295 -0.32060501661193319 0.00027856271636425236 -0.083862124938803212 0.10524840450610751 -0.24549395184538642 0.11281524917289903 
-0.69197275743498765 -0.024483724256991229 0.22763822219850818 -0.093674667738556053 0.2360567178125095 -0.073782994380014122 -0.029337636052216575 -0.087420051761560646 0.25149963774640466 -0.046881801843615324 0.23968539474935546 -0.01477519966736808 0.20439551688302926 0.008843933903485663 0.0029571802517177246 -0.0067015690103274647 0.14783479950609021 0.042033352405405844 0.053650815344620607 0.068015685178537455 -0.31095027091252847 0.0084710116767911566 -0.070662352469437265 0.1027724839602157 -0.2607952676230661 0.11758354153399669 
-0.69838845788367621 -0.022962885455639185 0.20733407209341301 -0.096406725589193484 0.23152087458797174 -0.074697188037547879 -0.029973891637293828 -0.083953879054800992 0.24480856042682139 -0.04611175823841368 0.24346061233832536 -0.020532659775473232 0.2098350650589442 0.013669409942425343 0.014023259987190489 -0.0029288260611187683 0.15116103979257886 0.04756259858379757 0.06584667511136065 0.078029705112734452 -0.32095855695132985 -0.0021686957723564986 -0.07378743541153307 0.10217526789275748 -0.24488181751277233 0.10832563645282854 
-0.69891168314898999 -0.008187082957344315 0.20762261643276844 -0.091582651863338055 0.23928920950065929 -0.065132087217739304 -0.024673498400173199 -0.088994948212649333 0.2511369082042228 -0.039290399411207669 0.2468037429490535 -0.012195444235691948 0.20900272626862099 0.01542720053389319 0.015177390805857669 -0.0060864111152564432 0.13662773465512876 0.041598689753648971 0.061051073454093129 0.064365550439505592 -0.3323940598074534 -0.0052898242909189775 -0.07220638464238123 0.090805955221806622 -0.2385257762714072 0.10456145335529195 
-0.68818426644249675 -0.0110762265841244 0.21339437343019138 -0.092693523855893786 0.23427904463051483 -0.071265685401589604 -0.030426170374154793 -0.09054138215113039 0.2490892321886525 -0.041992712731305074 0.24279800608618146 -0.014814193221973955 0.21496401478292204 0.012810922240611002 0.00052612598227124753 -0.0034928626806895627 0.15520369715522306 0.046408705631581525 0.066496831650935201 0.071837552219412418 -0.3285827755448687 -0.004636435391325547 -0.076232781458708598 0.097830543713518583 -0.25332533208666214 0.10162529821290793 
-0.69520149096585648 -0.020892602542324609 0.2196259496493784 -0.090837960510796512 0.23934954729947663 -0.069580957343504946 -0.022140704927455335 -0.087309406323952454 0.24560899387594731 -0.051726766703411434 0.24491579921090764 -0.023139068835165644 0.20397716751210035 0.01143498637058833 0.016760311894815354 -1.2907202021405047e-05 0.14081533159004989 0.043257371747550726 0.056669581739670516 0.07241210838093734 -0.32183902785576995 -0.00055941707214925986 -0.084735584932415939 0.10141974597915876 -0.24380587409084864 0.11553487405509134 
-0.68892864715018554 -0.0063476816579419778 0.21465634541814582 -0.096868606917797695 0.2383627797099965 -0.071093727847922492 -0.017556771774204567 -0.087040169290114877 0.25148131233111554 -0.043137273435420023 0.24812977568665232 -0.011787257378830546 0.20401675483383841 0.018150400115631033 0.017784731011658342 -0.0047964813096720137 0.14291331741236912 0.043004187361096693 0.055892789791066537 0.067066149477841883 -0.33204265751235307 -0.0062992732646827889 -0.081058292930055995 0.09283136463376504 -0.2536514368280437 0.10631836951404747 
-0.6914085031149404 -0.019721548191630231 0.21301940927186977 -0.094558162758650685 0.23878943106795542 -0.070884546333345455 -0.03483996659325278 -0.087516226526539384 0.25015790561871404 -0.048086281497155665 0.24288744632355674 -0.017067848868958055 0.2136940737813251 0.010917511064671453 0.011644955841305035 -0.0036308049308048044 0.14529927927275568 0.045022934716947752 0.05978208726555391 0.076387069537694585 -0.32054403800064146 -0.0034151316127616514 -0.08003687574357253 0.096514703747509076 -0.24844520499062944 0.11603833165302249 
-0.69603265884678089 -0.015091926262337107 0.21311452592846067 -0.090624926622554003 0.23885994560048329 -0.070886196022684575 -0.029203490818670602 -0.083763864107233701 0.24900419340152458 -0.044436869867351229 0.24755087289482242 -0.019161577002399972 0.2122109704239715 0.013294438225086833 0.01297215294286695 -0.0057693816373466274 0.13583789428149745 0.044912591803612935 0.057227952953868774 0.071330354758478584 -0.32553730874174913 -0.0019034077609998944 -0.069997749904868664 0.09647425991237292 -0.24600730011542526 0.10562650458335605 
-0.69415944173451827 -0.0077016051402838395 0.2206358949506608 -0.083227635989395657 0.23952791058766171 -0.064471550367622921 -0.033976646582416448 -0.088283765691709343 0.24945710409149802 -0.040847505130999252 0.24795084079991764 -0.017976591540165621 0.21126911091181605 0.010651343326537084 0.0086180000475298262 -0.0098590720265208948 0.15073140665812954 0.042370390532722312 0.051135336967822159 0.066286261250549511 -0.32067226632586443 0.0035915414065652777 -0.080410433010963581 0.0901447877094705 -0.25010681736127233 0.099323401660852406 
-0.69452413781879752 -0.0077524311014942589 0.22244313916557445 -0.086591358503587401 0.24089178387211538 -0.06116454057231259 -0.043874980661611482 -0.086137323297136678 0.25003924413609729 -0.042498453653116275 0.24989866401273061 -0.013876853411418515 0.21526066778339609 0.0085746266640651988 0.0027472358061059773 -0.0081376131865620767 0.14361109012803477 0.042226559787857242 0.055155261993593899 0.065128070585838818 -0.32244333467672603 -0.0059248894977286829 -0.081896911061626027 0.091981842773896053 -0.23730772267888711 0.10417236341169978 
-0.69244811849895094 -0.020378546594142916 0.21184006102459069 -0.095198002544964425 0.23994102763388994 -0.070103326333255125 -0.025338365083124825 -0.085580001422345148 0.24799683840340647 -0.045995905135769045 0.24416977248215108 -0.017249351328188917 0.20460309386522915 0.010942597904460782 0.016915198792904557 -0.0051332071144796123 0.14792205293890745 0.043917896560301997 0.06093033593839195 0.07218534266015858 -0.32557627531925443 0.0049242213687490325 -0.079742908512171848 0.097005139088305631 -0.25121271366596926 0.11066314289116859 
-0.69909338273608668 -0.023648841446500687 0.20904689580422933 -0.092621675229267383 0.22859217079609989 -0.072746982988496689 -0.015797431282438421 -0.082241106929614519 0.24182968817658768 -0.045953911471657678 0.23751850418371129 -0.019067105149556937 0.2063673812713652 0.012282867866349514 0.024866540265647229 -0.00065202954276340457 0.15386187935916551 0.038887124342181008 0.063451583883001469 0.070823612606215502 -0.32692968489340118 -0.0010678373953404213 -0.071781884433194998 0.10178457504707031 -0.25193226039468619 0.11422131029138108 
