C:/Users/vmc04/Desktop/Wing saga/Lab reared wings for landmarking/13/13 landmakrs lab reared txt files/RMOMA 13_Format - {translated and scaled (first one is consensus)} - 1 22 26 0	from C:/Users/vmc04/Dropbox/Homework/RMOMA 13.txt - TPS like internal (simplified) format - can be converted to other format by using TET	
-0.69609694626424534 -0.047441530567717619 0.21542190067791672 -0.085161213829365603 0.23800232947393193 -0.061133700566106751 -0.02164190939382003 -0.08521236764006937 0.24936984296366985 -0.035815974521762724 0.24451250444950498 -0.0068288151229313407 0.20958354574958743 0.021849147908979308 0.017834054701992268 -0.0017134340525492664 0.14608006839051629 0.051094349864027652 0.053125637082232322 0.072847223677989861 -0.31745530268321986 -0.013958519583694781 -0.083801746658404272 0.094084012379518106 -0.25493397848966193 0.097390822053682782
-0.69738415915173535 0.00443695011436359 0.21871554093156975 -0.099613880018554965 0.2356803501923718 -0.074732159769378775 -0.021053763287764437 -0.083780058041806479 0.2469902230329063 -0.054374388656416445 0.2435972611807459 -0.026099706555079975 0.2062746808069818 0.0055679373984170531 0.0094828933816790625 -0.003479960874010651 0.14520136746809467 0.040628543204074413 0.047936461039496836 0.068903225305411028 -0.32528934269814602 0.0066989246824705161 -0.073079178354223853 0.099439881974854552 -0.23707233454197593 0.1164046912356564
-0.65560641586428614 -0.21730915378539473 0.23026910716620891 -0.028177447027963817 0.24766052847723691 -0.0031772788933608883 -0.012123827356245396 -0.091221349280440747 0.25418231146887243 0.022909853073181236 0.24439963698141937 0.055518768031359002 0.20418197519966674 0.072910189342387063 0.011789376946418089 0.0044314679302138848 0.13461628995555411 0.085953755325658188 0.021572051433871284 0.084866791493718924 -0.3012562066520883 -0.090134385448501594 -0.10668968073496113 0.072910189342387077 -0.27299514702166744 0.030518599896756041
-0.68584927572483989 0.12786277706140328 0.20051407396606605 -0.13417266050788776 0.22216047967831157 -0.11594410832915449 -0.066078501647908183 -0.074929865927004582 0.23697117832353248 -0.093158418105737856 0.23241404027884929 -0.066954874348808827 0.20507121201074924 -0.029358485480171424 0.013671414134049922 -0.0077120797679256494 0.14810698645220788 0.011655756921978464 0.071774924203762205 0.052669999324128428 -0.30874610252729517 0.065202128947007457 -0.052407087513858315 0.10963422488266994 -0.21760334163362882 0.15520560532950309
-0.68437364784596399 -0.11856797353764699 0.22418387371964149 -0.057545453432494308 0.24339466708607893 -0.038334660066057374 -0.025556440044038228 -0.086926666816456735 0.25469513377221831 -0.0078234000134811254 0.24452471375469273 0.01590758002741156 0.21514350037073049 0.044158746742760026 0.0004346333340823343 -0.0033032133390253119 0.14734070025389417 0.065629633446424834 0.047896593415867675 0.081450286807019934 -0.31032820053475041 -0.042854846740513153 -0.095619333498102407 0.08258033347563401 -0.26173619378435126 0.065629633446424848
-0.69397451176433655 0.046066250292829847 0.20549160669840791 -0.10893313304539763 0.22427941073940488 -0.098364993272336609 -0.035227132576869866 -0.07605447597365235 0.24306721478040202 -0.070183287210840772 0.24424145253296434 -0.045524294407031804 0.21371127096634379 -0.010297161830161966 0.0058711887628116449 -0.00090325980966336848 0.15147667008054036 0.037846586024893547 0.069280027401177391 0.067202529838951669 -0.31586995543926655 0.027278446251832549 -0.073976978411426739 0.10477813792094623 -0.23837026377015291 0.12708865521963045
-0.67703484950069681 0.18540338955557534 0.16873791633709675 -0.14894766689015329 0.20415204692636399 -0.13436537782398447 -0.040622090970041894 -0.069786669102379489 0.22498388844946235 -0.11145035214857624 0.22602548052561733 -0.082285774016238558 0.20206886277405414 -0.049996419655436046 0.028122986056182818 -0.008332736609239352 0.15311403519477304 -0.003124776228464762 0.073953037406999281 0.04687164342697131 -0.3114360307703205 0.093743286853942537 -0.040622090970041838 0.1083255759201114 -0.21144319145944837 0.17394587671787126
-0.69800960415981006 0.050551052217594747 0.20380766461684721 -0.11072283891399724 0.2257496906211453 -0.088780812909699025 -0.036457520130218635 -0.09207211681034369 0.24220621012436896 -0.070130090806045473 0.24001200752393914 -0.040508355700242818 0.19612795551534271 -0.0032069114929358985 0.010717835779022668 -0.006498215393580694 0.15114680220653134 0.031900330113941257 0.086417825493851588 0.063716267820173617 -0.31512125038480604 0.028609026213296463 -0.066079255236021192 0.10321191462791048 -0.240518361970192 0.13393075103392801
-0.7006516766110471 -0.035783396160710128 0.2162179763550055 -0.080432767709453304 0.23283169600104917 -0.061742333107653785 -0.0080672388665885796 -0.08354784014308661 0.24736870069133754 -0.033706681204954569 0.2442536282577043 -0.0056710293022553806 0.21206454644349415 0.020287907644688331 0.018930055558232829 -0.0046326718243776908 0.15183981272658476 0.046246844591632051 0.044888992505176549 0.068052351627064744 -0.3174977672741579 -0.012939531647399681 -0.08905912214105309 0.088819501184619731 -0.25311960364573732 0.095049646051886247
-0.68909466595270275 0.12337390513140509 0.18523221034312343 -0.13725346945868827 0.21196322312159468 -0.12277417087034968 -0.035298645079263037 -0.07710869070712828 0.22867010610813915 -0.10049832688829048 0.23201148270544791 -0.074881106308922321 0.20862184652428581 -0.031443210543906759 0.029301302468708712 -0.0058259899645385967 0.15181844437003467 0.0175636462166237 0.067170237238209404 0.061001541981639276 -0.30706394166038642 0.066570502977154125 -0.06648482665414629 0.11780494413589046 -0.21684677353304624 0.16347042429911193
-0.69052946663473047 -0.10844380552282172 0.2244343811727991 -0.062588973989344154 0.24043025263796569 -0.042327536800133125 -0.027233996545822134 -0.090315151195632992 0.24789499265504344 -0.017800533886877742 0.24469581836201024 0.012058426181433273 0.20843850970763236 0.038718211956711004 0.021820009280688651 0.0013945118713222077 0.14338863241595487 0.066444389162999745 0.047413403624955212 0.078174694904121877 -0.3151596829188209 -0.039128362507099813 -0.089084699544466461 0.087772217783221931 -0.25650815421321016 0.076041912042099702
-0.69179303276949977 -0.01512801001948526 0.21221004110206104 -0.096618671726657279 0.23394088422397369 -0.07380128644864907 -0.033348486175550529 -0.092272503102274778 0.25132555872150358 -0.044464648234067192 0.24589284794102556 -0.016214552175580883 0.2165562097264434 0.012035543882905345 0.0057670314438921753 -0.0053491306146246555 0.14810405389241926 0.045718350721869819 0.052488344156004153 0.072881904624260405 -0.32128215754089129 -0.0086087570829115334 -0.080069798887662247 0.10221854283884238 -0.23979149583371936 0.11960321733637239
-0.66265308622952279 -0.20174449932046365 0.22950592187652735 -0.035865688768082452 0.24407635793856083 -0.007845619418018061 0.0053453670760123121 -0.08742261637220089 0.24968037180857358 0.021295252706048973 0.24071394961655324 0.050436124830115878 0.20148585252646298 0.066127363666151989 0.014311789268032853 3.1855130771491972e-17 0.12863367221629557 0.079576996954182896 0.036727844748084298 0.088543419146203436 -0.31184181796671673 -0.090785024694208627 -0.10225169922823506 0.076214588632175034 -0.27373452365062922 0.041469702638095296
-0.65563623158302664 -0.24412638245719151 0.22725692602531269 -0.018005741062005566 0.24430119547721102 0.014946513211664753 0.021589407972404617 -0.082773964979219627 0.24543748010733757 0.037672205814196134 0.23521091843619837 0.066079321567360072 0.19430467175164212 0.080851021759005465 0.022725692602531312 0.0024473822802726928 0.12158245542354224 0.09107758343014459 0.028407115753163962 0.085396160279511746 -0.29543400383290641 -0.10549965758175082 -0.10681075523189693 0.063806752307107042 -0.28293487290151409 0.0081288054309055797
-0.5812569138520286 -0.3854651112913452 0.22759073528290708 0.026800726494882132 0.23767332370702676 0.057048491767241472 0.039382418032672638 -0.084107746170434358 0.23543274850166684 0.083935394231560531 0.21862843446146724 0.1153034471065997 0.16933577994354859 0.12874689833875916 0.012495515568353443 0.0043949744412829636 0.092035935358631027 0.11978459751731944 0.0091346527603134494 0.094017982655680343 -0.26197494708823826 -0.16364816596071197 -0.11857813394520264 0.04696590334312168 -0.27989954873111783 -0.043777392473955484
-0.64643831133658713 -0.2672539291567157 0.22268357596192045 -0.022369271603425719 0.24564151260754138 0.016987191217638902 0.022621556621509328 -0.089056611383562592 0.250014452920993 0.039945127863259822 0.23908210213736397 0.068369239900695281 0.18442034821921899 0.086954236232864676 0.018248616308057651 0.0038683702772841261 0.11773300843908178 0.098979822094856548 0.019341851386420677 0.085861001154501723 -0.29550985118209533 -0.11310778310754645 -0.10091400723349858 0.069462474979058275 -0.27692485484992596 0.021360131531090565
-0.69225235445468092 0.05912182591869411 0.20157413627989279 -0.11215031601846974 0.22298315402203803 -0.092882200050538807 -0.030713706222385676 -0.082177691179466078 0.23689901555443257 -0.068261829647071517 0.23689901555443257 -0.044711910130711498 0.21227864515096542 -0.009387030856171534 0.021738387245870731 -0.0072461290819569261 0.15340384636006538 0.028078750192583081 0.07204957893991254 0.063403629467123079 -0.33043995461242226 0.023796946644153955 -0.068179487271140204 0.10836256672562866 -0.23624027654698221 0.13405338801620312
-0.63500284847346544 -0.26182539378911573 0.22467813092801453 -0.019201725247042896 0.24450794999154907 0.01695853304528535 0.0042172013393037052 -0.090355781886785336 0.25034024971611812 0.048452951557958243 0.23867565026698001 0.078780910125717418 0.1885178726356862 0.090445509574855643 0.040377459631631876 0.015792073100371572 0.12319611572051255 0.095111349354510891 0.027546400237580076 0.085779669795200325 -0.29323008461371836 -0.11018560095032008 -0.11709463293173274 0.055451711227441178 -0.29672946444845977 -0.0052042059080769981
-0.6848956365211768 0.11763405278184275 0.19317802330866751 -0.13645186493473396 0.21090494780052169 -0.11636135051063262 -0.027817635356448184 -0.082089296493047859 0.22035930752951061 -0.095089041120407586 0.22508648739400505 -0.064362372001193643 0.21208674276664519 -0.031272112949732568 0.031272112949732582 -0.0052726236950130893 0.16363314915557711 0.012454300796841167 0.071453141797935285 0.058544304475662064 -0.31263022219223879 0.06681686923852731 -0.069180459170774464 0.11172507795122459 -0.23344995946195674 0.16372405646066357
-0.67797059675804772 0.16540391828392056 0.18234896801637124 -0.14694140141125056 0.21632337121128445 -0.13269407103919015 -0.053279957367705265 -0.072416904080472896 0.2283788046030279 -0.11077510123602023 0.22947475309318641 -0.082280440491899351 0.19878819536874853 -0.043922243336352015 0.010285055061487457 -0.001180252220170714 0.15495025576240878 -0.001180252220170714 0.070562222020204554 0.053617172287754068 -0.30754000708447621 0.084303730012191866 -0.048896163407071327 0.11718218471694679 -0.20342490051941906 0.17088366073471303
-0.69796834011302511 0.1029763140968586 0.19380014392141731 -0.12464291434549908 0.22186278852389965 -0.10281641298801263 -0.045252013803433334 -0.072675053970531478 0.23017764618389444 -0.086186697668023018 0.23017764618389458 -0.05812405306554063 0.20835114482640821 -0.02902205125555888 0.01710941864652768 -0.0051168354830737712 0.16158007048893736 0.0094341654219170998 0.073234707851492706 0.05308716813688983 -0.30717003009326954 0.056205239759387793 -0.059803014708424161 0.10505502851185725 -0.22610016790832016 0.15182610284932804
-0.67551820695410536 -0.2153763714185136 0.2039999484384242 -0.040593145633501276 0.24209372841720861 0.00086185022576444452 0.0023269956095636961 -0.08092773619927332 0.25553859193913259 0.027751577269612374 0.23873251253672773 0.05352089901996674 0.20175913785143673 0.073688194302852686 0.029216722653411784 0.0053434713997390212 0.13117360436133552 0.083771841944295766 0.037059559707867333 0.077049410183333764 -0.3013028389272206 -0.083168546786260761 -0.097389075511372949 0.068086167835384459 -0.26769068012241048 0.029992387856599672
-0.68990124434356681 0.044589078878804866 0.20835558549618019 -0.1163086450901178 0.23286318583581728 -0.096063236113895695 -0.054834731194706714 -0.079014470660234967 0.24671530776691658 -0.072621183615112272 0.24778085560777025 -0.043851391912059966 0.21581442038215637 -0.0065572174821772033 0.0080325914156670116 -0.0076227653230309953 0.14335716720409858 0.034999148311120679 0.05598224425408771 0.068031131377588164 -0.31269730868132439 0.029671409106851718 -0.07294904448922114 0.10639085364832471 -0.22851902925387488 0.1383572888739385
