C:/Users/vmc04/Desktop/Wing saga/Lab reared wings for landmarking/13/13 landmakrs lab reared txt files/RMOMC 13_Format - {Aligned specimens} - 1 20 26 0	from C:/Users/vmc04/Dropbox/Homework/RMOMC 13.txt - TPS like internal (simplified) format - can be converted to other format by using TET	
-0.69854626379848572 -0.092891137162986234 0.22554819142602284 -0.064942649039833739 0.24403341835256331 -0.041170410663842152 -0.020569555095467752 -0.091634019244422035 0.25131399909921825 -0.016236615023820736 0.24242331341320139 0.0085781781717249317 0.2011626327592711 0.036886797193550543 0.0024154363401450115 -0.0031400990009837091 0.14129772273432439 0.057594444272055879 0.055337459805326179 0.074378025917329865 -0.31703090267490502 -0.039079162225016111 -0.086581955783768011 0.088261788880545644 -0.24080349657744515 0.083394857925697966 
-0.69102731163182129 -0.092950469356821691 0.22734210212846184 -0.066660586132866642 0.24397798884952135 -0.042568987445818558 -0.018637050232364952 -0.085322562419581957 0.25449936167132248 -0.025399022614119356 0.25045895965876652 0.0086750685519854393 0.205870699019018 0.034124673118129799 0.0020536451975644928 -0.0019851120778401421 0.13700881179525401 0.06182561523583946 0.04935551647945343 0.079460254274165892 -0.3150411330546441 -0.032773096634327377 -0.095208482339149261 0.085955631779725344 -0.25065310754138231 0.077618593721529752 
-0.68408676113719846 -0.091514831606606881 0.22468262486016172 -0.06802124767018114 0.2441521646353674 -0.045527479805408923 -0.023127189680717083 -0.089264672205124559 0.25325141002388091 -0.017496195665881321 0.2495409007484902 0.0096723416606984206 0.21557302663747335 0.034902005780269356 0.00020051518583375451 -0.002072763788997622 0.13677562544704172 0.059982889738207756 0.048470676682865449 0.0777915353069977 -0.3240410681762429 -0.037768380217266168 -0.086880651368327053 0.090154949486003985 -0.25451127385862932 0.079161848987290021 
-0.68400479144543747 -0.093942555755681736 0.23125785831463438 -0.07050133930252396 0.24595448613786533 -0.046223322960174104 -0.028238421800651597 -0.099959211592204208 0.25688916903087794 -0.016988538856975509 0.24662638210104584 0.010532296527155911 0.20764413597743914 0.037192356572740851 -0.011505200703308481 -0.0050783203408013011 0.1365240356694562 0.060084770219588336 0.05207010435966776 0.081606785086984809 -0.31339642046428401 -0.037964090068615508 -0.08588902543764354 0.092518662105920191 -0.25393231173966119 0.088722508364586367 
-0.68320497583760775 -0.086310012333029665 0.23738348643286372 -0.06100902970796588 0.24990923377139179 -0.040037305182567151 -0.033449256551649077 -0.092930016780604516 0.25799995265105452 -0.017892454297589785 0.24835055769525796 0.0089449020257026807 0.21082699139865196 0.031710726802294947 0.0011084146394248191 -0.006605991731811145 0.13107220766245128 0.058389718979135384 0.035650940125825183 0.078605489776097701 -0.32647919463487673 -0.038867091406984119 -0.082157509570555148 0.089111282798569225 -0.24701084778223314 0.076889781058752354 
-0.67524603666315897 -0.09101636200032992 0.21681047730637271 -0.073451423450369049 0.24544315390118127 -0.041904041018762932 -0.035218052939484289 -0.094101000723883402 0.25788703557622844 -0.012408386502802796 0.25547676507400502 0.0087140716561671487 0.21899571940319046 0.036988205664397922 -0.0063659291906235206 -0.0053550221932459922 0.15368294192992599 0.060541326272002226 0.035693526550615293 0.082308531262187887 -0.32813646481437986 -0.041867622313178796 -0.089135387235553754 0.085782050957320818 -0.24988774889831816 0.08576967239049671 
-0.68781286112733708 -0.08774004761118058 0.22823759796996901 -0.067902497162763684 0.24270261059852943 -0.041627920397217709 -0.021772462963055666 -0.094606378844733205 0.25102714542182014 -0.016330378608067634 0.24365681088873331 0.01325013279689026 0.20426908618124673 0.035556871432091429 0.02205710285761054 -0.0048166940856063855 0.14767836744267177 0.054884224256439622 0.048345708475533343 0.073464529169620749 -0.30978152037837814 -0.03315951423490486 -0.099917649407103168 0.089102311810517865 -0.26868993596023977 0.07992536147891495 
-0.68374839036480373 -0.084938402802781879 0.22084941693922805 -0.065321569511840497 0.24243670572868198 -0.038940272849369954 -0.017496201873842647 -0.085747542079414082 0.25039717723250166 -0.015155184442271739 0.24772544834378782 0.013121829304476676 0.21761051317537808 0.03378052477266346 0.01582372736711405 -0.0029262689985327058 0.13524390414469389 0.057302061088139317 0.058278548554054663 0.071859011945187012 -0.3405765358227979 -0.03487296458801533 -0.095766213702310241 0.083896815430351102 -0.25077809972168608 0.067941962731408609 
-0.68351820859422818 -0.098331111952169828 0.22351495924401807 -0.069388363775421014 0.24475700110934245 -0.046571334498651064 -0.031774708322679028 -0.095160364854190563 0.25224677298376608 -0.018834339966653041 0.24575182031709233 0.011472461184540574 0.20648368058809427 0.034341684901240718 0.004317843449360724 -0.0061774053761794873 0.14359772722367181 0.058360374801890123 0.053568722269776312 0.083877212711783306 -0.32298753777459183 -0.040251801083264704 -0.084031785213228793 0.096300724580264424 -0.25192628728039401 0.090362263326810716 
-0.68579859460833159 -0.10214568914520181 0.20427973672871502 -0.080133885047908457 0.24317515605336359 -0.046470785841427567 -0.016412038642205994 -0.10272749804334405 0.25247416630878933 -0.016538907308466543 0.24890517262107442 0.011770701366442239 0.20785674051244729 0.036662527847313768 0.0081002564064167407 -0.0068223144445014663 0.15474042389757836 0.063954712638880543 0.040344369313051312 0.079599600928854972 -0.31103725687559208 -0.036597976783877294 -0.089179851523761552 0.10118079474085606 -0.2574482801915452 0.098268719092379803 
-0.69306900821681672 -0.092240601945480338 0.22895844948003016 -0.070368639960874307 0.24591750976612756 -0.042233092047357278 -0.027081920983703066 -0.092755279761256124 0.25383048513104917 -0.017314478090193958 0.24741149023502818 0.011756911650482402 0.20210474128963271 0.034680939307665221 0.0050686270509786536 -0.0063857550101825014 0.13832811931646802 0.058404992385743607 0.044709828215104525 0.079198617336682209 -0.30523337992312172 -0.037094778650361808 -0.083023851187548167 0.088800881643514601 -0.25792109017322845 0.08555028314161843 
-0.68099365261463518 -0.089610721402559351 0.22661595073434615 -0.062570426729927242 0.24212708903558108 -0.040688131474729008 -0.033078345144767304 -0.092000971704716952 0.25099842384372645 -0.016177698427873276 0.24765201115802102 0.0073567712762248223 0.20913273814052316 0.034849884803433186 0.0089609014313342637 -0.0025728858767305337 0.14593123977703021 0.0592433160032294 0.060503861560059519 0.075205851233145327 -0.32912436269506001 -0.039167800758685624 -0.088307765409959812 0.086782030465860596 -0.26041808981620007 0.079350782593328575 
-0.67991960788627814 -0.089442445678767565 0.22813825994630135 -0.067508854182994932 0.2474149578385908 -0.04598121204156215 -0.02239598158054135 -0.093280534270569704 0.25652830989173048 -0.021248801013818003 0.25002126237949357 0.010643909399854231 0.20816692855976218 0.036330145064766242 0.0074982727730430925 -0.0030621379373247911 0.13597217330893446 0.060015243488045718 0.037742525055297439 0.077843865091234796 -0.32409426905025646 -0.040345049231990081 -0.084018583762949864 0.091918678627897266 -0.26105424747312761 0.084117192685229492 
-0.6917360077377972 -0.10086393841410847 0.22196651405827911 -0.071166188588035736 0.24005965961404235 -0.047335747653151336 -0.024333686746819058 -0.091588788252825126 0.25405140163828827 -0.019147719963906379 0.24410695159744186 0.009181309232282624 0.20505549210618604 0.035618263358024968 0.0030128185543966401 -0.0032241658388428387 0.14805188856611087 0.062160968613975374 0.04517372709650537 0.077830811482223844 -0.32118575759246021 -0.041140654654883264 -0.088216972239314781 0.098220175457884029 -0.236006028914859 0.091455675221362664 
-0.69799725516850586 -0.09024123585398762 0.22302340725963579 -0.065514820883616362 0.24030520402174213 -0.043470955564978618 -0.0078770721503214139 -0.087152306413969344 0.24874487238382331 -0.020901718845548093 0.24667509455894968 0.010892274376433123 0.21207183716390138 0.035063395155099736 0.0086969460418887118 -0.0034990288916914945 0.14333915406088188 0.059214683998348429 0.036519896769247343 0.076482586746476428 -0.31079333052344288 -0.034206651783448457 -0.091726650855680603 0.084648644354902866 -0.25098210356212042 0.078685133605980145 
-0.68476095017236527 -0.097951819358072373 0.22794987119285953 -0.070179620505211718 0.24572472818438937 -0.049886988333456936 -0.019399019084881904 -0.088529711514002962 0.25556505106577365 -0.012453537014194053 0.24348183371375062 0.0084768082407551855 0.21110230895079998 0.029682034205290121 -0.0052194086768850723 -0.0063549621310083383 0.14146891143580495 0.056758478376550035 0.041706234106843355 0.081676304502020958 -0.3168875901604134 -0.035967303602237814 -0.084579450735033618 0.095053324216295573 -0.25615251982064174 0.089676992917272463 
-0.67668279672813514 -0.090385461528351238 0.23080357839563642 -0.066508868627916315 0.25080328483451464 -0.043932111382144215 -0.020693102211395139 -0.086344890650256259 0.25850507109067328 -0.016570021275288012 0.25069400228499183 0.011390957622929458 0.2056516961662391 0.033335608266280313 -0.0075310295643277857 -0.0059402266844425832 0.14139584551122417 0.055393393105691704 0.047085793923130378 0.071247576578981592 -0.32586446327980528 -0.035678613724057104 -0.092604040548628253 0.088674083857503611 -0.26156383987411863 0.085318574441068579 
-0.69294413436736646 -0.097855577884801967 0.21368273890137118 -0.070352092004260611 0.23661299416537915 -0.045952076304607292 -0.031424803538684189 -0.089575229695908171 0.24552229977688925 -0.015763562860533986 0.2427866521510694 0.0095115332256050962 0.19860834464753474 0.035171789553014796 0.044519460529459924 0.0075349129574903114 0.14867269499261646 0.057773549199406506 0.063833341218744288 0.076597509743475539 -0.32286291418377039 -0.040752413047455027 -0.090813420793036212 0.087865872082899157 -0.25619325350020666 0.085795785035675684 
-0.69107740730008604 -0.098724837589188957 0.22186213137701066 -0.06967781775371687 0.23837771890884832 -0.044406652789861542 -0.014116729017903017 -0.082300062675120814 0.24592828553459595 -0.018847904888204623 0.23880284958627193 0.0038162824475967082 0.20387741050976838 0.0341029321435962 0.022341980890727229 0.005151082755760073 0.15301154977703094 0.057048458687920266 0.055984269697231463 0.074744082108911328 -0.31651268899158957 -0.032215596579678867 -0.089409737088927368 0.088382325754281316 -0.26906963388297761 0.082927708377705744 
-0.67235651307065813 -0.084879823097255419 0.22512885719333836 -0.066764841223420704 0.25027796274855824 -0.03564123398932225 -0.026183941431544136 -0.085535380089182295 0.25412508936616496 -0.015662316732040174 0.24799191173688462 0.0081149037734943759 0.22059947561817655 0.029496220686308163 0.0029770696128535441 -0.00068753668771877048 0.14448210983730081 0.054865031403622623 0.048337003429788701 0.074082355728148919 -0.33343989510260286 -0.042789782813656446 -0.09783778555671431 0.086044837141650746 -0.26410134438154659 0.079357565899370847 
