C:/Users/vmc04/Desktop/Wing saga/Lab reared wings for landmarking/13/13 landmakrs lab reared txt files/RMOMA 13_Format - {Procrustes residues OP} - 1 22 26 0	from C:/Users/vmc04/Dropbox/Homework/RMOMA 13.txt - TPS like internal (simplified) format - can be converted to other format by using TET - Orthogonal projection of the preshape data to the Kendall tangent space
-0.00078410745316138432 0.0023266550741169079 0.010544362914889195 0.00049399016836863092 0.0029006651041377945 0.0031857436570881439 0.0066933569147458018 0.00096330874133963146 0.0014617089833061426 -0.00062447008087217237 0.00038211610383956981 -0.0012750103077002767 -0.0043178197424440547 -0.0013981218643232124 -0.0081415221930465301 -0.00100079106629086 -0.0042622735861204946 -0.00043593577539643156 -0.010443013974731788 -0.0011089200584837844 -0.0080377414040520515 -0.0021352109593737764 0.0036060934601053109 8.0958101568135311e-05 0.010398174872532962 0.00092780436995948401
0.0062535082595978802 -0.0018637218262321116 0.0015597367151651415 0.00033288582357052156 0.0017828782366585321 -0.0030293494769844092 -0.012451867316863537 0.00055122452370553478 0.0032426520753762325 -0.0042625970100475166 0.0060836417072022142 0.0011465232198904815 0.0061647301912868269 -0.0011505117855826899 -0.00534011764132115 0.003197651600706084 0.0054149495679264269 -0.0010653994051427866 -0.011585563160234199 0.0037032352800922498 0.0027309930657915525 0.0010734107935636693 -0.0019116358141936397 0.0029888794953428603 -0.0019439058863926894 -0.0016222312328818406
-0.0011485243758054845 0.0015179932927912145 0.012832630415644449 0.0039512792936719212 0.0065059461185061045 0.0036471039383534874 -0.02372459328759903 -0.0030162316856436346 0.0039324398311412559 0.0044729913894223459 -0.0026492182968299383 0.0001135945978795009 -0.0036797652886285809 0.00072550021245422936 -0.002685819968111043 -0.0022787282167912822 -0.0055617756656609653 -0.0033089087194554234 0.0031564705498468544 -0.0043972427047485893 0.0015532344500092206 0.0010456829096084485 0.0056305662040684722 -0.00064451493953880071 0.005838409313416967 -0.0018285193680036282
0.0021694114673727937 -0.00022249355135965659 0.0024049342726922439 0.0040321979106876637 0.00071069570261821481 -0.0021480767376936254 -0.012609509116473575 0.0021335566797929086 0.0037930633234369887 0.0021338683956069345 0.00043369147913414549 -0.0018317556656303605 0.0088787955911567226 0.00025977063475436841 -0.017751786320959476 -0.001555505103796489 0.0071041938198596871 -0.0010935129925762164 0.0026389453454659841 0.002893861150486462 0.0037778097032692458 0.0035536753477854012 -0.0030719895885568632 -0.0019610542982352341 0.0015217443209839983 -0.0061945317698217234
0.001352621900126031 -0.00038021054353639804 0.0035739640188593644 0.004047968888149055 -0.0020032301858886716 -0.0062787744757773298 -0.0029290824288532198 0.0059052104387695373 0.0015213822607931678 -0.00073371203851612776 0.0036846994224946968 -0.0047487092369021457 0.0034639225768291785 -0.0030062688001808329 -0.011915630180046188 0.0016841479054028161 -0.0012383447730920781 0.0066318062318015064 0.0062207559605217261 0.0027110986270896778 0.00025991577390145973 -0.0012065345940573374 -0.0038453291183551813 -8.0875308244744183e-05 0.0018543547727093487 -0.0045451470939978228
-0.0052445488835680242 0.00063397133549672566 -0.0064482123400211163 -0.0011176622178304826 -0.0005684360984049802 0.00096701386720270165 0.0062304615114607076 0.0067788883532866797 0.00030912994362482628 0.0045303450389156015 -0.0039544406473590327 0.0038047353540697198 -0.0023805767375044743 -0.00258936599494631 0.011443493694727899 0.0031883880507159825 -0.00052554961452529084 -0.0040242916237510987 0.0011445726330328915 -0.0046914826513402286 -0.0080583730121781601 0.00075406899175894904 0.0096858170672239081 -0.0048806567373801072 -0.001633337516508588 -0.0033539517661982515
-0.0033025562306850742 0.001264015369558454 0.0024709151247829598 0.002715510447022308 -0.0016121117855685103 0.0041536720820689382 -0.001652869204099692 -0.010228577016175591 0.00084508103551499255 -1.0935053253971656e-05 -0.0011019034900498783 0.00041668568542020445 -0.014943138313166418 0.0022378919146514679 -0.0063277118230774991 -0.0031581157921404947 -0.00087820751626544857 0.001175103771700675 0.023449299222913146 0.0018701687864834007 0.00078033629082756989 -0.00080043128974441324 0.0038717103499103303 -0.00077974419074727927 -0.001598843661035452 0.0011447552851563403
-0.0053053481890189868 0.0076592936318557875 0.0019700649578077347 0.0050979528038612183 -0.0043043137043214368 0.00055382280734624632 0.014147224959896424 0.0024505011982364454 -0.0012169014016406702 0.0037623925612564877 -0.00017834543906799973 0.0031722934157179124 0.0022698887786920924 -9.531355951151763e-05 0.0011125894675003915 -0.0027072331426166922 0.0053739538943980512 -0.0041436636443050205 -0.0088533586146976283 -0.0049319450535389494 -0.00052168464413182829 -0.00043932452041633004 -0.0059870069345422019 -0.005625555531297983 0.0014932368691268575 -0.0047532209665875208
-0.0028199855363681406 -0.0061488229902413724 -0.00093200008233914342 -0.0020578189747870457 -0.001478783361123945 -0.0046474580991458739 0.0069303738899703206 0.0025273403933240217 -0.0021844021486966394 -0.0038090862568675456 -0.0010630165301905191 -0.0067815004045482258 0.00015259812090495607 0.0003464438376428187 0.011967435831707954 0.0035593534131929806 -0.0036753926920991232 0.0038418707249332079 -0.0036692516531502085 0.0026831970518312992 0.0029573395105040993 0.001660457361044301 -0.010374370505502219 0.003390940607570685 0.0041894551563819377 0.0054350833360508055
-0.0018930437405921784 -0.0031561828548377791 0.0037150992911068989 0.003266640296839444 -0.0014435711076688932 -0.0012033850284537666 -0.012903957415218411 -0.0017400329421773505 -0.0032454178006585586 -0.0023070530276688935 0.00036069171832820227 -0.00089172382860956754 0.0012292569383223679 -0.00035813540707417752 0.0040047495491664503 0.0013982525507048071 0.002181275093842347 0.0030117237216050266 0.00037916987827790272 0.00072833783817401849 -0.000379733773392748 0.0015448220956376794 0.0021033831138877316 0.00094812820122739695 0.0058920982545984865 -0.0012413916153663773
0.0047675121061584516 0.00024241695972930673 0.0017895112025838049 -0.0023748077705659934 -0.0003533440750863653 -0.001892096779964486 -0.0072708480729455575 -0.007730130607876631 0.0043577746073015554 0.0033150627665297899 0.0019332828357100712 0.0026687072911056944 0.0060979211931928238 0.00048969089307468233 -0.011832368137084357 -0.0032875213569743596 -0.00038177342933387809 0.0012760794766421201 -0.004316920611652458 0.0020138569323454448 -0.0036353579350665837 -0.0092062815447460332 -0.0011768098659362023 0.0044723874176986669 0.010021420182158422 0.010012636323001631
0.0042187310761457424 9.1221601809101738e-06 0.00082388869860585377 -0.0022807868020168474 -0.001471360419291471 -0.00158228259918988 0.0072843032509071004 -0.00034021292939793242 -0.00074300805755689184 0.00063084849254102504 0.0013867457544420891 0.0024317471488055744 0.0014904761335411956 -0.0025053334461585999 -0.0039049918770405669 -0.0014140122006118089 -0.002988165604286391 -0.0026930933437017621 0.0023251452852177017 0.0047806993554600167 -0.0073102937074640273 -0.0039873581749678127 0.0010929078067070646 0.0033320614455553369 -0.0022043783399282426 0.0036186008935019526
-0.0033515372167396617 0.0072958985874762685 -0.0028171758972381404 0.00012696538878180107 0.00038056093100411002 0.0032888052252609021 0.017987737103465042 0.0005878536144840003 -0.003112603916046452 -0.0002522412695226845 -0.00020821657764540005 0.0013045915049508777 -0.00016469320112837268 -0.0015753740473943181 0.0045948151387086092 -0.0025309541228332195 -0.0031858157963901177 -5.5102939095429907e-05 -0.0010589443360844628 1.871580912917272e-05 0.0034809207557813435 0.00053505455420055663 0.0002914925863491014 -0.00147716668213764 -0.012836539574035515 -0.0072670456232995506
-0.00066526489619306208 -0.0012885580886918525 -0.0034468715314490942 -0.0046311641276615551 -0.0025451476264824221 -0.0065986044160797732 0.014544935269004834 -0.0065553028244495059 -0.0025169173195667802 -0.0070168519990599061 0.0026271145154028357 -3.6846445042462714e-05 0.0011310458510139934 0.006915859863584479 -0.0048088393012659294 -0.0005339905795905145 -0.0070780123858621754 0.0075488374635154553 0.00093782654623666148 0.0040790627423166297 0.0082575857591715898 0.0011367960204861573 0.0035427209784228341 0.0054239208417741118 -0.0099801758584330026 0.0015568415488993737
-0.0025219038344177405 -0.0041130570291536932 -0.010152141566643017 -0.0066673294339036904 0.0011636941130439495 0.0002419161921832435 0.015371936452047815 -0.0056266544524765233 0.0012299698125578331 -0.0042350341514058483 0.0040485660991705389 -0.0024178242465939634 -0.0072917400788756921 0.0032680489045119271 0.00069545532275971196 -0.00021990016337650878 -0.0034132426020544826 0.0058988565979348892 -0.0081260494158676162 0.0022672916628875385 0.00079989448394163958 -0.00064586089743026145 0.0094368710717305931 0.0036610343782584234 -0.0012413098573933281 0.0085885126385639859
0.0017213109874844468 0.0046449696570224847 0.0011061139591245698 0.0028517415153067284 -0.0033248758523103639 0.001719158055375202 0.0033858110250077865 0.00023579158177876433 -0.0044476360305196749 0.0031905255341939365 -0.0035693699182854153 -0.002122423567538825 0.0016803292631124853 0.00018180938797280778 0.0047189979827053996 -0.0021615672146042299 0.0014297079037907661 -0.0010432514410316002 0.0086287958295948233 6.0441856000163275e-05 -0.013429167043813058 -0.010529782634328888 0.00025928711867798928 0.0032930246158304134 0.0018406947754289085 -0.00032043734597705931
0.0091058498836628383 0.005286955051133955 -0.0081717258851363196 -0.0066866489714984259 -0.00048982140758804587 -0.0021754802332379867 -0.0035304397104581652 -0.00090902715559664773 0.0039427355266715989 0.00084479363354026142 0.0070251129026892619 0.0047318445398410371 -0.0018969261795547551 0.0029573649062206828 0.025469338471050009 0.003740940219595337 0.001243354991042195 -0.0011246458003547461 0.00050590411532245466 -0.00092707925279510725 0.0035645008929668883 0.0049878281172552304 -0.0093201030629027088 -0.0035075256249095369 -0.027447780537765379 -0.0072193194291942236
0.0018622759099548112 -0.0027176930809695255 0.0056461277509935043 -0.0018245614138307298 -0.0047526147402420661 -0.0013993457814881669 0.014432888672963712 -0.0003447633053540167 -0.011954131018818061 -0.0034060458182438936 -0.010432930463653555 -0.001041846680598989 0.0037749433167694264 -0.0010466515119239937 0.013769100884263915 0.0042312951770596607 0.0096917224093852877 0.00012515496707355116 0.0019637260952791889 0.00078453396248584224 -0.0027246205667897862 0.004143824178359375 -0.01042241631663807 -0.0020622951922304364 -0.010854071933468046 0.0045583944996616665
-0.00080681860359111367 -0.0029833993016558768 0.0039061918983357637 0.00035532065015811388 0.0090806228472091986 0.001027778951104486 -0.0067660759357108212 0.00073936464492861502 0.002552242705337326 0.00065371636469012135 -0.00082620757399313322 -0.00050834706954672941 -0.0070104538914798984 -0.002471355669372427 -0.0077085131797631299 0.0038278807469288253 0.001636404992933308 -0.004883129142648145 -0.0026446705205825185 -0.00056264713659066802 -0.00164869838647365 0.00025761260897519557 0.0010965662793233689 0.0026168767331714482 0.0091394093684549881 0.0019303276198568559
-0.0085735817386214629 -0.0029354847562480832 0.0014646574354859705 0.0045010255410444467 0.0013440567891900971 0.0085636359842782093 -0.0067373870264732117 0.0052555593839667489 -0.0053999374276260332 0.0016662557027894878 -0.007152472739627329 0.00045152012243764218 3.4472769351829007e-05 -0.0048855996963127219 -3.9681962292532078e-05 0.0005181973022522835 0.0095264688357885978 -0.0071001094202974326 0.0066728603647256274 -0.0055383778304472601 0.0048312109095819747 0.0027858344915671239 0.002471402779663897 -0.0042757919387920781 0.0015579310108524082 0.00099333511376081818
-0.012402069136539403 -0.0018770691495324191 -0.026022655845830214 -0.003543995176583267 -0.00199677136529742 0.0044583907160912033 0.0048167524868338012 0.0068144994205611969 0.006159528845838206 0.0025101446169948634 0.00024353774683372577 0.0029133331388583165 0.0038642413470251612 0.002233026294603683 0.011807533365136843 0.00011353529127306714 0.0011255496210176592 -0.00092089040113811551 0.0009217713851024515 -0.0071093164024041882 0.0043447267458937315 0.0048645558592304459 0.0050497030226537556 -0.0046653922578499818 0.0020881517813304642 -0.0057908219501044689
0.0055501894571338911 -0.004027472854487125 0.0078371317965977468 -0.0020159888960690361 0.0065159910245082492 -0.001880385311030853 -0.021614870493172251 8.6720349038650504e-05 0.0057050237946134671 -0.0016560991991518947 0.0070830471964731852 -0.0016154942121770609 0.0050158618984336677 0.0018424254452407214 -0.0088227696844147708 -0.0046410910506477828 -0.0090558764694667823 0.0032593041599287302 -0.0073435545119270975 0.0019184535845003434 0.0030193723758918782 0.00035295164449028428 -0.0034536450721344859 0.0013463818022825006 0.0095640986874634369 0.0070302945380823073