C:/Users/vmc04/Desktop/Wing saga/Lab reared wings for landmarking/13/13 landmakrs lab reared txt files/RPVFB 13_Format - {Procrustes residues OP} - 1 24 26 0	from C:/Users/vmc04/Dropbox/Homework/RPVFB 13.txt - TPS like internal (simplified) format - can be converted to other format by using TET - Orthogonal projection of the preshape data to the Kendall tangent space
0.0051140890714295641 -0.00047151562092792175 -0.0037620621830984674 -0.0046073965570939662 0.0052519900081986065 0.00068816678439147445 0.0023988209034454797 0.0018881352829842354 0.0062361230885979073 0.0008759859317372296 0.0068231325118225279 -7.8540941949950673e-05 -0.0010725874905517701 -3.3721127940002842e-05 -0.0088173612720846856 -0.0016367650067159757 -0.0079172510364129006 -0.0016356159785857563 -0.0010085249051909949 0.0019575292594726703 -0.0020748313493765633 0.0013416618022451328 0.0031944821243108956 0.0010201022647224158 -0.0043660194710894561 0.00069197390765984856
-0.0030701295860599432 -0.0069610704910508976 -0.0020417066155779279 -0.0029338874879783847 -0.0021611507652487937 -0.0020800801017855073 -0.0027243117150337949 -0.002241588863415498 -0.0053316574437445143 0.0015855431587852259 -0.0060945503262632272 -0.0016110298063199764 5.2112994817683084e-05 -0.0010857320739935227 -0.0023914982793848709 0.0023508251603397198 0.006926045664433016 -8.3994359304640073e-05 0.0089145944459313384 0.0045292138961585413 0.0034928003445048607 0.00094209072444067544 0.0055919727658171655 0.0066143073359227374 -0.0011625214841909336 0.00097540290820187503
0.0066254577972256409 -0.0030886176915484163 0.0048802729575101421 0.00084275945176815641 0.00027511606181955788 0.0014786038004184568 -0.023997249422287325 -4.8925761738137855e-06 -0.001598590205672303 -0.00077082392891246617 -0.0025079923261294643 0.0021277647393564691 0.0020218976023728061 0.0018197671243035361 -0.0060924448540141361 -0.0015723405867607207 0.0075205438335767278 -0.00046565846823638844 0.015992162567327915 0.00010974593447431213 -0.0018653734949670938 -0.0017152251880008982 7.0898354501406431e-05 -0.0016638486102186481 -0.0013246988712638627 0.0029027659995300992
-0.00080354842042524698 0.0023473207065758217 0.003610076719598987 0.0020202465031488436 -0.0033259154403552761 9.2038539973532917e-05 -0.0024494584631999544 2.5025195845113264e-05 -0.0020652163266565169 -1.558994618037403e-05 -0.0027409563083829968 0.0007082414228755902 0.0015473951036630369 -0.0013571034028701245 0.0031958398251407984 0.0010940266194489259 0.011711394745093775 -0.0017979039038034596 -0.0038195391229299555 0.00157882008228254 0.0029279064537550735 -0.003251804986202133 -0.0084824017454885065 -0.0019095465088436779 0.00069442298018606609 0.00046622967774891111
0.0039252029826407631 -0.00029538863365012472 0.0074088930325874516 4.618536812310526e-05 4.1145250428689314e-05 -0.00031808525352982123 0.008422673146663593 0.0019448942402621686 -0.0027687340819401245 -0.0047758559429190248 -0.0025534230823070166 -0.0050305967632487325 -0.0012929622371472857 -0.00040634856858032015 0.0028820307599308971 0.0021445757734110905 0.0051999517352931167 -0.0013515033620470976 -0.0044072743295880757 0.003691005531958216 0.00065684349410537538 0.0032301554863966879 -0.0088031649829092909 0.0022244411456903653 -0.0087111816877589419 -0.0011034790218668461
-0.0096661648404801799 -0.0028056265092488261 0.0016889215400727503 0.0043810601976238747 -0.0037872667990801459 -0.00087030561921405648 0.0027373507010767031 0.0047675295893980256 -0.0053156095414553396 8.2503941467695137e-05 -0.0039712605941837351 0.00082446373156471321 -0.0031299046908566616 -0.0021255616891989802 0.0094142083830332322 0.0019935537628126801 0.0044044630986884445 -0.0051212411246061964 0.002803272546707444 -0.0014048256629009591 0.0013388368928092783 0.00082087995435226459 -0.0036583976355359905 0.00040513400333462536 0.0071415509392034815 -0.00094756457538433536
-0.004144248723797787 0.0086554849945727121 0.0023774890172741179 0.0018128890863975322 0.0026377403597375062 0.0062513599162760392 -0.0014431911670579108 -0.0080335283712912667 -0.0010195227109644511 0.0054813949933198505 -0.0035310187480735787 0.004361586843741585 -0.00263525719512797 -0.00030446386750919218 0.015813751730011393 -0.0029433551237724597 0.0010181249632219393 -0.004128955398366216 -0.0040098268597287311 -0.0058857318539126523 0.004335555891013098 0.00074769160868473183 -0.0048601781241726224 -0.0038327620803518501 -0.0045394184323354781 -0.002181610747788762
-0.0020644315730458654 -0.0041167140045273148 -0.0029437173116203747 -0.0034726091355534081 -0.0042860899965998216 -0.0033067333806687249 0.0035374969414236884 -0.0009945039961276503 -0.0040687145429951239 0.0026717265159727998 -0.0031850002064483509 -0.0015669741603136277 -0.0043831811644821535 0.00064361831505389149 0.01379315930549054 -0.0013267575326972973 0.0019560445731584388 0.0017046253382916902 0.0036287240121892716 0.0031208789688519393 -0.0023691005439355748 2.7684802121088993e-06 0.0058035880722023554 0.00196941984704677 -0.0054187775653372454 0.0046712547444588276
0.00031034313090089367 -0.0048638237251766954 -0.0027232528914730575 -0.00086065932837603909 -0.0022747668952799267 -0.00039488292978550233 0.0038063153382528049 -0.0052575914131650203 -0.0019189579889391708 0.00093173928992925812 -0.00026458181066629826 -0.00066654488436181244 0.0039545712074282313 -0.00049242886266210131 -0.0077827334365735109 -0.0026481043915334767 0.0023165564814842509 0.00015036608105295263 0.0022843855792669485 0.0010933312441941596 7.5067787078041039e-05 0.0019994647440768416 -0.0010792346905948394 0.0051848844378659439 0.0032962881891161907 0.0058242497379416697
-0.001183554818180256 -0.00071412999511003374 0.0013170499620003919 -0.0037183974203533919 0.0025045594660924593 -0.0035254280175127271 0.010236633712285684 -0.0053950721685355457 -0.00027673298886118696 -0.00067811713618761175 -0.0043125236209710198 -0.00015953356152494127 -0.0066719912499328786 0.00061099120342682364 0.0075835483037439005 0.001980550168495649 -0.0044601946120039603 0.0042249970776390769 0.0011448938619510463 -0.00058178452274460402 -0.0018105685465339841 -0.0013794626767091966 -0.0085587547915981031 0.0026225873773246438 0.004487635322007695 0.0067127996717919469
-0.0003956559973424369 0.0071930926413060333 0.0067170757481747421 -0.0032970287408660417 0.007055963761397081 -0.0035787503633020299 0.0090412430553802048 -0.0022785029878912874 0.013386419456200341 0.0029650416628640465 0.0063360865642233194 0.0069809409927919248 -0.0019025116725732466 0.002442594790031098 -0.00095253514818321343 -0.0037866423912533589 -0.036036429405595219 0.00057551065860947576 -0.011147054302002421 -0.0041491710230142954 -0.0087939260576816534 -0.00035001754976526016 0.0034272943554045998 -0.0037314812379751223 0.01326402964259899 0.001014413548464585
0.00011912516057438396 -3.6761026384980636e-05 0.0021990376582902401 -0.0032595626839238144 0.00029249010832351104 0.00027999188498578772 0.003843699413090491 -0.0030901635453672088 -0.001341054435805109 -0.0034600554209357906 0.0028344399032119326 0.0012782128529333916 -0.0022375227944841235 0.0011778553181512521 0.00089942384184176405 -0.0016438084615739194 -0.0032484438229078501 0.00084439735925714832 -0.0056312930890297583 0.0025538176177010222 -0.001043622834257265 -0.0031079728553197986 -0.0014438933970811611 0.0045452430566989416 0.0047576142882329387 0.0039188059037777306
0.0057080642662423603 -0.0050993715789258032 -0.0055323377341247515 -0.006885431456720382 -0.00049389331530070094 -0.0042433556581854678 -0.00041143502455154139 -0.0041184959056798712 0.0029476756930505231 -0.0070476663595385016 0.0037552248787312407 -0.0034536288715887207 0.0035755061066595471 0.0019419363209773007 -0.0030719712856778643 0.0016487687922340725 -0.003360361071233514 0.0096178380136018871 -0.0012439329502088674 0.0099369026698894278 0.00063579185488122844 -0.0012957053530331577 -0.0039638140454096808 0.0041282441208377848 0.00145548262694206 0.00486996526613169
-0.0072035324433212013 0.0087647668810587279 0.00031278756674444968 0.0090393481090337759 -0.00013725587570421506 0.0075396706348603093 -0.0039917130579101828 -0.0013486199386645689 0.00069416270611051632 0.010213352397585111 -0.00016247435248882558 0.003600449855001442 0.0050308019392333002 -0.0035238341298782718 -0.0099819302841662808 -0.0040033408958727573 0.0075842110046332074 -0.00767435606384167 -0.0033477529136382309 -0.0064729544044537235 -0.00077127807085729597 0.0016287750524087632 0.0049175934520629926 -0.0051610805942858074 0.0070563803293014465 -0.012602176902951345
-0.0046578485923057054 -0.0061145281295557369 -0.0048192664302842622 0.00014559934863890404 -0.0045723198948895739 -0.0020635501242211017 -0.0011286654401762371 0.0039056433356543696 -0.00084747872145229594 -0.0030648514575481525 0.0040070734426655595 -0.0036186042364903049 0.004758239686911179 -0.0011567748532974318 0.0069432280271402554 0.0041223179012056669 -0.0020555285060999641 0.002314103905568141 -0.0049375405250368957 0.0015727488573235538 0.0035458705843765541 0.00026646256407754099 -0.0015250198729342497 0.00025184356429604161 0.005289256242085017 0.0034395893243489295
-0.0030573199554003823 -0.0020304796571595442 -0.0012598144824981666 -0.001481430166970265 0.0038797509604372388 0.0010582964699189423 -0.0037495276409213918 0.0058746263060994505 0.0048985722719438862 -0.0061030310234194678 0.005979040657788804 -0.00037768052008652905 -0.0029512811576504388 -0.00082613469759527523 0.0032231630298802166 0.00056246646353023142 -0.0017523236067079019 0.0001053276945953952 -0.012192438771063727 0.0015166165259950771 0.0097150357226572486 0.0027103964614384416 -0.0040114268128057214 8.3121550242641509e-05 0.0012785697843415754 -0.0010920954065892635
-0.00934499557792021 -0.0024476528393442662 -0.0062589636905908391 0.00057627421442028534 -0.0065219208144998405 -0.004186314138287601 0.0029333773858491495 0.0034493893789283325 0.00067238930269699357 0.0014878062004354035 0.0039438113278424513 -0.0015496387057187489 -0.0031220077161280696 -0.00085423466641161116 0.0075497848479403294 0.004865136677535558 -0.0024099942537036526 0.00074297761128064332 0.00063523923522624019 0.0010313251328738092 0.0038737443806426395 -0.0021382556054634645 0.0042177446337314092 0.0015092042819692284 0.003831790938912936 -0.0024860175422174446
-0.0045348484550453757 -0.00064023101662226043 -0.0027848906312548023 0.0034072910136866254 -0.0014660814607411706 0.0027812661463928849 -0.0054295073891520232 0.0028148150294628363 -0.0020693453171811726 0.0037893374614680116 -0.0010953654490257854 0.0033611833891218001 -0.0020055222504042382 0.0035008132721131226 -0.0075229854910762103 -0.0053353379185770398 0.010344103169318533 -0.0046570815310179887 0.010812963895930637 -0.0051743710371868357 -0.0020250604997462764 0.0042393385775927848 0.0052585102054145804 -0.0027632670778825015 0.0025180296729621228 -0.0053237563085514333
0.0045340106132144044 0.0032870792896230244 0.0058539547237962519 0.0029368252058020799 0.0057594496509518617 0.002669735325086501 0.0012256387016747429 0.00088426530499649612 0.0021439296352396154 -0.0031564956947658976 -0.0016608341642932703 -0.0017061013584652289 -0.0032015112297533606 -0.0010854811358852457 -0.0068619493854132334 -0.00088063425611260881 0.00022987492818440773 -0.00052346446295823041 0.0012214784962584239 -0.0033351164009590506 0.0022836284072380113 -0.00026426237925014612 0.00034021448911678042 0.0026304409938320921 -0.011867884866214791 -0.0014567904309439744
-0.0007113355720468487 -0.003594879129922447 -0.00075576918233572496 -0.00053540933134467678 -0.00063480568638412489 -0.0014659379777694288 -0.0066654580984727811 0.0025136164205657634 0.001063604711764146 0.0033680300518080623 -0.0034725759687519592 0.00033666489983069019 0.00070663410405561724 0.00096720789075920954 -0.0077711056105730864 -0.0023067753764388715 0.0023974529558521088 -0.0015247995199733724 0.0046654436929672522 0.00061430515585591183 -0.0015462500687325317 -0.002548928166829036 0.01304518723005163 0.00064106674107792063 -0.00032102250739360263 0.0035358383423802903
0.0015334828060029641 -0.00030204737179244173 -0.0029466250539709219 -0.0024489103889518884 0.0018371673014347381 -0.0018792920218484153 0.0056022378445341504 0.0029529300762860828 0.0042988076924799119 -0.0031139151233004836 0.00056984927485359636 -0.0017084859672327035 0.0026475241570891764 0.0020545899930690657 -0.0053646076840522623 0.0053597774430719702 -0.0035963311460418161 0.0020963608434160907 -0.0032906636331460613 0.00087650075565804644 -0.0047621893746338552 -0.0024293820879162102 4.7841986815432393e-05 -0.0021660463390093618 0.0034235058286356118 0.000707920188550204
-0.0044178883810382132 0.0029294055210570629 -0.00090427831180710889 0.0027104650727925593 0.00041906953218278026 0.0046973879069272615 0.013570317102535832 -0.00015323470513933909 -0.0018662166503813265 2.4616628125486394e-05 -0.0013161173221060622 -0.0025805651240340577 0.00095407119031790631 -0.0011713141397296388 -0.0062985942868774821 -0.00015122577659999441 -0.0023353862114055203 0.0010839130034189604 0.00099295597555102691 -0.0041326999894183095 -0.0023128956523228356 -0.00084382243286551712 0.0033964952192283146 -0.0017865552547301172 0.00011846779612286308 -0.00062637070980477161
0.0042471434280147114 0.0060433985951337497 -0.0016702318370873 0.00342578655782732 -0.00050936459423164999 0.00086290590895795704 0.0024254597918397587 -0.00091369478501448066 -0.0027912270512087437 0.0013578147249639423 0.0017249281650000697 0.00051818654099056562 0.0028276440377993251 -0.00091264220895052569 0.0040369827685756915 0.0035310692694194377 0.0029850054480237932 0.0012210344412764088 0.002119756543178722 -0.0036783721652700568 -0.0098540561323807591 -0.0039596532440836375 0.0007308652290694273 -0.0039751096427036742 -0.0062729057965927844 -0.0035207239925468953
0.014012494334548785 0.0033425576650798054 0.0051635836800071064 0.001065357120883476 0.0035788657965100694 -0.0012166741464597402 -0.018428715415502502 0.001443847503389476 0.00040506667527819831 -0.0029979029241206439 0.0042631892086458425 4.1266908444032572e-05 0.0094594470859973093 0.00055758874166332529 -0.0024801788167791335 -0.0014840620946144443 0.0046311480155329298 0.0050552659039819221 0.00056141502370791823 0.0017549281582632582 0.0017951125319176152 0.0049774127944610998 -0.0049416604140349735 -0.0054732780183125518 -0.018019767705829012 -0.0070663076126588759