C:/Users/vmc04/Desktop/Wing saga/Lab reared wings for landmarking/13/13 landmakrs lab reared txt files/RPVFA 13_Format - {translated and scaled (first one is consensus)} - 1 22 26 0	from C:/Users/vmc04/Dropbox/Homework/RPVFA 13.txt - TPS like internal (simplified) format - can be converted to other format by using TET	
-0.67394988793326904 -0.04395369356562296 0.22240038238805845 -0.092453031536424451 0.24368545965703683 -0.064934395679060827 -0.052327741061303036 -0.09665965227582296 0.25377109210034426 -0.037162671322401072 0.24733461674159843 -0.0091378584664455319 0.21555918841590105 0.018228032349492808 -0.0040313198608622229 -0.004829779341866746 0.15251450876309813 0.050307835830731271 0.057645343982971692 0.079701779422965954 -0.33465743890801919 -0.013090275779238436 -0.086586112505643645 0.10433163862096545 -0.24135809177991319 0.10965207174272787
-0.64751400808853765 -0.18134566628713195 0.2343284638743417 -0.046721194235994114 0.24998247225238099 -0.018543979155523471 -0.019266471849894686 -0.10203202383839963 0.25311327392798882 0.013807638159091111 0.23954646666702156 0.03989765212248983 0.21032565102801482 0.060769663293208917 -0.0046560640303911233 -0.0049771718945560827 0.14353521528171401 0.081641674463927949 0.043349561662262642 0.095208481724895322 -0.32817223717653632 -0.086378015460360322 -0.1131905221181301 0.087903277815143691 -0.26138180143023532 0.060769663293208945
-0.68039442136654238 0.0023572189802354214 0.20827713418223523 -0.10817951391437845 0.24110982712122922 -0.078630090269283706 -0.047817870741919913 -0.091763167444881333 0.25095963500292784 -0.047986243526222411 0.24439309641512877 -0.020625666077060487 0.21484367277003394 0.0045460651761684333 0.0025255917645380485 -0.0042093196075634271 0.1557448254798445 0.039567604311095614 0.063813285250660726 0.073494720348056305 -0.33236787621320324 0.0056404882741349074 -0.081744986778880438 0.10742183638501711 -0.23934191288605283 0.11836606736468178
-0.65321007167902256 0.17761480070420221 0.17711188007927325 -0.1645388644560401 0.20980172069967845 -0.14383529872978346 -0.073510231343834623 -0.077365956134959266 0.23159494777994866 -0.11550410352543222 0.23159494777994866 -0.087172908321080933 0.20980172069967834 -0.052303744992648511 0.0038557247911247261 -0.0087172908321080586 0.15313933029097576 0.0021793227080269917 0.06705608332390843 0.062110697178770179 -0.31868403599687445 0.099159183215229527 -0.044089374785469683 0.12531105571155385 -0.19446264163933419 0.18306310747426988
-0.68000080700677312 0.026479390636369751 0.20999162321121043 -0.11513507194421518 0.23613583168762611 -0.086812179428098185 -0.044914409433842346 -0.091169547507500809 0.24485056784643144 -0.066114681050935792 0.24158254178687938 -0.036702446514968186 0.21108096523106107 -0.0062008699591498961 0.0073740075189890177 -0.0062008699591498961 0.15116715413927528 0.035194126795174946 0.061841108511521671 0.074410439509798462 -0.33903675479351864 0.022122022556967099 -0.073237301949959255 0.11471609424427262 -0.22683452674890145 0.13541359262143504
-0.63189296467768885 -0.24496792356410685 0.23962921569079118 -0.026518499764174471 0.25328230467828705 0.011027494951438902 -0.017503960240379261 -0.1061615188578998 0.25328230467828722 0.039471430342055087 0.23962921569079129 0.062226578654548136 0.19525667648142991 0.082706212135791796 0.012077732565861593 0.0030631930420664329 0.1281289889595757 0.092946028876413553 0.026868578968981947 0.092946028876413553 -0.31104537347153838 -0.10957479110477374 -0.12217764247784685 0.07019088056392063 -0.26553507684655236 0.032644885848307249
-0.58348036457551766 -0.34509309687613077 0.24044618889994485 0.0063558002278094198 0.24975609345898964 0.040104204254346763 0.0018798845744226241 -0.10769053062048912 0.24393740310958664 0.077343822490525793 0.22415385592161649 0.10178232195801833 0.18109554733603442 0.11225596458694363 0.013517265273228459 0.0075195382976900498 0.10545257279379555 0.11574717879658548 0.0053710987840642158 0.098291107748376572 -0.29487332324512983 -0.1588950056952354 -0.12147635083292097 0.058724013372436178 -0.26577987149811499 -0.0064453185408771619
-0.67348212088598081 -0.043846924762983748 0.22579505384574403 -0.082711244439264683 0.24306808481298003 -0.058960826859315245 -0.031141281791891906 -0.094586453229239503 0.25602285803840702 -0.029812587102104555 0.24630677811933666 -0.0017439117803460479 0.21931766723303028 0.020926941364151339 -0.012788686389203588 -0.0082212983930594879 0.15022554336408619 0.045756923379553067 0.054144308608836053 0.073825598701311612 -0.34097627476668763 -0.015778249441225179 -0.087278632435408829 0.09757601628126121 -0.24921329775324635 0.097576016281261183
-0.6636213760652413 -0.14501688097531798 0.23818961563230992 -0.054941752544892759 0.25090610435189936 -0.027389360319115697 -0.038394014018760372 -0.1058077074232506 0.25302551913849758 -0.0019563828799368148 0.24666727477870287 0.028775131525737616 0.21381634558643003 0.051028986785019138 -0.0044833774331885278 -0.0051355050598342351 0.14069653544879088 0.07116342725770243 0.036845210905477085 0.085999330763890158 -0.32345530281622387 -0.059180582118089402 -0.097737628043511188 0.090238160337086551 -0.25245490746518273 0.072223134651001608
-0.67326573508202037 0.01669385913301006 0.21142892404343416 -0.11517964052536168 0.23219640430459532 -0.090258664211968584 -0.082430921651992603 -0.089220290198910548 0.25400225857881414 -0.060145817833285216 0.24258014443517589 -0.034186467506834128 0.21662079410872476 -0.0040736211281507829 -0.02012848086850982 -0.001996873102034751 0.16158697141664835 0.034346217354996891 0.075401928332830465 0.071727681825086584 -0.33683255485121355 0.02084735518524233 -0.060625067377773428 0.11533939037352449 -0.22053466538871241 0.13610687063468541
-0.60294963205273222 -0.2902459096302874 0.23718103552223613 -0.013076701119484202 0.25196339330947898 0.023879193348623051 -0.017814636307703028 -0.11901693192805783 0.25565898275628968 0.06206695096566707 0.24210848811798388 0.089167940242278962 0.1903702358626338 0.10148657173164799 -0.0018004153715232088 -0.0056855222258626386 0.11645844692641957 0.10518216117845877 0.019141258160404261 0.095327255986963552 -0.29991129741425376 -0.13749487916211123 -0.12252300396733962 0.069458129859288439 -0.26788285554189423 0.018951740752875409
-0.66088006198139682 0.11600108235821791 0.20032315427322767 -0.13715148050706566 0.2281820487512253 -0.11292635487402418 -0.086744584478313833 -0.083856204114374333 0.23908335528609395 -0.092334998085938855 0.23544958644113773 -0.069321128734549584 0.21849199849800877 -0.039039721693247674 -0.014069207579189445 -0.0063358020886416806 0.16035169697870916 0.0106217858544875 0.079197526108020277 0.062705805965526606 -0.32051704683716403 0.065128318528830859 -0.061308202563620247 0.12205736376647824 -0.21756026289673777 0.16445133362430073
-0.68152266036181119 -0.040772806079473631 0.22340934411719468 -0.082426753351234602 0.24007092302589916 -0.057434384988177989 -0.048382661831045289 -0.094922937532762805 0.25048440984383941 -0.032442016625121507 0.2411122717076932 -0.0022429048530948179 0.20987181125387239 0.018584068782785637 0.0016020748950676847 -0.0064082995802709087 0.16092842320955325 0.0446177858276363 0.06720704184809112 0.073775548917868874 -0.33891894405157774 -0.017863135080005189 -0.082747168330248019 0.096685219917337376 -0.24311486532652762 0.10085061464451352
-0.64867099193262812 0.15433449548576694 0.20189506987763378 -0.14975970339362743 0.22433744617869611 -0.1273173270925651 -0.10444336663186689 -0.071211386339909297 0.23443651551417413 -0.10599706960655589 0.23331439669912102 -0.077944099230227992 0.2097499015830056 -0.040914178333475174 -0.01804021787277689 -0.0061284950668285213 0.16262091135077472 0.003970574268649457 0.088561069557269098 0.05109956450088031 -0.32213441675217125 0.080274653692261319 -0.052825901139423495 0.11730457458901421 -0.20880041643180672 0.17228839652661687
-0.63422719017321116 -0.2392485875410291 0.24216103006748643 -0.018759556273356792 0.25218325876147152 0.011307129808598524 -0.023984820806118187 -0.11230035741721771 0.24995609682947459 0.035805911060562252 0.23547954427149623 0.06141827327852406 0.19761779142755251 0.078121987768499296 -0.016189754044129739 -0.014305232409363348 0.13414367636564689 0.094825702258474434 0.042830037153782599 0.099280026122467877 -0.31240229099968941 -0.11007319548522107 -0.10416265035799885 0.078121987768499324 -0.26340472849576213 0.035805911060562211
-0.67885759176883187 0.0039537425263181311 0.21547896768434088 -0.10398342844216822 0.23295450965066725 -0.083423967305313651 -0.063101730720038107 -0.088563832589527339 0.2452901863327801 -0.060808560054773628 0.24426221327593725 -0.033053287520020021 0.22061883296855464 -0.0042700419284236579 -0.0065632125936881409 -0.0042700419284236579 0.15791247650114815 0.039932799515813661 0.065394901385302767 0.077967802618994539 -0.33757053689704641 0.015261446151588146 -0.072353488231622715 0.11291888655164728 -0.22346552758750363 0.12833848240428816
-0.67867935185713435 -0.01948839959928448 0.2210350963098334 -0.099607375729676345 0.24268887364237196 -0.069292087464122673 -0.048554431480268757 -0.095276620263168618 0.25026769570876051 -0.047638310131584406 0.24918500684213335 -0.020571088465911457 0.20912551877693769 0.011909577532896107 0.00016656751794267891 -3.8464835463504585e-17 0.15174300884571104 0.042224865798449744 0.059714455182423104 0.075788220663884229 -0.33546698113640155 -0.0021653777332537798 -0.088613919545464562 0.10610350892943778 -0.2326115388068446 0.11801308646233392
-0.67341778126421359 -0.071614171041262914 0.22676547009543965 -0.08154996851763878 0.24365632580527871 -0.054723315331423938 -0.039513902271433296 -0.096453664732202571 0.25359212328165459 -0.031870981135759452 0.2476306447958293 -0.0070314874448198176 0.21186177388087607 0.025756644227220543 -0.0067257705993929396 -0.0030571684542694579 0.15125340927498351 0.056557616403985725 0.056863333249412569 0.080403530347287755 -0.33560066706743408 -0.022928763407021203 -0.094160788391500508 0.10325586454295227 -0.24220417078950082 0.10325586454295224
-0.66385209327477279 0.13098232332003534 0.18584039378939432 -0.1499916863466014 0.21856427443329982 -0.12629508312170429 -0.054510867491704626 -0.085672334736166478 0.23661882927131664 -0.09695643150992693 0.23887564862606875 -0.067617779898149599 0.21292222604641955 -0.033765489576868105 0.0086800744413541506 -0.0044268379650907576 0.15650174217761703 0.011370897518174064 0.065100558310156792 0.062149333000096431 -0.32871441909408528 0.072305020096480835 -0.06466655458808919 0.11969822654627502 -0.21135981264697595 0.16821984267344528
-0.65774255823679317 0.17961174828119322 0.18236346030221418 -0.16293470572955046 0.20621163115106353 -0.14233855817827157 -0.079966419035127384 -0.075130076695150885 0.22463976317062875 -0.12174241062699265 0.22897579423405612 -0.092474200948859456 0.20404361561934997 -0.048029882548731369 0.0067542022334152168 -0.0035855641486032064 0.16393532828264898 -0.0014175486168896082 0.071794668184822372 0.063622917334517387 -0.31628011199190631 0.095059142544364136 -0.052866224888707812 0.12866338328592444 -0.18186314902566508 0.18069575604705002
-0.64014176598137584 -0.17527290331052409 0.23100328851300592 -0.051605326479035193 0.24851374186967692 -0.020962033104860958 -0.049163965193730175 -0.10632549321863202 0.2550801618784283 0.011870066938897202 0.24960814520446872 0.039230150308695498 0.22224806183467019 0.060023813669742333 -0.013048655145596244 -0.0078291930873577165 0.14782863506881855 0.083006283700373065 0.041671511594000614 0.093950317048292403 -0.33589763890921764 -0.076776603179249697 -0.10278972859853513 0.088478300374332755 -0.25491179213461446 0.062212620339326341
-0.66118429256223976 -0.042034052963578761 0.22388407746431288 -0.087395125563270962 0.24287243343627696 -0.065242043595979488 -0.089423796073096265 -0.092669668888816628 0.25869606341291373 -0.037814418303142326 0.25658624608269553 -0.0082769756800869284 0.22071935146898564 0.018095740947641038 -0.017690006845675982 -0.0051122496847595643 0.15847974022754735 0.048688092235805551 0.071977229688599279 0.075060808863533612 -0.33943714970395789 -0.0093318843451961377 -0.085204161412659685 0.10037861682615253 -0.24027573518370038 0.10565316015169804
-0.67590223539345162 0.051561751474612671 0.19761449547057433 -0.12637684184954076 0.23198899645364943 -0.10110147347963264 -0.059183247167692563 -0.089980311396873097 0.24917624694518695 -0.072793060905335494 0.24513218800600176 -0.044484648331038379 0.21985681963609349 -0.014154206287148531 -0.0045884514886909561 -0.0070771031435742475 0.15312984713953598 0.029319427309093496 0.065171565212255603 0.07279306090533548 -0.32406910768432989 0.031341456778686119 -0.077381512394026394 0.12132176817555915 -0.22094560473510472 0.14963018074985635
