C:/Users/vmc04/Desktop/Wing saga/Lab reared wings for landmarking/13/13 landmakrs lab reared txt files/RPVFC 13_Format - {translated and scaled (first one is consensus)} - 1 20 26 0	from C:/Users/vmc04/Dropbox/Homework/RPVFC 13.txt - TPS like internal (simplified) format - can be converted to other format by using TET	
-0.66966953317772993 -0.01937092699319105 0.2246329130236952 -0.10013808954141627 0.24367403955731243 -0.074665854046113367 -0.057831480587583944 -0.097994386554187685 0.25332070299984061 -0.046923815387862729 0.24707874430173415 -0.016975023654523979 0.21498624958116702 0.01127141570660384 -0.010354764429259488 -0.0065087090698204226 0.15332326365441926 0.045003212711522259 0.061080985115735717 0.078482809365001974 -0.336071518312266 -0.0003928505474332871 -0.086014869860852119 0.10906210197693728 -0.23815473186621308 0.11915011603448294
-0.67250067293838367 -0.012202841674108776 0.22285698142122393 -0.10496512117983391 0.23898955177004569 -0.078077503931797673 -0.072906808307175178 -0.096898836005423025 0.2510889795316617 -0.049845505821359534 0.24974459866925988 -0.024302269435725093 0.21479069624681274 0.0079628712619184156 -0.013754050361495521 -0.0027921756372960103 0.1596710808883384 0.044261154546767371 0.069597563107416785 0.080559437831616315 -0.32430602957631433 0.0012409669499093517 -0.090383759518398832 0.11013581680445628 -0.23288813093299088 0.12492400629087612
-0.6410973482881106 -0.21962074202927051 0.24207086232559599 -0.044509803717932242 0.25602898059678963 -0.0077111282756944649 -0.0066374268702180028 -0.10795579585972144 0.25602898059678975 0.02274294795236444 0.23953302263992457 0.051928104337587502 0.1976586678263435 0.070961901980124212 -0.01171310624156109 -0.0064422084328586071 0.12533023678470398 0.08872677977982521 0.032699088257691564 0.097609218679675702 -0.31371602883647792 -0.085115238688677389 -0.11195777382558815 0.086188940094153677 -0.26422815496588231 0.05319702418042329
-0.67106552038576661 -0.014576899388200233 0.2228786790514666 -0.10246081454024768 0.24484965783947849 -0.069504346358229857 -0.073729534586693679 -0.0969680698432447 0.25034240253648143 -0.044786995221716565 0.24622284401372938 -0.021442830259454024 0.2160127481802129 0.0073940793998116434 -0.014682529093911755 -0.0049645961684450374 0.16657804590718631 0.040350547581829467 0.064962269012631205 0.077426574286599506 -0.33051534917158254 0.000528148528557932 -0.090207768677702554 0.10763667012011592 -0.23164594462552898 0.12136853186262327
-0.67237936522770803 -0.063859384864514104 0.22707673962254932 -0.087366490768441038 0.24687219722585624 -0.060147736563894057 -0.045110802422920336 -0.10221308397092115 0.25553270992730304 -0.031691766259140393 0.23944890062461613 0.00047585234623332415 0.21223014642006921 0.023982958250160297 -0.0030454550158933061 -0.0032357959543867203 0.15531820581056194 0.053676144655120654 0.05386648559361399 0.082132114959874242 -0.32843328937025074 -0.024268469657900305 -0.09212501423077446 0.10811365306421469 -0.24925145895702311 0.10440200476359462
-0.66330246622964517 -0.12647110130106776 0.23317550289383562 -0.063682761051174083 0.24596572035214714 -0.04159056725954486 -0.024954340355726974 -0.10554165455110316 0.25526769668546473 -0.013684638259592215 0.25177945556047077 0.018872278907019344 0.20759506797721231 0.045615460865307295 0.001788841602561106 -0.00089442080128055714 0.13434200435233645 0.067707654656936581 0.051786964394143035 0.089799848448565811 -0.32494307710521858 -0.049729796551197795 -0.10750938031392031 0.096776330698554014 -0.26099198981366012 0.08282336619857765
-0.6661636074383831 0.048334762413869421 0.21607957440739003 -0.11976676369340676 0.23346938745297033 -0.10121762977812113 -0.063316755191599988 -0.089624421081067662 0.24854055875913988 -0.071075287165782028 0.24390327528031822 -0.040932944553442818 0.21607957440739003 -0.014268564550219784 -0.0018727490972163027 -0.006153318462282318 0.1581135309221223 0.029785628498583558 0.063049219606283291 0.074999142417092379 -0.33459783870265242 0.034422911977404963 -0.084184530846296457 0.11557537285677967 -0.22909963955946538 0.13992111112059202
-0.67127338714446871 0.011077708278668287 0.22646766521309927 -0.10505955593317749 0.24853374541335013 -0.080670730448689817 -0.067359613242870445 -0.096929947438348221 0.25317923598182385 -0.055120532322083672 0.24621100012911321 -0.024924843627003777 0.21369256614979623 0.0029480997838391477 -0.023227452842369042 -0.01331111720581923 0.14749432554904413 0.033143788478919085 0.060391377390159914 0.072630458310946722 -0.33331394828799743 0.014561826205023793 -0.072005103811344395 0.11211712814297428 -0.22879041049733623 0.12953771777475109
-0.67184489825304283 0.020823903861024205 0.21033969557867832 -0.12165543834598322 0.23527358046490451 -0.094346897756306808 -0.053247087504285376 -0.096721553459756929 0.24952151468560527 -0.064663701463180331 0.2459595311304302 -0.032605849466603588 0.2150890069855787 0.00063933038169806998 -0.0057539734352829077 -0.005297308876927205 0.15453528654760049 0.039821149488625134 0.06192371411304573 0.079002968595552128 -0.33464378836312492 0.017261920305848933 -0.082930283797411755 0.1193721155542042 -0.22422229815269404 0.13836936118180529
-0.66810308839578636 -0.019365306910022792 0.22174235090535999 -0.10286620947749728 0.24417542920706956 -0.072955438408551232 -0.043715742331536599 -0.10037364522175177 0.25539196835792449 -0.045537231595350662 0.24916055771856072 -0.013133896270658987 0.21301837601025073 0.018023156926159786 -0.010066124878972247 -0.0069024856312952547 0.1507042696166131 0.046687645867233125 0.058479392154029287 0.077844699064051989 -0.34282345302099754 -0.00067107499193143176 -0.088581898934955869 0.10277034162150708 -0.23938203640755898 0.11647944502810743
-0.66522959511463975 0.082942869726448876 0.20279333220198728 -0.13503019820298659 0.23116852447682484 -0.11310391326333911 -0.064191431474895144 -0.086018502455539533 0.24793568354831988 -0.079569595120349057 0.23761743181201525 -0.047325058444397224 0.20924223953717766 -0.015080521768445265 -0.0074410469252195986 -0.0073418329662167936 0.16023054378973053 0.023612922242697103 0.071235622564102971 0.067465492121991849 -0.35052291715734868 0.042959644248268321 -0.069350557343047681 0.11647718786943881 -0.20348782991500786 0.15001150601242885
-0.67658072262369118 0.046212784642537287 0.2121102926450098 -0.1198976855011452 0.23287410141297024 -0.099133876733184897 -0.064740490927793895 -0.093596861061728737 0.24810089450947448 -0.072833052293768449 0.24671664059161044 -0.042379466100760078 0.21072603872714593 -0.011925879907751576 -0.0052175724596411751 -0.00085184856483941373 0.15120312025899321 0.03098599154603307 0.069532139105016003 0.073897862999817612 -0.32359597356836584 0.030985991546033053 -0.077198776188570364 0.11680973445360229 -0.22392969148215644 0.14172630497515457
-0.67443595362752395 -0.059285652790718409 0.23092797534620943 -0.079803815487006977 0.24503421219990781 -0.061850423127754475 -0.048631991390722433 -0.093910052340705305 0.25657567871657011 -0.03620271975739376 0.25529329354805208 -0.0079902460499968967 0.21810412366102891 0.021504612825917865 -0.0075956659981453673 0.00098645012962935504 0.14372578388698287 0.050999471701832763 0.046264511079612249 0.079211945409229489 -0.32178003228506413 -0.014402171892587058 -0.094797857457371751 0.099730108105518175 -0.24868407767953618 0.10101249327403622
-0.66845704075750667 -0.058076029401858041 0.22793384783638931 -0.087114044102787058 0.25065925064581229 -0.060601074158460631 -0.073809000577612194 -0.099739267885799676 0.25192177302411356 -0.036613148970736586 0.24434663875430571 -0.0025250447566024159 0.22035871356658188 0.021462880431121486 -0.015732971175754298 -0.011362701404711356 0.14839493800340975 0.056813507023556864 0.06759350579212911 0.080801432211280833 -0.33010104337276847 -0.018937835674518906 -0.080121612469118489 0.10857692453390855 -0.24298699926998127 0.10731440215560732
-0.66549377243216001 0.075457561598607087 0.21141455705468332 -0.13509952316518295 0.23370883661790814 -0.11032810142826643 -0.069741079659318639 -0.085556679691349974 0.24733311857321222 -0.085556679691350002 0.2411402631389831 -0.055830973607050256 0.21141455705468332 -0.018673841001675531 -0.031345375967098091 -0.0038109879595256166 0.1556788581466213 0.024676147037928302 0.076410308588488574 0.069264706164377965 -0.32612529463640422 0.048208997687998988 -0.070979650746164372 0.1225232628987485 -0.21341532573343425 0.15472611115673993
-0.66629564310007927 -0.043414072824853316 0.23169502001229994 -0.092438862688511758 0.24843519216086624 -0.067328604465662342 -0.051692179931287212 -0.10200467534483544 0.25680527823514943 -0.037435439914651057 0.24723946557882578 -0.0075422753636398207 0.21375912128169303 0.017567982859209661 -0.022994741962316319 -0.012325181691801558 0.14799415926946827 0.051048327156342367 0.060706118780515225 0.080941491707353652 -0.32551356721855057 -0.017108088019963399 -0.092346883720662548 0.11322610942244588 -0.24779133938592138 0.11681328916856709
-0.66569830192404666 0.047412388571062766 0.21274789743425632 -0.1211649930149383 0.23250305933886584 -0.097458798729406812 -0.065141380023917381 -0.090873744761203773 0.24567316727527216 -0.071118582856594198 0.24303914568799059 -0.040827334602859658 0.21406490822789695 -0.01053608634912508 -0.0085099158973702752 -0.0065850539682031787 0.16006746568863089 0.026340215872812659 0.069193720927427191 0.068484561269312946 -0.34829870065665364 0.03687630222193769 -0.067775401611198757 0.11457993904673505 -0.22186566446715292 0.14487118730046972
-0.65738865041488104 0.01890830237839182 0.22179738821637357 -0.10724709073881482 0.23740424097314153 -0.086437953729791045 -0.076033385225279138 -0.10204480648655888 0.2517105226668454 -0.057825390342383334 0.2465082384145893 -0.027912255891911583 0.21659510396411777 0.0020008785585599533 0.00070030749549605017 -0.0084036899459518991 0.15546826400011041 0.041018010450479585 0.064428289585631196 0.076133429153207186 -0.35565616378403636 0.013706018126135876 -0.069530529909959379 0.10994827679287081 -0.2360036259821495 0.12815627167576665
-0.64323512251854009 -0.12978781073640552 0.23928458766171609 -0.060499073160269909 0.25144050653472233 -0.030109275977754209 -0.06704456793804231 -0.10304478921579176 0.25630287408392471 0.00028052120476163494 0.24779373087282031 0.030670318387277191 0.22226630123950716 0.047688604809486126 -0.019636484333317952 -0.013090989555545345 0.16027111498717508 0.0695692587808973 0.04600547758091604 0.08901872897770742 -0.34784629390448751 -0.060499073160269846 -0.098649957007858849 0.09144991275230871 -0.2469521672585355 0.068353666893596787
-0.65500933979872633 -0.043177875665835593 0.23530493315878132 -0.080849847723275983 0.25162945438367229 -0.056990932086897067 -0.076116702516059107 -0.10094156615391085 0.25288518678558697 -0.036899213656262128 0.24911798957984294 -0.010528833216053784 0.2177246795319758 0.018353012027983704 -0.014585814822239754 -0.0092731008141391756 0.16247245384773004 0.04974632207585071 0.060758129292640947 0.076116702516058982 -0.3460991689277152 -0.013040298019883267 -0.091185491339035238 0.10123135055435256 -0.2468963091764555 0.10625428016201138
-0.67263920671223099 0.066004868270684122 0.21270354948500786 -0.12247146077970848 0.23130318722024412 -0.097671943799393757 -0.046451402959282011 -0.095191992101362199 0.24246296986138563 -0.069152499272031639 0.23874304231433854 -0.04435298229171683 0.21146357363599205 -0.01583353776435481 0.0093475102464263098 -0.0059137309722289569 0.15194473288323651 0.022605713555133064 0.06762637515016609 0.064764892421668246 -0.33536577577994958 0.04120535129036914 -0.074970847486643968 0.11436392638229793 -0.23616770785869032 0.14164339506064419
