C:/Users/vmc04/Desktop/Wing saga/Lab reared wings for landmarking/13/13 landmakrs lab reared txt files/RPVMC 13_Format - {translated and scaled (first one is consensus)} - 1 20 26 0	from C:/Users/vmc04/Dropbox/Homework/RPVMC 13.txt - TPS like internal (simplified) format - can be converted to other format by using TET	
-0.69292520338010211 -0.011488000298624569 0.21854586675784995 -0.092144811273186716 0.23960011802442124 -0.06998567218504588 -0.036744602681421476 -0.088768765151724841 0.25009655232932992 -0.045678140110520453 0.24635221026734513 -0.017687648630763941 0.21068888669335717 0.010671138789515897 -0.00059021785340258588 -0.0067001530718243307 0.14838549008819713 0.040994171225918828 0.058521280600557245 0.06935295864619849 -0.32002556360044965 0.0010340616791609967 -0.079221401155087204 0.098448337947524556 -0.24268341609059568 0.11195252243337198
-0.68735973223751357 0.079493329797343595 0.2147430993000666 -0.12009856306104391 0.23443966767424973 -0.1017150992451398 -0.042625394122590914 -0.085957844545793388 0.24363139958220179 -0.080705426312677853 0.24231829502392291 -0.0518171260305429 0.2068644719503934 -0.015050198398734681 0.0046463699754483775 -0.0084846756073403556 0.13333061668677706 0.030908461141025519 0.063736075097997225 0.06110986598143945 -0.31049872401147932 0.045352611282093037 -0.068887485288168265 0.10575542096292083 -0.23433865963130512 0.1412092440364501
-0.68851977803017683 0.095084882009625948 0.18847853094002923 -0.13576843330425842 0.22878625266150124 -0.11378240327436467 -0.058253583839889496 -0.083246250455067769 0.24344360601476372 -0.089353481018927219 0.23855782156367594 -0.061260220425174101 0.20680022263160736 -0.022173944816474066 0.0077045062497918754 -0.0050736992376677866 0.15061370144410124 0.020576669130541583 0.06511247355006991 0.066991621415872865 -0.30498569861980823 0.053555714175382171 -0.064360814403748787 0.11462801981397594 -0.21337724016191756 0.15982152598653526
-0.69645450968977218 -0.08328501762520428 0.2225007186443097 -0.071064868312250923 0.24327497247633031 -0.045402554755049229 -0.028012342271231241 -0.086951062419090203 0.25305109192669273 -0.017296211335256766 0.24449698740762549 0.0095881171532402436 0.20783653946876571 0.03036237098526072 -0.0023500287140294867 -0.0099641217474849726 0.13940370331622784 0.054802669611167157 0.057528702919441142 0.071910878649301652 -0.32129592578210853 -0.031960390510800692 -0.07933696938563492 0.089019087687436119 -0.24064294031661732 0.090241102618731403
-0.6750538490949779 -0.17537050754774683 0.23876181478147401 -0.036054941220329033 0.25056821870752649 -0.014803414153434865 -0.0091726676656252604 -0.09154503967277515 0.2529294994927368 0.014712595661696014 0.24230373595928986 0.039506043906405885 0.19625876064768583 0.058396290188089714 0.0038143766530323937 -0.0089002121904086899 0.12542033709137154 0.074925255684563014 0.04395615000161026 0.080828457647589211 -0.31495852935038121 -0.071474152998486182 -0.10126261828883361 0.074925255684563041 -0.2535652289349089 0.05485436901027399
-0.6927979055349931 -0.026590035280785795 0.22583317635735847 -0.08341257642876633 0.24240641752551947 -0.059736517617107784 -0.035787273511468466 -0.091699197012846748 0.24714162928785116 -0.038428064686615034 0.24477402340668533 -0.01238439999379067 0.21044373812978043 0.016026870580199512 0.00091061764660226529 -0.0088329911720419572 0.15006978816005104 0.042070535273023978 0.056549355853999797 0.070481805847014259 -0.31516476748903932 -0.010016794112624816 -0.084323194075368466 0.095341667599255761 -0.25005560575697838 0.10717969700508503
-0.6866304820914092 -0.024047887852049341 0.22185532627416957 -0.087512614439036726 0.23830914427820324 -0.072234069149576793 -0.028477761930058413 -0.083986796295315191 0.2512371441385155 -0.041676978570656956 0.24653605328022024 -0.012295160706310999 0.20892732641385717 0.013560839014313568 0.01148151036545211 -0.0017177062751463641 0.15251423611431295 0.040592111449511907 0.056141873519258027 0.069973929313857874 -0.3152443042860758 0.00063283915400126742 -0.089591943087898238 0.095829929034482453 -0.26705812298854836 0.10288156532192554
-0.67261379663849863 0.054353565339592354 0.21815502545158352 -0.11778149082105871 0.23380366692073362 -0.098521624397489349 -0.097225287234364466 -0.084076724579812329 0.24704482508693754 -0.069631824762135336 0.2434336001325183 -0.043149508429727479 0.20972883389127192 -0.010648483839954275 -0.021389563191560237 -0.0070372588855349546 0.15796794287792931 0.02305628240129215 0.088150927092490367 0.063983498551377027 -0.33315865092308922 0.035093698916022938 -0.063520520993118459 0.11213316461030036 -0.21037700247283461 0.14222670589712752
-0.70120249126951373 -0.028860621682826614 0.21911949354313365 -0.087688021280225958 0.24395772892870224 -0.060235234801439684 -0.031877411405770342 -0.085073470187008282 0.25180138220835546 -0.036704274962479889 0.2452650044753111 -0.015787866216737875 0.2112758402634804 0.011664920262048472 -0.010961002660028288 -0.0092514884836935075 0.14852661402625431 0.046961360020488126 0.05178822357719752 0.071799595406056724 -0.30117617400719832 -0.0040223862972579381 -0.077632055537080996 0.09663783079162537 -0.24888515214284337 0.10055965743145195
-0.69503756782642001 0.0037267429910263273 0.21854685683090436 -0.096629121838755494 0.24161717058487706 -0.071251776709385317 -0.047915267027482077 -0.093168574775659513 0.25084529608646616 -0.050488494330809833 0.24969178039876755 -0.018190055075247801 0.21162576270471237 0.0071872900541222525 -0.005235186582632308 -0.0089619295736586679 0.14010779006739671 0.038332213621985745 0.054747629177697071 0.067170105814451667 -0.31899145363666292 0.0071872900541222855 -0.067525033718358898 0.099468545070013722 -0.23247777705926462 0.11561776469779471
-0.67821721751156261 -0.15838295743465136 0.22679128273186203 -0.055209745510989575 0.24697734593431733 -0.024930650707306167 -0.018805819564680908 -0.092217528048824896 0.2548274816241613 -0.00025879568208276666 0.24809879389000933 0.027777403210216642 0.20548377157371417 0.051327810279748129 0.0002587956820828065 -0.0036231395491586301 0.1381968942321958 0.073756769393587635 0.036145130264226027 0.086092696906199431 -0.30926084008890259 -0.054088297555297517 -0.093942832596043149 0.083849800994815454 -0.25655278617137972 0.065906633703743736
-0.68532074607016658 -0.052574077294078911 0.22153564372151616 -0.080347308938830853 0.24085615269177865 -0.059819268157927243 -0.022385782028044199 -0.092422627045244704 0.2553465344194753 -0.032046036513175322 0.25172393898755102 -0.0066878684897061546 0.2203281119108749 0.018670299533762973 -0.0066878684897061459 -0.0066878684897061546 0.14546113965110893 0.051273658421080476 0.041613403935949367 0.073009231012625464 -0.31581601201390158 -0.013933059353554452 -0.097252754287810175 0.097159867225453209 -0.24940176242862527 0.10440505808930152
-0.68379285464722084 -0.018194044913008071 0.21918138481139449 -0.084716021626193919 0.23889160013381963 -0.06623769476142001 -0.027196306718923532 -0.089643575456800281 0.2512104847103358 -0.042831814066039864 0.24997859625268423 -0.018194044913008002 0.20686250023487845 0.012603166528281739 0.001137127807062888 -0.007107048794143765 0.14773185426760199 0.042168489511919816 0.060267773774339291 0.071733812495558005 -0.33763219804712424 -0.0046432718788406557 -0.076471845024987231 0.098835358563892847 -0.25016811755386142 0.10622668930980238
-0.70218426386196231 0.057721378033179289 0.20692744016061268 -0.10822758381221138 0.23097801434110379 -0.08297448092269534 -0.040793473898448923 -0.08177195221367084 0.23819318659525135 -0.06613907899635138 0.23699065788622692 -0.039683447397810837 0.20692744016061268 -0.0096202296721965789 0.0097127318805830792 -0.0084177009631720076 0.1600288205086543 0.019240459344393116 0.065029052495713238 0.06012643545122847 -0.30895737601092815 0.024050574180491328 -0.066046576787965036 0.10221494026708849 -0.23680565346945406 0.1334806867017273
-0.69783964222199146 -0.068280354603479962 0.22729222113104111 -0.072296846050743574 0.2446970174025164 -0.042842575437477604 -0.024407909564140028 -0.099073455699167021 0.25139116981462245 -0.014727135306632907 0.24335818692009537 0.016065965789054046 0.20854859437714479 0.036148423025371759 -0.0043254523278223123 -0.013388304824211732 0.14294590073850716 0.052214388814425874 0.039855953592076609 0.069619185085901147 -0.31895061569679845 -0.034809592542950588 -0.068589315484038613 0.087023981357376406 -0.24397610868121283 0.084346320392534091
-0.68401167358585857 -0.026755714492574773 0.22128441951906844 -0.082741130776695357 0.24034328463706717 -0.062491086588821979 -0.031245543294410896 -0.089888205195944718 0.24987271719606641 -0.042241042400948461 0.24868153812619151 -0.0076968493745763035 0.21651970323956909 0.017317911092796696 0.0021074706620863577 -0.0029321330950766856 0.15219603346632432 0.041141492490294855 0.056901707876332024 0.069729790167292485 -0.32546677355351217 -0.006505670304701297 -0.090804496788156081 0.09355337156479071 -0.25637838750076797 0.099509266914165104
-0.69519895091912021 0.074530424956195093 0.19588372051310843 -0.11623656949126805 0.22474977888344833 -0.094900787217538557 -0.026259424336897711 -0.083605373072622988 0.24232042310887253 -0.074820050959910872 0.23981033107666921 -0.047209038605672791 0.21094427270632943 -0.013322796170926063 0.0026066340334419532 -0.0057925200743156775 0.151957109949548 0.020563446263820676 0.069124072886833796 0.058214826746872637 -0.32621542218521155 0.039389136505346742 -0.068930988884356614 0.10465152934263673 -0.22079155683266613 0.13853777177738347
-0.67841934910502077 0.11545115142366721 0.19417656281804502 -0.13136883509171429 0.22035444017573669 -0.11391691685325293 -0.042670898989644372 -0.08025964596479182 0.24029948959112124 -0.09272530184940711 0.24403918635650579 -0.060314596549407525 0.20913534987958315 -0.025410760072484877 0.0046985933718933998 0.0020136828736685834 0.15303989839881452 0.014479338758283876 0.067026872794969578 0.055616003177514084 -0.32688785315887153 0.055616003177514084 -0.067602210758874889 0.11046488906982102 -0.21719008137425744 0.15035498790058971
-0.69083016067027725 -0.024820823611388425 0.21691661412909893 -0.091363809869157236 0.23700506281068939 -0.07127536118756661 -0.034188994390784128 -0.088852753783958488 0.24579375910888515 -0.048675856420777243 0.24453823106628572 -0.017287655355791864 0.20938344587350216 0.01158948962399464 0.0059879029723971895 -0.00096579080199949167 0.14911809982873045 0.045488746774178752 0.064997720974569614 0.073110363711365853 -0.32547150027384791 -0.0034768468871983539 -0.078132475881763405 0.10198750869115239 -0.24511770554748552 0.11454278911714653
-0.68210003213742709 -0.016515739276935219 0.22204493916768539 -0.084505532633652139 0.23993699005103206 -0.064227874965859397 -0.04395021729806687 -0.090469549594767648 0.25305782736548593 -0.034407790160281775 0.24828661379659364 -0.010551722315819771 0.22085213577546214 0.015689952313088541 -0.020094149453604597 -0.011744525708042875 0.16121196616430725 0.045510037118666032 0.063402088002012622 0.070558908355351307 -0.31590939072493429 -0.0093589189235967016 -0.088083942810321406 0.09322217280759032 -0.25865482789822525 0.096800582984259531
-0.70007150295403842 0.017804076030518947 0.22078958457097958 -0.094828126879127131 0.23811761578784821 -0.076262379146767922 -0.039130883682049429 -0.0898772608171646 0.24554391488079219 -0.056458914898917995 0.24183076533432035 -0.02922915155812459 0.20222383683862064 0.0017137613291408728 0.0041891943601221398 -0.0069502542792934368 0.14900202667252418 0.032656674216406265 0.062361870588181219 0.063599587103671654 -0.31390395012096606 0.012853209968556344 -0.077500095662258531 0.10196879908388067 -0.23345237661407603 0.12300997984722116
