C:/Users/vmc04/Desktop/Wing saga/Lab reared wings for landmarking/13/13 landmakrs lab reared txt files/RPVMB 13_Format - {translated and scaled (first one is consensus)} - 1 21 26 0	from C:/Users/vmc04/Dropbox/Homework/RPVMB 13.txt - TPS like internal (simplified) format - can be converted to other format by using TET	
-0.69415299169347155 -0.030381935537027571 0.21805985145712203 -0.086947108848287991 0.23956079980768435 -0.064288390407231916 -0.025678539074015069 -0.087222658129825603 0.24970518134059155 -0.039754084419575758 0.24413630720531623 -0.011140954403109599 0.20978989970072398 0.015597745836846909 0.011204542698849098 -0.0040287727372056246 0.14754586409559137 0.045865329312628829 0.054483146451601384 0.070729599776075819 -0.32085549695570525 -0.0069509844456122705 -0.083291494317172268 0.095098344640791352 -0.25050707071711542 0.1034238693615329
-0.69703971112232932 0.054645027805967812 0.20325064797797282 -0.11650392066882914 0.22669570941287651 -0.094231112305670689 -0.042922497088515872 -0.081336328516473655 0.23959049320207368 -0.068441544727276551 0.2384182401303285 -0.042651977148882483 0.21497317869542493 -0.012173397283507669 0.01100114421176256 -0.0051398788530366253 0.15518827203642035 0.027683207155828584 0.064924785512041006 0.06519530545167454 -0.30785169130292789 0.028855460227573737 -0.06871206466691028 0.10739641603450124 -0.23751650699821691 0.13670274282813077
-0.67524896990816963 -0.18217148468745581 0.22409341647232228 -0.041831970557860282 0.24163585573852173 -0.016103059634100955 0.0030586817182092652 -0.089781304552138785 0.24748333549392154 0.01313433914289806 0.24046635978744177 0.03769375411557728 0.20070349745072302 0.059914177186096582 0.02294011288656864 0.0014393796320983612 0.13521172419024508 0.079795608354455885 0.042821544054927982 0.082134600256615869 -0.3091967372201409 -0.074577857188099214 -0.10336544983006743 0.077456616452296026 -0.27060337083450209 0.052897201479616858
-0.69910092303001359 -0.10066850433185176 0.2173121113662394 -0.072099273043719173 0.23818962653833603 -0.049024124695612223 -0.014538188702836765 -0.086383888687785529 0.25027660900639237 -0.022652526583489783 0.23928844312634126 0.0059167047046428606 0.19973104595815758 0.033387119404770405 0.019525125525321315 0.00042262176461730147 0.1458890331459077 0.058659900928887565 0.053588439753479392 0.076240966336969224 -0.31231748405221876 -0.027047792935510181 -0.083763633747158076 0.093822031745050744 -0.25408020488794852 0.089426765393030488
-0.69507513887157979 -0.042344845012978805 0.22463423878836328 -0.079267484262100729 0.2380606530607712 -0.059127862853488838 -0.027111028819285298 -0.087099559254338682 0.24924933162111115 -0.033393902164706918 0.24141725662887331 -0.0076599414759251161 0.21008895665992139 0.018074019212856812 0.010930478285870562 -0.0065410736198911225 0.14631348886598378 0.044926847757672701 0.053447456815162275 0.070660808446454462 -0.32808648209242963 -0.014373148612129081 -0.081935553764950972 0.094157033423168335 -0.24193365717781215 0.1019891084154063
-0.69111215683260163 -0.043728617131870665 0.22482509390252867 -0.078002398127120773 0.24373476617577033 -0.055547162302646606 -0.019818791132532008 -0.085093525229586367 0.24964403876115826 -0.031910071961094785 0.24373476617577047 -0.0070911271024654493 0.20709727614636497 0.017727817756163829 0.008545717277330226 -0.0011818545170775119 0.15036825932664072 0.046092326166026001 0.055819897960433795 0.069729416507577746 -0.31528242040192883 -0.011818545170775867 -0.091911916674264738 0.089820943297896777 -0.26564453068466998 0.091002797814974376
-0.68809216215655877 -0.026070468133528892 0.22370143624253797 -0.087294019105170872 0.23900732398544847 -0.069801575970416016 -0.035405377691018231 -0.087294019105170872 0.25103337864059255 -0.042469633572361568 0.24994010094467037 -0.011857858086540574 0.20948882619554976 0.015474084311513947 -0.00042049142150852475 -0.0074847473028517983 0.14826527522390764 0.043899304405490586 0.058616504158289166 0.070137969107622891 -0.31856430093486243 -0.00092508112731866583 -0.084602874007516329 0.096376633809755086 -0.25296763917953169 0.10730941076897693
-0.6862504481598235 -0.019739860606966142 0.22449253239294845 -0.088926136753930865 0.24084565220950374 -0.067541287763050864 -0.014514603387475128 -0.088926136753930893 0.25216704285173436 -0.041124709597846185 0.24336151679666609 -0.012192266845479045 0.20436561569564976 0.017998108200469133 0.010644042484148479 -0.007160537671154401 0.15027452707165903 0.045672618659255058 0.048382011291583565 0.070831264530878554 -0.32396594760844466 -0.00087087620324848155 -0.084958811828021202 0.094731978108920908 -0.26484312981012942 0.097247842696083289
-0.6868948781067189 0.068525509890279571 0.19944893369828215 -0.12220670277661949 0.22637583431007965 -0.10425543570208774 -0.03840535503926245 -0.084060260243239621 0.24208319300029491 -0.079572443474606736 0.23983928461597859 -0.045913817709859868 0.20842456723554811 -0.013377146137271213 0.017692354568649146 -0.0021576042156889225 0.15569272020411126 0.025891250588266804 0.062570522254978375 0.065159647313804858 -0.31664999469450322 0.043842517662798473 -0.068698118227534549 0.10779390661581757 -0.24147906381990172 0.14033057818840614
-0.69157289524908483 0.012945545851527674 0.21071605355920467 -0.099587120797595935 0.23301982532749935 -0.079310964644600759 -0.036653051507337622 -0.076269541221651402 0.2451855190192965 -0.055993385068656164 0.24315790340399698 -0.026592958646813023 0.21274366917450419 0.0028074677750301261 0.0089682998369017327 -0.0063168024938177452 0.16103947098436619 0.034235509812172771 0.061686305834689349 0.06667735965696521 -0.32862970011046977 0.014973161466827317 -0.077205363813328279 0.098105401694107905 -0.24245603646023986 0.11432632661650405
-0.69280243357389426 0.0022686940108845887 0.2165657491223624 -0.099728007561803556 0.24237214349617481 -0.075150489110553442 -0.023065055777327145 -0.087439248336178457 0.252203150876675 -0.046886342891615737 0.24605877126386247 -0.0198510725952405 0.20427698989673718 0.013328577313947203 0.01625897374467317 -0.0087911892921779897 0.13545993823323668 0.044050475378009921 0.055583003266673488 0.066170241984135042 -0.31799527719232917 0.0047264458560096409 -0.080822224137764936 0.095663264125635333 -0.25409372921907869 0.11163865111894794
-0.68924889953286084 0.044999554367707417 0.21280323611293647 -0.10236539848531895 0.23624766043046364 -0.0845029799576794 -0.054016640643679177 -0.081153776483747053 0.24741167201023812 -0.064407759114084903 0.24741167201023812 -0.033148526690715753 0.21503603842889155 -0.0041220965833014839 -0.00042938506076064793 -0.0097041023731887794 0.1536339747401306 0.028253536998045274 0.058739876312045365 0.060629170579391899 -0.32195291855827252 0.022671531208157916 -0.071879059171318913 0.098586809950625937 -0.2337572270780523 0.12426403658410785
-0.67285683624929471 -0.16676597819901637 0.22627510094582329 -0.054945001238202153 0.24909570848884643 -0.02071408992366721 -0.005354065615863119 -0.09716312519279531 0.25251879962029994 0.0021065176193560864 0.23882643509448595 0.029491246670983975 0.20687758453425334 0.050029793459704944 0.014043450795706553 0.0021065176193560864 0.13499267077373012 0.072850401002728243 0.036864058338729945 0.084260704774239956 -0.31799638895528237 -0.059509122746806878 -0.10804679955946807 0.086542765528542245 -0.25523971821196845 0.07170937062557714
-0.68966170118014725 -0.011627029069306049 0.21608386331879606 -0.089528123833656797 0.24050062436433894 -0.067436768601975269 -0.038548073299006988 -0.089528123833656825 0.25212765343364502 -0.041857304649501922 0.24515143599206127 -0.015115137790097873 0.21608386331879595 0.011627029069306067 0.012610854605939624 -0.0069762174415836861 0.14980979762375143 0.04650811627722426 0.049817347627719062 0.073250283136628236 -0.32573569131086716 -0.0069762174415836696 -0.083893486669300674 0.09301623255444863 -0.24434648782572463 0.10464326162375467
-0.69244173252144869 0.047754602242858483 0.21423507330294256 -0.10560750970308044 0.2326385267364551 -0.087204056269567759 -0.040959480975100104 -0.093338540747405316 0.24736128948326525 -0.068800602836055033 0.24490749569213022 -0.03567438665573229 0.20810058882510474 -0.0099095518488144761 0.00075501347419542394 -0.0062288611621120118 0.15166333162899934 0.026897355018210792 0.055965373774733443 0.063704261885236174 -0.31087679799995266 0.030578045704913362 -0.075312594050990375 0.106645653230099 -0.2360360873703343 0.13118359114144929
-0.65765175146738808 -0.24581622767417161 0.23409415394191704 -0.013285016896555375 0.24763966136585586 0.014934790236650477 -0.0074673951183252228 -0.092300476869531758 0.24876845365118411 0.038639428228543458 0.23635173851257327 0.063472858505764576 0.196844008526085 0.079275950500359918 0.016237242873567693 0.0036468673833681682 0.12234371769442155 0.08717749649765752 0.026396373441521674 0.080404742785688085 -0.28966546645038382 -0.10358839972281411 -0.1022859470858969 0.06573044307642098 -0.27160478988513204 0.021707543948619817
-0.6979140937187075 -0.053222638307957336 0.22502569697529531 -0.075581879536075869 0.24738493820341381 -0.051980458239728598 -0.028379036943381238 -0.090488040354821483 0.25111147840810022 -0.029621217011610027 0.24241621793049858 0.001433284694110045 0.20763517602009202 0.022550345853999811 -0.0035354355788049835 -0.0060197957152627185 0.13683091213105023 0.051120487423262272 0.061057927969092915 0.06851100837846566 -0.31283827256777752 -0.024652496738694803 -0.079308419740762109 0.089628069538355268 -0.24948708908810854 0.098323330015956903
-0.68590055039932674 -0.10801933489762565 0.23061905738637106 -0.059477312795482754 0.24102091926540184 -0.039829351468424881 -0.00053342881430932631 -0.08605984870856101 0.25026701871342905 -0.015558340417353505 0.25026701871342921 0.016803007650741789 0.20634804633529977 0.04338554356382008 0.011024195495724826 -0.0016891912453126134 0.13700230047509565 0.065345029752884712 0.039918256270809818 0.076902654062918671 -0.31490081004723464 -0.045608163623441944 -0.10108476031160536 0.084992991079942584 -0.26404726308308507 0.068812317045894869
-0.68162465667709904 0.10640347197186094 0.19634451997826444 -0.12431137706599309 0.22035556761568817 -0.11073991535788402 -0.034370329059589623 -0.078377198977008566 0.23914682228845444 -0.087772826313391727 0.24123473947431726 -0.058541985711310675 0.21304785746516766 -0.025135310737503753 0.0063440560647374427 -0.0032121802859429471 0.15354221766807419 0.013491157200960543 0.067937613047693926 0.057337418104082133 -0.32250290070867454 0.058381376697013571 -0.069864921219259704 0.10640347197186106 -0.22959058593777398 0.1460738985032568
-0.68705950381349867 -0.17016953654823508 0.20410675662120648 -0.054531601484775392 0.24432864707806257 -0.013052776951143123 -0.0045443001237312182 -0.094753491941630796 0.25312718561549941 0.015856706814721937 0.23050237223351833 0.040995388350256644 0.1990790203141001 0.054821663194800807 0.021851315488580228 -0.0029973043369290252 0.1462877890894772 0.074932608423228506 0.048246931100891816 0.086245015114219226 -0.31500701708758477 -0.073385612636426206 -0.086245015114219004 0.079960344730335517 -0.25467418140230152 0.056078597271577463
-0.69410888949206351 0.032109280857094281 0.21202740003982112 -0.10128134044455363 0.23617570217201603 -0.077133038312358806 -0.026005863834671399 -0.085182472356423761 0.244225136216081 -0.05413465532931612 0.24077537876862459 -0.026536595749664691 0.21202740003982112 -0.0035382127666219337 0.019990902131414041 -0.0069879702140784126 0.14418217023984492 0.033259200006246353 0.054488476605978109 0.063157097884201943 -0.33763395325490081 0.014860493619812173 -0.072002629800756987 0.095354834060461829 -0.23414122983120839 0.11605337874520034
-0.68243632065379001 0.13367224517449708 0.19713363743406428 -0.13169679327536654 0.22067443923203617 -0.11564624659493122 -0.038274380545653422 -0.076054898116524161 0.23030476724029736 -0.097455627023771252 0.23244484013102207 -0.070704715889712458 0.20676396544232559 -0.03646354963811714 0.0088072230502901083 -0.0032924198318841969 0.15005203383812088 0.01168809040318876 0.071939373326668984 0.05662962110840758 -0.32076400212131445 0.061979803335219408 -0.059675109452900485 0.11120147982188762 -0.21697046692116628 0.15614301052710641
