C:/Users/vmc04/Desktop/Wing saga/Lab reared wings for landmarking/13/13 landmakrs lab reared txt files/RPVMB 13_Format - {Aligned specimens} - 1 21 26 0	from C:/Users/vmc04/Dropbox/Homework/RPVMB 13.txt - TPS like internal (simplified) format - can be converted to other format by using TET	
-0.69830633535677256 -0.034909883213926039 0.21647641072172299 -0.089565356225018988 0.23688185347708873 -0.064478172165705325 -0.032172645827853161 -0.086156020992667157 0.24637401242613202 -0.037251784903771387 0.24191454952654004 -0.011823667321222465 0.21476559547348112 0.015407730551845411 0.011567943828579681 -0.003691368874918255 0.1503761051918579 0.047294679652258947 0.056057812518089563 0.07296010747256608 -0.30901463646566274 -0.010735728806774654 -0.081877404082098704 0.09773141106431478 -0.25304326143110495 0.10521805376301895 
-0.69843281812560409 -0.036595351622888316 0.21034802227406457 -0.087871967045133503 0.23289349529827513 -0.066391378625687641 -0.015827094032805706 -0.088428170146248819 0.24473914368893587 -0.039029011751824001 0.24302559353592329 -0.013544377994622421 0.20880326440261604 0.016516636814151189 0.022732255683470988 -0.0034007564621879737 0.14893327087793631 0.049683299978522583 0.059085506355786431 0.071334985338489712 -0.3179601057318962 -0.0081148168994009204 -0.084834869377407279 0.097401173445336553 -0.25350566484929393 0.10843973497149317 
-0.70487327592132643 -0.04505455845712366 0.21092819771045945 -0.089062642732533379 0.2335655303095637 -0.067711195853087436 -0.021325557816931746 -0.08496326111549457 0.24770062082737712 -0.042378301264753809 0.2390066953936503 -0.013029426902094951 0.20174613804719671 0.017483885287014458 0.019497377139748719 -0.001123129825926603 0.1500718910027245 0.046936355845986065 0.059451153818726968 0.071763264507888946 -0.31347837461823297 -0.0022588922287004511 -0.076079904883855978 0.10015372210837083 -0.24621049100910097 0.10924418063045455 
-0.69558697296294003 -0.032883090195009415 0.223534855857979 -0.082316726816743319 0.23723406543153955 -0.062361662102335513 -0.028293676005746567 -0.086722598000878726 0.24877186820867248 -0.036782327323370514 0.24129067834560211 -0.010944178596178425 0.21031543875051573 0.015213681478823873 0.010840462467151828 -0.0066891982447073511 0.14691125958968426 0.042931811973755098 0.054403984982175475 0.069927011293021743 -0.3282516826869184 -0.0099075701369767018 -0.080646780697343864 0.095263207362419458 -0.24052350128037228 0.10527163930817915 
-0.69193267422980798 -0.027881528137148323 0.22297878127957396 -0.083133387161468328 0.24239801083378187 -0.061117328364873276 -0.021763354952598919 -0.084617072149539466 0.24884733395485426 -0.037621844254451114 0.24350829487294154 -0.012674014928718016 0.20744910580712514 0.01297789695843325 0.0085163935656463498 -0.0013773541732663614 0.151384905124305 0.042634803210808467 0.057402968682616635 0.068432095695097853 -0.31547044638213334 -0.0045913052512101468 -0.089829698411375877 0.091903359922160754 -0.26348962014492833 0.097065678634175451 
-0.6877549003088913 -0.033818486528768212 0.22467040128051552 -0.084769034068817639 0.23977830875158951 -0.067105317068517925 -0.034419978927802942 -0.08768723733581299 0.25149577331115341 -0.039639664152294654 0.25005779832514413 -0.0090421432975861058 0.2093012618298587 0.017832481108866011 -0.0003361674165137901 -0.0074890083917154224 0.14776145348974151 0.045566365085509659 0.057822854099488501 0.070793691908741879 -0.31853367737525923 -0.0045128686003471623 -0.085682954700923533 0.095417677128249181 -0.25416017235810068 0.10445354421249356 
-0.68607850328916387 -0.025012537273176646 0.22516922738403589 -0.087198474398662545 0.24135753975844698 -0.065688596747549691 -0.013830852043671366 -0.089035043894079097 0.25247560689237131 -0.039185803097862383 0.24344801923769477 -0.010321877622234157 0.20422128171059536 0.019567955282539771 0.01069875096344485 -0.0070785357219249126 0.14991913463538167 0.04682600401468006 0.047836303985104571 0.071200948537971598 -0.32394969101154059 -0.0033602572410946874 -0.085684239382000107 0.094076344025404657 -0.26558257884069991 0.09520987413598811 
-0.68941034067633922 -0.035124083525422199 0.21550227786099779 -0.090956712746427179 0.23943689116210273 -0.069175063307843371 -0.025382414059412377 -0.08886411933041094 0.25127029563545716 -0.042417975258226229 0.24401062324154182 -0.0094750644891167142 0.20807720193821297 0.01798961644025671 0.017815944151507109 0.00051652698355316253 0.15005887710497626 0.048917413909299469 0.052105773463111245 0.07379592309288574 -0.31964474764502115 -0.0040768612917880019 -0.084067617521802307 0.09628911379648207 -0.25977276465533072 0.1025812857267575 
-0.69090172147823203 -0.033097852785508121 0.21687526760283465 -0.085346166630490342 0.23778051361120264 -0.063630931592332476 -0.031497134348058134 -0.07853928718050035 0.24836778237806734 -0.0395555632599204 0.24438846394437308 -0.010355198130818347 0.21208543152592407 0.016956426026768813 0.0093687228762073995 -0.0057060868709915237 0.15840470354951494 0.044874616883202219 0.057113143492570642 0.070633982322619734 -0.32889771702826209 -0.0069258279365134968 -0.083561848865585084 0.092751040195114542 -0.24952560726055881 0.097940848959369678 
-0.69233290516757284 -0.025602877975991225 0.22040226102009183 -0.090935375527945311 0.24519907324483683 -0.065339623784950659 -0.019528920048982264 -0.088296320587709393 0.25388512587759876 -0.036702878906004835 0.24665815752531178 -0.0099366657024256462 0.20357546103230326 0.021535348615025238 0.01659946073060679 -0.0081300147511501643 0.13357824738051477 0.049464038188677423 0.052876145465396755 0.06835264747692088 -0.31792800760806622 -0.0080695467915744782 -0.084605099690276339 0.09233455000239392 -0.25837899976176221 0.10132671974473424 
-0.69019777371644819 -0.02675889678986693 0.22227593079587163 -0.079732695276311841 0.2437404326077382 -0.059534126287267106 -0.045304675923906031 -0.086320445106777596 0.25275913255421956 -0.038389006127251206 0.2495157154038003 -0.0072984954063482653 0.21430308480319016 0.018212011071556036 0.00057981753954073527 -0.0096962769154234404 0.14987318526705368 0.044041899201310721 0.052132024244235277 0.066396697527044635 -0.32256754620982425 -0.010856252930228858 -0.081720330665047053 0.090596610309603615 -0.24538899670042469 0.09933897672996013 
-0.69172251066643509 -0.045466271118363086 0.21303548602747049 -0.093996043332408227 0.24153625044156185 -0.064327173352769496 -0.022408672750929327 -0.094695249624210498 0.24893098491818669 -0.042468180156669567 0.24028368963808469 -0.013097641927390106 0.21245856712743216 0.012754311839776792 0.014194823361850678 -0.00040362910938991409 0.14572609269153 0.047896847471859752 0.051148751144295061 0.07643710108731154 -0.32350713247282353 -0.0024848174791687739 -0.091087437446901801 0.10424413604481003 -0.23858889201332295 0.11560660965661251 
-0.68927686425238688 -0.025804152496637974 0.21787890277723404 -0.085066472058851317 0.24183629988987906 -0.062477773125213937 -0.036699208923413267 -0.090301755113817536 0.25293495235470653 -0.036664662221269191 0.24541038532060544 -0.010071580619510715 0.21579913279649385 0.016067298342775697 0.012751621295426245 -0.0067154611176327289 0.14882191426413841 0.049578404355955341 0.048300776745782599 0.074259053791516066 -0.32552340384105027 -0.013671933122176818 -0.08578818516065044 0.091271703780511082 -0.24644632326676469 0.099597329604351859 
-0.69341533693517787 -0.030515987215766482 0.22476379013346581 -0.080813683146127954 0.24097803625103428 -0.060455087433312925 -0.030189363088943096 -0.097356893063041988 0.25353499818556458 -0.040510926680022492 0.24736689409448384 -0.0078716590056937159 0.20789300754742754 0.013584980680328457 0.0014515636100752508 -0.0061042378565214321 0.14767030047892638 0.04380315313133417 0.048436562124682475 0.069600686014077123 -0.31234284681575275 -0.0046202225992241913 -0.086841648264806753 0.097487487926479058 -0.24930595732097949 0.10377238924749212 
-0.70133232953557834 -0.032625259298314196 0.21878079135014658 -0.084329887465401793 0.24031692371813437 -0.06161352136877829 -0.035372434476567884 -0.085579967862795245 0.248650198071419 -0.039393247452757366 0.24443430990983073 -0.01195057336337624 0.21166356985191459 0.01519122173811616 0.01657397049206449 -0.0015003999384414174 0.14316165505010228 0.045526274591788492 0.049749464585975151 0.068459345356976176 -0.30747094470837871 -0.0099124755328361645 -0.077244764755126316 0.093894368501027309 -0.25191040955393579 0.10383412209479263 
-0.6993290824274373 -0.029250058305288693 0.22230049484377032 -0.083256680246321046 0.24545619991706102 -0.060436161451524834 -0.031466437382197815 -0.089461268175461378 0.24994755858978004 -0.038217915178082533 0.24232270984994392 -0.0068834084377725549 0.20828653850935291 0.0154143535323874 -0.0037398579394702729 -0.0058949730939128701 0.13850401745245058 0.046396550502578945 0.063372194619698063 0.066376153745123262 -0.31349982936715332 -0.013906378587115251 -0.076187139663565537 0.092295915623788596 -0.24596736700223154 0.10682387007160005 
-0.69378586258861286 -0.028087695206249316 0.22220758593456566 -0.085711662685323223 0.23480883489428245 -0.067396378370979851 -0.010468195920670602 -0.085422473507893712 0.2467959314755209 -0.044355504950119709 0.25053307433392807 -0.012210666919103408 0.20997773292552585 0.01926585819992668 0.010755368685539316 -0.0029509825193180282 0.14363185551298144 0.049086590131845596 0.048532035297935074 0.071778318003858088 -0.31806090822039129 -0.0089377524874553471 -0.090593330408319919 0.096097792823242767 -0.25433412192228394 0.098844557487569804 
-0.68926239561171099 -0.029175699365138436 0.21689117556452647 -0.083442836455721953 0.23777866698114367 -0.065430960266328275 -0.018351822682113071 -0.08359135986087525 0.25170705332515064 -0.039227935914042562 0.24802873240218168 -0.010154384433926819 0.21384414048487879 0.017083822659249653 0.0068503636001876226 -0.0019072671777066047 0.14792505055750499 0.04330592738426093 0.055390135206337517 0.069534392233513959 -0.32769106674568665 -0.0059220676812813946 -0.089353968500010233 0.090656904744973343 -0.25375606458238981 0.098271464133023789 
-0.70692462610161566 -0.035580977510226132 0.1899038567002973 -0.092573154149978659 0.23731834159286114 -0.059555583388518622 -0.022588192503387356 -0.092133861626316066 0.25148519697139965 -0.032863398377037223 0.23408772153899737 -0.0038605823328414358 0.20588998813422291 0.01572208226526034 0.020874258605419405 -0.0071224398589046327 0.15792142733082348 0.045561341415631174 0.063855767227631061 0.075421548542022876 -0.32322820212808584 -0.011764280916691613 -0.069354274095744239 0.094983388158658213 -0.23924126327281833 0.10376591777894208 
-0.69445728805786311 -0.023392978698399187 0.21943467983993203 -0.084035406665514789 0.24157856272691411 -0.058036763577400431 -0.01912411824723052 -0.086986358998444785 0.24776671696031954 -0.034469291174784866 0.24212524499002269 -0.0072346163462390627 0.21163337943287844 0.01339589590313283 0.020484866165313632 -0.0053701167519720179 0.14106763279080861 0.044660895411139274 0.049273804426833066 0.067304571117429282 -0.33774289626507992 -0.01213493649067072 -0.079383603737269756 0.089303787907384982 -0.24265698102557898 0.096995318364339028 
-0.69480563158893571 -0.028857151449398599 0.2223746196974819 -0.08219029675941103 0.24153250133956247 -0.061100845153921987 -0.019518923887341128 -0.082875131034276767 0.24666387150902727 -0.041168186071067682 0.24251808529348065 -0.014653970730331905 0.20957202770947483 0.012668585532164723 0.0093316927025983501 -0.0011518322409181457 0.14320927594352378 0.046296086227254257 0.05678093282060017 0.071820004800460316 -0.32638009118479022 -0.014390175696048347 -0.083921255022508301 0.094255560887623269 -0.24735710533217306 0.101347351687872 
