C:/Users/vmc04/Desktop/Wing saga/Lab reared wings for landmarking/13/SJU/SJUFC/coord_Jul18_Format - {Procrustes residues OP} - 1 16 26 0	from C:/Users/vmc04/Dropbox/Homework/SJU/SJUFC/coord_Jul18.txt - TPS like internal (simplified) format - can be converted to other format by using TET - Orthogonal projection of the preshape data to the Kendall tangent space
-0.0071776771683291522 0.0020674890907577087 -0.0035771833084624993 -0.005667754122237279 -0.0011546163957415556 -0.0023041704070056743 0.0017797907551994495 0.0016670898403715966 0.0017635430587041258 0.0013400664937388022 0.0070301032238646449 0.0017921601179581778 0.0016825962023853352 0.0033491870891476966 0.005674644870748387 0.001581046195783002 -0.010417066164537959 0.00076425433526265392 -0.0083740046000142787 0.0017268507675924584 0.010262835183700043 0.0019541130483883471 0.0066816442121998684 -0.0019139367535320416 -0.0041746098697163876 -0.0063563956962250506
0.011596100345532774 -0.00046299787868026325 0.004679802323188968 0.00017265938019177853 0.0040690464787588743 -0.0058323454843365969 -0.012498855035783331 -0.00074308679476659423 0.0063896736317972979 -0.0017753557569601965 0.0070906236827605737 -0.00085423071642523878 0.0054084832662173602 0.0026775157170685778 -0.014946961797460254 -0.0011963812028555983 -0.0034679900339176814 0.0050098569346302187 -0.0095455507164666602 0.00096723832285677347 -0.0072878947948512608 -0.0042559360615039609 0.0046026583425341841 0.0038356699664405369 0.0039108643076900046 0.0024573935743404107
-0.0019202078982679324 0.00040014478517645148 0.0063374682676769021 0.0087214916918028993 -0.0014252751429736311 0.0064702466184711344 -0.00019916462746733882 -0.0007109062552892152 -0.0037750998489113337 0.0015657011254292287 -0.0049084182788829839 -0.0030308905670813247 0.0010999498735395779 -0.0036722271877402415 0.0032325078020132791 0.002092470318541189 0.0011513317392542039 -0.0067425661779529746 0.0051928995215336443 -0.0041589343426799204 -0.0087945592124812708 0.00022034875210736021 0.00022090341584625874 -0.0024597997146804237 0.0037876643891218429 0.0013049209538956164
-0.00096470031799829933 0.006978647295247855 0.0052667571894462681 0.003541655583070204 0.0035605243585929178 0.0066026677586849564 0.0016932313010332586 -0.001720907272793427 -0.0023511604590340787 0.002832716764965694 -0.0068364249238531127 0.0026684814274936628 0.0014608902789748756 -0.0033182433995518892 0.0072873875489858006 0.0040459154285948295 0.0048928299269516556 -0.0070057434214836328 -0.0040313413881758733 -0.004206961793657215 -0.0074619475115729524 -0.0013206996821071187 -0.0052844371505865236 -0.0044716748271350117 0.0027683911472359602 -0.0046258538613283273
-0.031014126691934107 -0.0030483911078004588 -0.013145214286685693 0.00030904902797084367 -0.0086564802536112581 -0.0011046131191993489 0.033462533652187036 0.013667210327193631 -0.0078024412887411528 -0.0033948099303800464 -0.0032682902281727971 -0.0010626865426221967 -0.0081256933114486271 -0.0015872309551605557 0.024546615246982057 0.0083452651261787004 -0.0051177126169842362 -0.00191010280443596 -0.0059559236761974905 -0.0048375588099539143 0.01284711574089359 0.00043764064499952286 0.0094438104751095302 -0.0027133675432543239 0.0027858072386029468 -0.0031004043135356985
0.0078844577869698809 0.0019255087594592729 0.0028619205446471507 -0.002162258514214724 0.0020919505482279374 -0.0016628769119900373 0.0059168463160290874 -0.00078851426595928078 -0.00049525625793640522 -0.0034878069897271964 0.00013466152281935021 -0.0015253583274152892 0.0074903035882814255 -0.0036863010962187499 -0.00050460560395363394 0.0012213504333637821 -0.00024121032883866014 0.0023490932057576084 -0.0045058796799558407 0.004828376902004692 0.0074309691247365318 0.0034339890627845754 -0.0064318535574964392 0.0023745847155991978 -0.021632304003529723 -0.0028197869734433861
0.0085093080163519859 -0.00062276874086245764 5.6258393422880647e-05 -0.0045739773206632138 0.0001145308222608827 -0.0026757435487291489 0.0032173326951475617 -0.0013451692735140536 0.0016383556960176992 0.0028830129444931446 -0.0018834046987685033 0.0015162148828626314 0.0066150083307610092 -0.0018792721618555879 -0.0079748821517559906 -0.0056727846882886129 0.0035244210737468929 -0.00028527369363789409 0.00038405654931624779 0.0046087061467567862 0.00063083220535783274 4.9441364134595418e-05 -0.0023219160245197211 0.0031894232849852258 -0.012509900907339052 0.0048081908043185462
-0.010744144008861053 -0.0013274968785710771 0.0034326704389202852 0.0042035289968730023 -0.0021704624394806799 0.0034421145411639145 -0.0024993543009094936 -0.0026559764330272018 -0.010015085867843032 0.0026156631069686139 -0.0085853177606816967 -0.00099571911689761696 0.0020661541575483352 -0.0043243006118165363 0.0030890932380227042 -0.0026889175843218902 0.0020798694937143015 0.00042753007216914839 0.010225787677315719 0.0010911925772736253 0.004066449545572782 -0.001778325555478949 0.0024649889628897163 0.0010650110145550371 0.0065893508637918539 0.00092569587110935547
-0.0052493633671600757 -0.0072219658607227772 -0.00077021089984559096 -0.0065661499144393223 -0.0018735787569010803 -0.0066334315195512757 0.0092946672358322872 -0.001976181142502293 0.00092374278356410918 -0.0092496914656702445 -0.0011911768786875034 -0.002648657372525275 -0.011132027081766476 0.0032030822604392517 0.012897268916141454 0.0068147556581268634 -0.017548166461229947 0.0078967268877793637 0.0076164439392805679 0.0068293981426235774 -0.002546765539818367 -0.0030193244031334393 0.0026371854220748961 0.0067343664663655958 0.0069419806885149581 0.0058370722632104244
-0.0025356568227663558 -0.0074151242983543138 0.0048991878772108545 0.0033139860852269953 -0.00029720268627843522 0.0021282593218355968 -0.0077842163868260044 -0.0020643716163001283 0.00029631745599693372 0.0018986030130519762 -0.0070690380090355394 -0.0033909450944241922 -0.0089258676016974355 -0.0026214914673239917 -0.0080255373879311327 0.001259186772287131 0.011661076822244702 -0.0038612227515378394 0.007607399244275519 0.004502526704614547 -0.0061494108276996008 0.006151087439857178 0.0072090994666751665 0.0014621534215656954 0.0091138488558308983 -0.0013626475304986674
-0.00023502306020784132 0.0047296864793052104 0.0017683252350837798 -0.0013868431636084122 0.0025675335289719022 -0.00066234249490325554 0.0050468819006259397 -0.0072032209902583638 0.0047896530424443333 0.00051929288758229344 -0.0020030524400611637 0.0014377512032446884 -0.0092561534761466564 0.0045183908074220534 -0.012440193868714955 -0.0096582109193821247 0.0019746438852723401 0.0063707068688255734 0.0071965679830652309 0.00044060834323098085 0.0059433290674608587 -0.0014253025052489898 -0.0020494565703986145 0.00061198183878225052 -0.0033030552273942081 0.0017075016450079361
0.0053204987275921271 -0.00058884981337176904 -0.0031568058188629778 -0.0012856474662811541 0.0006791874263949926 0.0016936042637551532 -0.0083861258650602625 -0.0011550862052418934 0.0030361535707270244 0.0020582590917391395 0.0055794138830444128 -0.00056369241286545046 0.0027950463751705915 0.0021382180850053447 -0.0085922894664674301 -0.0043167628067721786 -0.00050987472967517001 0.0011246593720608442 0.0080245979297781603 -0.0015294561775028126 -0.002592611767302916 -0.00032808748524216304 -0.0012561773794298662 0.0021529000192183163 -0.00094101288590792208 0.00059994153549879081
0.0004495320881399362 0.010008308143823561 0.0015206794746311038 0.0016598690263028826 0.0045814172223067242 0.0033420176552368917 0.00093482646323578831 -0.0008156107919284598 -0.00032104878468255265 0.0011707513287152111 0.0028147201477157113 0.00328248233912155 -0.0016772320858575926 0.00019834351519020825 0.016987977893453882 0.0028517527116788551 -0.0011752806528876763 -0.00019242620163119063 -0.0095605569444939358 -0.0060587664271861122 -0.0051802655797835509 -0.0021297134299028278 -0.0083716272980168868 -0.0093442956759788136 -0.0010031419437612113 -0.0039727121934422654
0.0006226385662072894 0.0063790966540256903 -0.0018175922555857696 0.0048764907462628604 0.0014974327915377684 0.00023920072118244174 -0.0046017425262961844 0.0014751687219127941 0.0012107596043282587 0.0044996040592613805 0.0064720339969763967 0.0022046020041262123 -0.0019196862310163602 0.0034161853779484789 -0.0072146856508807306 -0.0070249212640831173 0.0065331897815863712 -0.0018727993598850687 0.0015624127542313143 -0.0042875038774774247 8.3657066689253948e-06 -0.0023849565571535886 0.00049301239125400665 -0.0044530681307579723 -0.0028461389290119756 -0.003067099095362763
0.008872640412109202 -0.0017986891131785616 -0.0035031411247025183 -0.0050886790426208266 0.0056781626441741416 5.0490892225769869e-05 -0.007150312386136299 0.0020492061058618506 0.0086920931344266535 -0.00050905678835450052 0.0083067834391608465 0.0032501630576530771 0.0090035336262095748 -0.00011900942980057729 -0.012731830110215078 -0.0019893565652922855 -0.0016560729564155242 -0.00032513652127526624 -0.0098387016625094258 -0.00054529319024133633 -4.6071117710176201e-05 0.0038387445474386329 -0.007818998554807605 -0.00048593925934913484 0.0021919146564157357 0.0016725553069335541
0.0070278558745985225 -0.011417263764312881 -0.0015310507115060194 -0.0010787914962038325 -0.0056512923710982091 -0.003647643066136701 -0.018633906250142676 0.00091117344948826447 -0.00031212385559589023 -0.0031198892268693526 0.0018306021193894738 -0.0018599714217113292 0.0063876451016888743 0.0022612223844327164 -0.0013390647487346958 0.0042565203119517671 0.010350530450735708 -0.00086248728340369775 0.0046759345782780683 0.0017761824520358294 -0.0059053754812593623 -4.3583047868137709e-05 -0.0016385926547851193 0.0056848419207661278 0.004738837948432364 0.0071396887878311388