C:/Users/vmc04/Desktop/Wing saga/Lab reared wings for landmarking/13/SJU/SJUFB/coord_Jul18_Format - {translated and scaled (first one is consensus)} - 1 20 26 0	from C:/Users/vmc04/Dropbox/Homework/SJU/SJUFB/coord_Jul18.txt - TPS like internal (simplified) format - can be converted to other format by using TET	
-0.67556104693973473 -0.0018854018598470736 0.22070211406107038 -0.10195390835790744 0.24276727937947457 -0.07577388788553055 -0.04700201327492106 -0.091100232444530305 0.25207043016236919 -0.048699333684029109 0.24580869405849767 -0.020551339007578159 0.2150963693585568 0.0065232151939232166 -0.0056149194074277221 -0.003972647227804201 0.15134593226295076 0.039799869917354555 0.061534745858851374 0.071824177420011528 -0.33999162735416499 0.0060461305383901782 -0.085228421299507987 0.1036695781768437 -0.235927536866015 0.1160737792207034
-0.67303405545223605 0.083401115265547027 0.20924248763407199 -0.12935494485199583 0.23208070877663309 -0.10771873534851691 -0.067220189354825682 -0.087284537484120198 0.24410082516745457 -0.081274479288709386 0.24169680188929024 -0.057234246507066121 0.21044449927315401 -0.024779932251847783 -0.0071196074007175104 -0.0019417111092866798 0.14793989404088165 0.022098521672356604 0.0734151724177875 0.061764905762067994 -0.33166274995290151 0.05214881264941075 -0.074432259189318631 0.11825945279892983 -0.20545152784927442 0.15191577869323031
-0.65102491961838438 0.18823591059557346 0.18670967348263628 -0.15788075023826931 0.21206216774753561 -0.13914195012943067 -0.076735810400447746 -0.066391314412763025 0.22859640313768734 -0.11378945586453135 0.22749412077834388 -0.089539243958975501 0.20875532066950525 -0.061982184975389258 -0.0083943041211539723 -0.00025437285215615987 0.15915261449905016 -0.010174914086247225 0.080890566985665394 0.044939203880925233 -0.32034021181534972 0.10776929836350176 -0.054690163213578627 0.12540581611299692 -0.1924754581315096 0.17280395756476519
-0.64843832783274014 -0.16288357996222944 0.23813338591098909 -0.05443785961778827 0.25602133978223707 -0.017543954758339298 -0.023477939456012949 -0.10474772988067342 0.2582573340161432 0.011523970282438638 0.24484136861270719 0.037237903972357572 0.21018345798716395 0.05847984919446457 -0.0089439769356240151 -0.0085999778227153611 0.13974963961912495 0.079721794416571568 0.034657910625543048 0.088665771352195499 -0.32869115238418184 -0.075679804839895462 -0.11291770881225284 0.0864297771182896 -0.25937533113309585 0.061833840545323565
-0.68674010612084224 -0.10749597702269202 0.22590252742039954 -0.064479700027754508 0.24566676279645192 -0.030764239680371071 -0.014756103335061889 -0.085406537484751133 0.25264237528211747 -0.0098374022233745136 0.23985375239173048 0.012252037314566368 0.20962609828717982 0.034341476852507262 0.016634152850433116 0.00062601650512383259 0.1375447692686359 0.062243926795169428 0.044536602793095348 0.075032549685556324 -0.32865866519001108 -0.049365872975479182 -0.090325238596438526 0.087821172575943171 -0.25192692784769016 0.075032549685556282
-0.6317944042693372 -0.22829902693272028 0.24741599048309712 -0.017332713619008133 0.25514774018569403 0.01359428519137887 -2.3544593939551965e-17 -0.10017288900397374 0.25293866884209482 0.037894069970968745 0.23637063376510184 0.061089319078759155 0.19439827823671918 0.074343747140353703 -0.0099408210461957597 -0.0084964282446118727 0.12702160225694717 0.086493639530148519 0.034240605825785725 0.090911782217346748 -0.33025616586806267 -0.1156363884091673 -0.11376717419535275 0.073239211468554 -0.26177495421649105 0.032371391611971091
-0.43052886525343154 -0.5195577246831421 0.21981609570262492 0.1069014447186017 0.21330178891508514 0.13404438966668419 0.046101248034896992 -0.090699194503438677 0.19918745754208222 0.15575874562515032 0.17964453717946272 0.17638738378569316 0.1340443896666843 0.16553020580646002 -0.0049274884674981156 -0.0081846418612678915 0.060215579407899886 0.14055869645422425 -0.017956102042577648 0.096044266739368833 -0.22315676585008126 -0.26115688877739673 -0.13195647082452402 0.0070154073096583272 -0.24378540401062385 -0.10264209028059502
-0.42853239985750841 0.51928252680619758 0.068994959529482841 -0.2379748925856035 0.096699499263329075 -0.23451182511887272 -0.10993019291827515 -0.018647286359319625 0.12440403899717571 -0.22412262271868033 0.13594759721961158 -0.20218986209605194 0.14171937633082951 -0.15601562920630793 -0.0071925247385948264 0.002131118441065164 0.12786710646390625 -0.091371703160666409 0.094390787618842009 -0.0013319490256656333 -0.2207483518536606 0.2722503808460674 0.033209929039931189 0.11987541230991224 -0.056829825095069557 0.25262633186792621
-0.59556234371860861 0.32133303330920615 0.15595614436462277 -0.19303962075664996 0.17933671954943442 -0.18413273497195981 -0.078962968206580053 -0.059436333986297697 0.20160393401115992 -0.16409224195640698 0.20160393401115992 -0.13403150243307774 0.18379016244177962 -0.090610434232713227 -0.0099346033752312699 0.0017985057834471181 0.15372942291845015 -0.040509201693831112 0.084701058087101502 0.038539409645293954 -0.30163511282383371 0.16212244990786978 -0.023294932052266494 0.13094834966145424 -0.15133141520718729 0.21111032172366564
-0.63069701219100505 -0.23104986434864228 0.24750640739341737 -0.013905778872834937 0.25499413447878977 0.0096270776811933703 -0.0038672876155220735 -0.10054947800357579 0.2507154332871484 0.040647661320594525 0.23680965441431343 0.063110842576712387 0.20151036958327076 0.078086296747457706 -0.012424689998805116 -0.0096270776811934761 0.12984212462327546 0.090922400322382302 0.034641023109251469 0.09092240032238233 -0.31407312400953252 -0.10910688038685873 -0.11939221978984323 0.069528894364174754 -0.27556481328475868 0.021393505958207607
-0.66190321490854465 0.15721062310392855 0.18984086743930031 -0.14834277306027868 0.22006043409290321 -0.12707715208181738 -0.048557936161344781 -0.086784396543680156 0.23125286618683022 -0.10133455826578529 0.23125286618683022 -0.073353478030967686 0.1999140563238346 -0.037537695330401327 0.0006887650519340386 -0.0095566150955838057 0.1551443279481266 0.0038743034171286324 0.084632005756386464 0.05088251821162202 -0.32389176567194916 0.085579057702795669 -0.057511881836486332 0.11691786756579131 -0.22092139040782069 0.16952229840724825
-0.64746772756611382 0.16239336265740431 0.18909393110263109 -0.1529597233329078 0.21427837894213525 -0.13325015545851332 -0.072605331229607176 -0.075216427828351667 0.23179799483048605 -0.1069707316259873 0.23179799483048605 -0.079596331800439388 0.21318340294911334 -0.050031979988847605 -0.0036218436692263094 -0.0040429882819270494 0.16609943524917095 -0.0029480122889051631 0.083976235772527136 0.053990739348234534 -0.32554478561766986 0.091219923110979692 -0.067130451264497487 0.12516417889465917 -0.2138572343294344 0.17224814659460161
-0.67098564458997945 -0.086373720545375177 0.22377489915582965 -0.081966033137760477 0.24691525804580722 -0.050010299432552904 -0.028565204930119048 -0.095189095360604825 0.25462871100913342 -0.022462253134960138 0.24801717989771094 0.0039838713107287326 0.21275568063679245 0.030429995756417666 -0.0043229241882375242 -0.002627659800693564 0.14333460396685913 0.063487651313528903 0.060690465074081074 0.085526088351603025 -0.33600140161125286 -0.031277627950189908 -0.10129204715576363 0.09654530687063996 -0.24894957531086023 0.089933775759217724
-0.66919378853222433 -0.086302122629093814 0.23718575681252393 -0.06798053847824885 0.25119637998669958 -0.044270253106566841 -0.036560265205984953 -0.10139048604743692 0.25766282145170399 -0.011938045781546211 0.24796315925419751 0.015005460322637817 0.21131999095250734 0.035482524961817564 -0.0074612786134664009 -0.0043938640723747025 0.14665557630246595 0.060270550577666872 0.043192512862399536 0.078592134728511898 -0.3372497933286781 -0.039959292129897579 -0.09799145912352443 0.087214056681850713 -0.24671961281862001 0.079669874972679203
-0.65915157295640925 0.13057760472582428 0.1992156661040223 -0.14423562200893844 0.22635771318893719 -0.11709357492402359 -0.073335723373664008 -0.08316601606788003 0.24219057398847069 -0.089951527839108744 0.24332149261700894 -0.061678562125655798 0.21731036416063212 -0.030012840526588466 -0.020182547832372479 -0.0073944679558261171 0.15284800233395943 0.014092985986398123 0.073683698336291292 0.060460649756460934 -0.33797068245158379 0.068377080156227787 -0.057502862574130419 0.10795923215506185 -0.2067841215411621 0.15206505866804845
-0.68194297957590477 0.044255886580147223 0.21515707704972761 -0.11492536554607394 0.23789725592490182 -0.08991116878338197 -0.061136096283642048 -0.089911168783382026 0.24471930958745441 -0.069445007795725086 0.24244529169993695 -0.035334739482963416 0.21743109493724494 -0.0057725069452366278 0.00026238667932897142 -0.0046354980014779047 0.15148457619923902 0.030611779255042517 0.063934887529817533 0.064722047567804253 -0.32947020701070062 0.028337761367525138 -0.085013284102575137 0.10792838743063574 -0.21576931263482829 0.13407959313708626
-0.67092781239259169 0.021074904137978183 0.21638636141669046 -0.10745599270351881 0.24344549759384773 -0.082651784541124665 -0.05645992836964539 -0.096181352629703287 0.25359267366028154 -0.054465184356585795 0.24795535362337393 -0.028533512186810082 0.21413143340192722 0.0019080160124918517 -0.012488832081764911 -0.0048567680317974969 0.15324837700332336 0.034604472226556847 0.064178720420180704 0.069555856455385048 -0.34058085822979689 0.017692512115833559 -0.080136672524658101 0.10337977667683163 -0.23234431352116783 0.12592905682446265
-0.60611655176851298 -0.30066120477556746 0.23970711086890331 0.0010653649371951718 0.24861051784403412 0.034700457954355592 -0.0046419472263503 -0.10379698388101093 0.24762125040235292 0.062399946321428881 0.23377150621881618 0.089110167246820929 0.19716861087661228 0.10197064398867638 -0.0016741449013066214 -0.00091316994616726208 0.11407014577539243 0.099992109105313948 0.020089738815679423 0.088120899805139763 -0.31329338903088122 -0.14336768154825846 -0.11840770301968701 0.062399946321428854 -0.25690514485505339 0.0089795044706445417
-0.63697718935312408 -0.21763186312998953 0.22945006921794969 -0.033685907148675885 0.25139816623844718 -0.0023314828336792473 -0.016159587916190758 -0.10266564064166851 0.25662390362428011 0.032158383912817202 0.2430369864211149 0.060377365796314142 0.20959226715178514 0.077099725430978899 0.003698214149973897 -0.0012863353565126037 0.13016105888712715 0.089641495156977627 0.035052638464970677 0.091731790111310677 -0.32552324115749059 -0.10162049316450186 -0.11962918815567933 0.07082884056797964 -0.26072409757316412 0.037384121298649896
-0.55597131337756112 0.38632727406029721 0.11679857468867184 -0.20439750570517573 0.16055596578241058 -0.19345815793174106 -0.10417625033470877 -0.035931549994281595 0.17915285699724964 -0.18033094060361943 0.19118613954802768 -0.15845224505675004 0.17696498744256259 -0.12125846262707209 -0.0079099899284835271 0.00016829765805287175 0.15180448756366294 -0.063279919427868314 0.098201683473832888 0.012201580208830991 -0.28139368426435052 0.20692197057596837 -0.0090039247058269958 0.12925260138458206 -0.11620953288548683 0.22223705745877687
-0.67462979167233583 -0.016519502689973133 0.21800737640858434 -0.10111938010225961 0.23969965266814522 -0.072919420964830783 -0.052061463022945523 -0.096780924850347477 0.24946117698494724 -0.045804075640379985 0.24295349410707931 -0.013265661251038976 0.21800737640858445 0.011680456447455632 0.0010846138129779084 -0.0013349093082807499 0.15943823050777073 0.046388098462752679 0.058569145900813593 0.080011126665071736 -0.34382257871403615 -0.0067579783731707855 -0.082430649786330495 0.1038726305505884 -0.23427658360325487 0.11254954105441276
