C:/Users/vmc04/Desktop/Wing saga/Lab reared wings for landmarking/13/SJU/SJUFB/coord_Jul18_Format - {Procrustes residues OP} - 1 20 26 0	from C:/Users/vmc04/Dropbox/Homework/SJU/SJUFB/coord_Jul18.txt - TPS like internal (simplified) format - can be converted to other format by using TET - Orthogonal projection of the preshape data to the Kendall tangent space
-0.0028010601353061979 -0.0055052580565901977 0.0043309941243082298 0.0010983127488557811 0.0024521639588793278 -0.00042510251508526644 -0.0078098207326418034 -0.0027047849919257915 0.0016517512727900348 0.00050511379437449084 0.0017470903217188943 -0.0031976286475662134 -0.0026314485602644279 -0.0022434612002574985 -0.0013787917935661768 0.0011515308485827973 -0.0081049480012229842 0.0012039446720129659 0.0023549562422815798 -0.0013585069697898853 0.0044977969301023997 0.0017056717804656931 -0.0054066794695950627 0.0033892477837481408 0.01109799584251568 0.0063809207531744377
-0.0022975859185671386 -0.0027839440107042916 0.0035692709261642081 0.0030366012348285779 0.00093352700400529736 0.0021954011412753556 -0.0074865376871500787 0.007317046814758592 0.00040937677246290953 0.0043159278244153795 -0.0018532456479253964 6.241331239578387e-05 0.0032312311665366094 -0.0059428568769072498 -0.0025564355980955073 0.0014058878161449465 0.0036683076951188587 -0.0050705824551361498 0.0025976680950232488 -0.0063072767864378433 0.0024389953202869933 0.0066375942563716142 -0.0039319659282356905 0.00081377698047076122 0.0012773938003755635 -0.0056799892514754341
0.0068068887377417866 -0.002612695468665343 -0.0019809799814418266 -0.0080243188109572483 0.0025805869496257649 -0.002493189875031688 -0.00052897902823952265 -0.0034516987929593384 0.0024719199253817603 -0.0016750972365701024 0.001265489963561111 -0.00070915232503375697 0.0035765500103135616 0.0010715415598884365 -0.0053353701532498311 -0.0021764941074697338 0.0029278473432410549 0.0037310859123890015 -0.0073889164267794127 0.0055931934506820956 0.0028804071598622612 -0.0011478100928149096 -0.0049900111605225925 0.0068925132194108804 -0.0022854333394932776 0.0050021225671312425
-0.020173216268956812 0.002752185257723166 -0.0070659130521387916 0.0024405766117527243 -0.0038541640347491729 0.0066287572327849917 0.019316492083018985 0.010462468527463015 -0.0029322640767191818 -0.00066400886381851824 -0.0064330566550871784 -0.0040132797538169774 -0.0019499413745194582 -0.0045585865187061222 0.021947885644348991 0.0018869218441346191 -0.0061053481665664187 -0.00040575508477213489 -0.0064443799397486227 -0.0050938643954049198 0.0075470316550842794 -0.0032110188772494518 0.008523941546989806 -0.003062558737217968 -0.0023770673609564696 -0.0031618372428722369
0.0036062082354010386 0.0014594874569527254 0.0065222869815735416 0.0010246702058475954 0.0026864723286876466 0.0014872286561880251 0.013146927122484135 -0.0015928439917835054 -0.00035093391769404391 -0.0017732668553827994 -0.0023434915398439496 -0.0015222809471875994 -0.0064031447251691239 -0.0018418226499524563 -0.0068293562462310321 -0.00055213163109704656 -0.0029473214250927767 -0.0022621549912161731 0.00094085478643761845 0.0015210887124375049 -0.0097764815592689923 -0.0022172525742486385 0.0020116200478652066 0.0035955578606578563 -0.00026364008914900663 0.0026737207487838449
0.00068116345302372296 -0.0021410048608322026 0.002810301656661322 0.0015901418895502492 -0.0022127921369071179 -0.0019767976077275469 0.0072776883461192869 -0.00091799601230435493 -0.0038425436503768361 -0.0040896354351897812 0.0051327087047069626 -0.0031309305115591358 -0.0015515907901066275 -0.0021823820072243484 -0.0040099165017634135 0.0025634287767359351 -0.0053637957755137203 0.0036757454789850506 -6.069467613592245e-05 0.0030974876288450987 -0.0033427679874413353 -0.0023865661482541582 0.0047524516422176042 0.0016814896109855007 -0.00027021228448396648 0.0042170191979901545
0.0021064748617158346 0.0016123099274127949 0.0071780562437603855 0.0031002119074115286 0.00050930153421787803 0.000691999749624301 -0.0084339861357402863 -0.0038850504225479824 0.00094688494783726684 0.00178334472767848 -0.0029407953451692885 -0.0025328443607984061 -0.0039165773185720707 0.004246146681956357 -0.00081270949507470009 -0.00016911001466005896 8.1604592338524028e-05 -2.7943337965483398e-05 -0.001047970069160986 -0.00038837635768965541 -0.010370098515005689 -0.0025942551989760277 0.012781397005032597 -0.0020885078886486424 0.0039184176938200418 0.00025207458720273579
-0.0012876185544548682 0.0042943359132797823 0.008254904229210755 0.0046188016398762194 0.003011992824985741 -0.0024963056828233216 0.0055801008066669686 0.0030399352698748522 0.0040212104624974447 -0.0012201413410434805 -0.0044422923616412174 -0.001858232692264494 -0.0096819749264810337 0.0010045904583586166 -0.0041926681354952896 0.00094832911205275274 0.0028633088534241102 -0.0037747381242185436 -0.0056098424134502847 0.0016005305673886267 -0.0023256430629286593 -0.0048785695864897718 0.0018523473314497427 0.00057384453285871397 0.0019561749462169977 -0.0018523800668491797
0.0036612764611689969 0.0031409239263592488 0.0071213567354287098 0.0026319789967869673 0.00063385439031253066 -0.0038617865464336916 0.0087430006937545789 -0.00034688221923251904 -0.0018078094635878175 -0.00014574979264710933 -0.0013772728406718595 -0.0014650428684437394 0.001599386840455715 -0.0022845873991374777 -0.0095837637374742088 -0.00065001847063568671 0.0015178181817867048 -0.00014041692905667814 0.0018298995928418529 0.00095390292882891717 0.0076932230649855568 0.00060672972781575501 -0.003817418827686572 0.0026737832255913211 -0.016213551091313921 -0.0011128345797954409
-0.0051409760830133586 0.0053124709929507456 -0.0017884657756806008 -0.00025199105477615694 0.0012501181822145019 0.0012522036467289333 0.019441721539636518 -0.0029602163967558676 -0.0028431738718712012 0.0020084279068839305 -0.0034537871549730611 0.0020742395850007755 -0.011159859172344896 0.00287927314501515 0.0082025102311208877 -0.0051950499243973176 -0.0014758321608562218 -0.0016524642135680055 0.0087979614145070936 -0.0037016434572110625 0.0051947363970232209 0.0044897092988747406 0.0016327525123172122 -0.0029832131204931148 -0.018657706058079947 -0.0012717464082525887
0.007802325012284464 0.00031133023829752355 0.00052502497095327982 -0.00055139922914156287 -0.0015083137038174243 -0.001280278970746737 -0.0047635646686283641 0.0020216238842123424 -0.00013486285963047176 0.0015978996769363404 -0.0011387817658449679 0.00093996754534844782 0.0044633068909047981 -0.002065586626322162 0.002883951228655078 -0.0008109305843077856 0.0099691593211428085 -0.002702023424330147 0.0060371547950837405 0.00054140621654792252 0.0021584937458652654 0.0029375384611733681 -0.011645262524384246 0.0010623120561452809 -0.014648630442583372 -0.0020018592438126592
-0.0011288239520109919 -0.0061555328943488866 -0.0076225767724652418 -0.005964046847390627 -0.0025196735386591776 -0.0029762235771263975 0.0077549510384028473 0.0014410447141365685 -0.00085001752958941074 -0.003410273847006636 0.0013672126634485873 -0.003596848672762866 0.00036031220703655479 -0.00029411483646474382 0.00082423501177090238 0.0019036389474426101 -0.0020002062511198992 0.0059160805838225543 0.0081046302295566461 0.0054841119569536256 0.0028025735288198187 0.0022827462680294884 -0.0052386953317997871 0.0037819730865405283 -0.0018539213033897353 0.0015874451181737137
0.00077224616963245639 0.0059447327336669209 0.0055942145316916769 0.0021698193632434882 0.0010135987156853479 -0.0022136367529988227 -0.0026747229486722064 -0.0028202601952313322 0.0025996461564612582 0.0020571527069444544 0.0023220214118659386 0.0028514512047407635 -0.00033103267401545259 0.0010082037325830524 -0.0025682130282184763 0.00068204084213992244 0.001618761964006643 -0.0004724818619583766 -0.0088083460601916744 -0.00021736305160417323 0.00061685320328658689 -1.5159041037961205e-05 -0.0012987012250646887 -0.0043397207895362853 0.0011436737835322356 -0.0046347788909524568
0.0033953285276121983 0.0077127387783878804 0.0022053760498070333 -0.0034262481056943858 0.0022714461443633081 0.0022547213492707828 -0.0094895114857440621 -0.0025546626308370628 0.0036269361015255643 0.0049696678750447308 0.0052118415998368348 0.0057491276943860761 0.0046893304224986838 0.0049816450320418039 -0.013099601448801398 -0.0069032404213879043 -0.0041605904251361472 0.0017283711819101356 -0.00094119456928297917 0.00073968880286881305 -0.0047075226664637241 -0.0011250316557786519 0.0075248031464030373 -0.0085261891818567033 0.0034733586033817323 -0.005600588718355351
-0.0080164814172157175 -0.00039502184913303934 0.0021601889100190423 0.0013130205392166098 0.0015407666348209162 0.0017899568063901273 -0.0077280866091181772 -0.0010833731677848712 -0.0022715772134631047 -0.0041888289346520974 -0.0010967080328029384 0.0024752851019913275 0.0028649611228971309 0.0031780113287146325 0.0059819709062713371 -0.00063140348330620712 -0.0027136487676897312 0.0003379881552780349 -0.002774287774379157 -0.0034228251633888446 0.009499578553247727 0.00018178921975908551 -0.0080332948609965378 -0.0019431481385048365 0.010586618548409855 0.0023885495854202715
0.0042179816408186022 0.0014753899361100368 -0.0006588465805957653 0.00085399678870219696 0.0039826444127748547 0.00043912611852676173 -0.0062425668971333248 -0.0051465149072692142 0.0040536212161958419 0.0020413037329963068 0.0033018231973858587 0.00057715641975770472 -0.00052852997873933114 0.002888450572447934 -0.0069265083506170879 -0.0011846467959777983 0.00027136102656640741 -0.0010728492203187386 -0.00021615846187232504 -0.00081106539326571288 -0.00077653111141991974 0.0012421894651264921 0.0007450087126463971 -0.0031384787972427277 -0.0012232988260101932 0.0018359420804063553
-0.0011721117819446739 -0.0062133065791496857 -0.0039081457476619948 -0.0016251135437852231 -0.0029043220860177736 -0.0012202548189804831 -0.0020336279655241646 0.0012344152421126032 -0.00097673247998380239 -0.00273699781324197 0.0038671665423498183 9.6571137488951099e-05 0.0073939054899318677 0.00047210503658723385 0.003532552675534172 0.0038965346008452187 -0.0056263159206056922 0.00012860390353770204 -0.0058272685968342956 -0.0016421987322548285 -0.0043056090209980229 0.0011289178501128763 0.0045474943974274009 0.0036481474808488052 0.007413014494326681 0.002832576235879139
0.0022277757749838457 -0.0037578400179192136 -0.013247272240511697 -0.0029196478687407669 -0.0041585076854677855 -0.0061869999034627442 -0.0005676021561477222 0.00040604707162841423 0.0025280738361059094 -0.0020432352277277629 0.0042834564059473597 0.0018046516176780361 0.0087430112953083578 0.0011326580677551862 0.0085238316288148621 0.0015701475782829589 5.3525143277263765e-05 0.0034648846160703507 9.7604647749047701e-05 0.0036210991216816912 -0.00082043744834776975 0.00067880849133120091 -0.0070224827344306743 0.0011118496214666338 -0.00064097646728088296 0.0011175768319563878
-0.0018252191351448878 -0.0031110624075470447 -0.0069808913138059252 0.0017156584391049786 0.00091739914738181222 0.0098031350155150087 -0.017229953075853118 0.0034001811601313929 -0.00067697667945309375 0.0043804162176206609 0.0022390295154009767 0.0019760567573908388 5.7041577188145232e-05 -0.0028740770833573805 -0.0011548664628956305 -0.00039838537125965715 0.0087531434972949393 -0.0047555996886104344 0.011040555415283877 -0.005834516070920474 -0.009158031826689339 0.0012769413964438731 0.0022142963724536809 -0.0034712099523765902 0.011804472968838863 -0.0021075384121348739
0.00056698633143695623 -0.0013047930634519436 -0.004416497833920458 -0.0040511915211031034 -0.0037649175497637931 -0.0023253894435742062 -0.0068379858044085506 -0.0029476708175331131 -0.0026501149622861282 -0.002307514836457802 -0.0027529265554706197 0.0031488769232676391 0.0037166632496178471 0.0014779147601711828 0.0064858768258365456 0.0026160470298440181 0.0085723349793647985 0.0026152695987601785 -0.0019419851108286429 0.0064751318743727533 -0.0037744477801906475 -0.0054967787804904057 0.003808608842266548 0.001565104341290349 0.0029884053683463781 0.00053499393490410996