C:/Users/vmc04/Desktop/Wing saga/Lab reared wings for landmarking/13/SJU/SJUFC/coord_Jul18_Format - {Aligned specimens} - 1 16 26 0	from C:/Users/vmc04/Dropbox/Homework/SJU/SJUFC/coord_Jul18.txt - TPS like internal (simplified) format - can be converted to other format by using TET	
-0.67627896918727926 -0.09697215657616326 0.22897754849651925 -0.076485860736426076 0.25162815312927328 -0.041130696633266309 -0.026760313613667801 -0.096968902313177313 0.25854820543302415 -0.0093596611732897263 0.25301190324898448 0.017185002904617962 0.20979660679960285 0.042138862426435705 0.0018599756438067324 -0.0039590508223113592 0.13201126088854725 0.062713191027025481 0.038825868723577739 0.081996358236936837 -0.32400950361499542 -0.0400800559990327 -0.092709817493471222 0.086912147964438052 -0.25490091845392193 0.074010821694213094 
-0.65738441149140636 -0.099484765794395816 0.23719255542753159 -0.070632663782659311 0.25680618591864818 -0.044651863093276657 -0.041033807600220677 -0.099361274061032762 0.26312798353508021 -0.012473152004829168 0.25302802127295348 0.014535833491900272 0.21348492698323487 0.041460189089028966 -0.018760942434424523 -0.0067354781721767976 0.13893462713118768 0.066947611158300002 0.037645802508062758 0.081222256258497189 -0.34149989374007039 -0.046282517476605688 -0.09477086210524617 0.092645720593896211 -0.24677018540532983 0.082810103793353407 
-0.67108257960225692 -0.098648541830306177 0.23891342910022495 -0.062103079635126172 0.25138056994941793 -0.03235982393212624 -0.028741874312759194 -0.099355902509422139 0.25303300341020096 -0.009135003278610122 0.24109583647924968 0.012363357373029028 0.20923295839883027 0.035120989109908511 -0.00058250965141917342 -0.0034481324337147781 0.14359266052684622 0.055212025594119425 0.052397081540133228 0.076117900621459261 -0.34309741244810077 -0.041817657433033964 -0.099179631354320397 0.086374393595131466 -0.24696153203604584 0.081679474758691695 
-0.670090648687239 -0.09206464797783194 0.23783005862506168 -0.067279060674926533 0.25635260891645434 -0.032225289223191629 -0.026847924769301375 -0.10036053415788866 0.25444296441769071 -0.007867405186510525 0.23915443951871573 0.018061891439666598 0.20958256986743018 0.035472861335398599 0.0034725777516673973 -0.0014943857418070377 0.1473264054570089 0.054945476085603899 0.04317027124846818 0.076065503603160056 -0.34174660422980663 -0.043356417686627145 -0.10467956142682046 0.084357683127766259 -0.24796715668932989 0.075744325057188602 
-0.69907603230167592 -0.10193418792865451 0.21904826544702019 -0.070399048267122871 0.24373361483143421 -0.03987082596068893 0.0049667636717781885 -0.08481556001834796 0.24858333007856898 -0.014077916569094935 0.24233140002835396 0.014306244899399079 0.19966503159381052 0.037142188241773094 0.020737871752657275 0.0028137741317387373 0.13708936532301291 0.059942601995937095 0.041170629049401254 0.075307257471176281 -0.32090596217747502 -0.041531232243900554 -0.089793255871113808 0.085974734142340387 -0.24755102142577309 0.077141970105445254 
-0.66113992127025711 -0.09710275233450226 0.23538992026377106 -0.07297222461158151 0.25484566278145659 -0.040484940042511498 -0.022619977377728012 -0.099413168246380273 0.25625988880840067 -0.014186304726767072 0.24608818602524099 0.013865715057298663 0.21558039155207706 0.03509891538132702 -0.0043188363359891544 -0.0043181097524975865 0.14217074463739277 0.064290908888708462 0.042688568034548915 0.085088657419272962 -0.32680294518441494 -0.038595348171466239 -0.10581189024907632 0.091190458905902688 -0.27232979168542176 0.077538192233197106 
-0.66063036077544968 -0.099668094895970186 0.23262432853779283 -0.075396145756916527 0.25291179887992332 -0.041504496697572911 -0.025324408611378583 -0.099986818763419971 0.25843774613435022 -0.0078173284129035691 0.24411250378463381 0.016909940536792605 0.21474095545269783 0.036912627984407025 -0.011789770171720726 -0.011213199462524494 0.14596091720320387 0.061667216122741737 0.047586637054673968 0.084882817529875962 -0.33366067901725865 -0.041987138582468359 -0.1017190783970327 0.092020602685206218 -0.26325059007443574 0.085180017712752423 
-0.67985800033626675 -0.10036900230076728 0.23599176913037806 -0.066615907431719634 0.25061705381181687 -0.035385140765218953 -0.031039994592631664 -0.10129382076209129 0.24677439837985138 -0.0080842654783370195 0.23740110128288408 0.014397412714824684 0.21018407269614078 0.034466103113611882 -0.00072564762034665073 -0.0082291186337320466 0.14451087104983104 0.062377630034065178 0.057426547314795601 0.081362207338359124 -0.33021216618132931 -0.043813283915776685 -0.096928339104418434 0.089892763698706982 -0.24414166583070523 0.081294422388074494 
-0.67411257590061446 -0.10622637126108722 0.23170177332781389 -0.077359058044351364 0.25081924565452851 -0.04544614249915524 -0.019235281998909257 -0.10057707665740562 0.25761703609159997 -0.019945611957778778 0.24470309795242984 0.012738708335948173 0.19690793243057278 0.041978955463346401 0.0090839570240274538 0.001276629916225507 0.12482948177352191 0.069823620921501448 0.054799522613556577 0.087070344132163247 -0.33670016362298105 -0.045038536861082286 -0.096718910833928418 0.095528845104956503 -0.24369511451161865 0.086175693406719683 
-0.67156657716196066 -0.10644435362575969 0.23742946110274055 -0.067496672345586581 0.25245898080711909 -0.036694183385379088 -0.036321319094945022 -0.10068998988395909 0.25705397290589099 -0.0087999993268880541 0.23888689126577548 0.012000278774119553 0.19916625493061701 0.036164104226652567 -0.011839805413015289 -0.0042803275747859302 0.15407442419924933 0.058081198557896362 0.054802308395163549 0.084763591954311213 -0.34038659305704194 -0.035878660729711319 -0.09217190889777982 0.090278895995286018 -0.24158608998181386 0.078996117363803978 
-0.66932612832388416 -0.094308451355177167 0.23431951650267763 -0.072203871605135417 0.25534645455415378 -0.039488277605400829 -0.023492787958456069 -0.10583771145680526 0.26157040598997816 -0.010180271881080113 0.24397500262681612 0.016830359641048318 0.19885468868227049 0.043307475589984601 -0.016254805019095812 -0.015198223592081861 0.14440080253347018 0.068318700416904354 0.054395722710587804 0.080708893746741256 -0.32832392059069537 -0.043458831602040254 -0.10143940508739593 0.089436714221018176 -0.25402554662042603 0.082073495482023986 
-0.66387101173579677 -0.099641849516335423 0.22942928256306838 -0.072113302858051231 0.25349604098101719 -0.037138157147134282 -0.03693007844622509 -0.099804377968108413 0.25985543957090379 -0.0086429112758155315 0.25159438092730363 0.014831225871702151 0.21093711807842086 0.040933123638123091 -0.012407473045313359 -0.0098576068252698781 0.14193765668344344 0.063081948964602091 0.055230835460403929 0.078750874451482891 -0.33691002226259364 -0.042367924220635088 -0.10066104055834953 0.090990961625119174 -0.2517011282162821 0.080977995260320623 
-0.66859254162397019 -0.089022572093712671 0.23405482919790205 -0.069151969884598957 0.2573418143983392 -0.035481072258508696 -0.02760275198514988 -0.099442873241143384 0.25644088705613699 -0.0095280293669598795 0.24877474973854607 0.018673962793802377 0.20641835953730583 0.038984585801423402 0.013173646280944406 -0.0026878539842937967 0.14124044088818499 0.061751027746061053 0.03763513898979301 0.07420363684974389 -0.3394230198564297 -0.044160162274792358 -0.10775429243708923 0.079473927556140064 -0.25170726018451406 0.076387392356838404 
-0.66855489519067657 -0.092671834232039313 0.23076363834282085 -0.065949685341994899 0.25430900602370154 -0.038591749651127119 -0.033145098939635395 -0.097172062655882602 0.25802468168740633 -0.0062013428040868721 0.25248186278270052 0.017599198751060464 0.20621803822544127 0.04221028066225628 -0.011029789545958544 -0.012565649556739372 0.14897774604139266 0.060083196195240995 0.048767664337311646 0.075991150019807774 -0.33430206224886611 -0.044423915250236673 -0.098909774621760885 0.084383138007023337 -0.25360101689387815 0.077309275856717929 
-0.66016946829064549 -0.10082957452999196 0.22903102076001552 -0.075900521656954753 0.2584385730394787 -0.038772601051952564 -0.035687892327026405 -0.096578061501521165 0.26545404240379722 -0.011207838043571731 0.25426682589360666 0.018641644317302447 0.21709913613269283 0.038667234884938242 -0.01654616192221264 -0.0075289635509842483 0.14075965603294491 0.061618320666035946 0.037356996740094378 0.079717114284381663 -0.33428884287512439 -0.038191706495627309 -0.10720166889155534 0.08833228861792887 -0.24851221669606652 0.082032664060016969 
-0.66196692753912545 -0.11044114414330523 0.23098666266230727 -0.07188562517182534 0.24709123879161118 -0.042467988824352411 -0.047169467559916183 -0.097709117670338713 0.2564316631287657 -0.013817913694272193 0.24777324637131898 0.013530421107812161 0.21446852778051628 0.041044723119658781 -0.0051531267505766426 -0.0012826948247096129 0.15275618553675097 0.061076588278331449 0.051868294551149489 0.082032912493829671 -0.34012450427872526 -0.042071061029570915 -0.10101423306989241 0.094496787161643808 -0.24594755962418299 0.087494113197098489 
