C:/Users/vmc04/Desktop/Wing saga/Lab reared wings for landmarking/13/SJU/SJUMB/coord_Jul18_Format - {translated and scaled (first one is consensus)} - 1 21 26 0	from C:/Users/vmc04/Dropbox/Homework/SJU/SJUMB/coord_Jul18.txt - TPS like internal (simplified) format - can be converted to other format by using TET	
-0.69684716159068949 -0.017927381557217278 0.21794501702347663 -0.08923851957364369 0.24000887738291404 -0.064724136094331086 -0.024263223780105411 -0.084281415615464525 0.24877905022930258 -0.041734751363288497 0.24442142064778744 -0.014059398985649479 0.20966449118703567 0.012308321307014061 0.0073338808173900099 -0.0023467679392987764 0.14494413920870522 0.042651563467822735 0.057344229866049194 0.067330687997210856 -0.32547164121216926 -0.0030549256476100385 -0.080430769575341649 0.092716826199840369 -0.24342831020435618 0.10235989780461559
-0.68451925061183905 -0.14988172439047331 0.22410159357081527 -0.050639156457901895 0.25056627835283407 -0.016455605281127158 -0.019594045463610297 -0.090336183630930392 0.2516689735520849 0.0089063843016409759 0.23843663116107572 0.035371069083660091 0.20425307998430101 0.054116887470923587 0.012384115314662726 -0.0010178724916161061 0.14250214882625653 0.068451925061183916 0.048773056889938923 0.075068096256688713 -0.30960288286656912 -0.059460718051908154 -0.097885404610416601 0.072862705858187063 -0.26108429409953421 0.053014192271672866
-0.67855455564313927 -0.14973005477242865 0.2292768810659048 -0.046205417252976354 0.24292848161792049 -0.018902216148945085 0.0097136388543188554 -0.086022585529688667 0.24975428189392834 0.0038504514377480036 0.23951558147991645 0.026603119024440833 0.19856077982386949 0.050493419990468302 0.010851272233653498 0.0015751846790787206 0.14395437761580659 0.070970820818491806 0.042705006855023604 0.078934254473834356 -0.3213376745320618 -0.067820451460334372 -0.099499165561806699 0.082347154611838405 -0.26786890570333366 0.053906320128472344
-0.67496838066156362 0.068611995814506277 0.21145433945810641 -0.12283760540984186 0.22805401586484178 -0.09959805844041239 -0.04639396739318357 -0.092958187877718229 0.24244040208401246 -0.073038576189635704 0.24022711189644774 -0.04537244884507665 0.20813440417675919 -0.015493031312953067 -0.003234808735671437 -0.0055332254689118348 0.15390879458142359 0.024346192063211855 0.072017057641529145 0.065292060533159141 -0.34629478780820278 0.0409458684699473 -0.069633514362612892 0.11509108975336534 -0.21571066674188419 0.14054392691035961
-0.63483531382144864 -0.2890434296742147 0.21812958763748613 -0.012253494763699435 0.24863296821946146 0.039715227709295253 0.013643962254615645 -0.086817313964083084 0.24637345854672255 0.063440079273053673 0.22829738116481108 0.087164930836812191 0.18762620705551097 0.095073214691398344 0.013643962254615645 0.0013035632727339962 0.12548969105519109 0.097332724364137202 0.027201020291048917 0.088294685673181675 -0.2970386177469832 -0.13426701709160002 -0.1128885794187628 0.055531795418467526 -0.26427572749226902 -0.0054749657454827442
-0.70098446688725202 0.036614037569039352 0.20791542762418794 -0.10504741731117265 0.23171455204406355 -0.08578145944746382 -0.030075816574568152 -0.081248292891296967 0.24304746843448063 -0.063115626666629843 0.23964759351735568 -0.032516752412504055 0.21018201090227145 -0.0064510447145450459 0.009589390791891278 -0.00078458651933653568 0.14898426239401991 0.032080871012872568 0.061720806187809341 0.064946328545081769 -0.32586493436445058 0.024147829539580737 -0.067474440662943863 0.096678494438249288 -0.2284018534068647 0.12047761885812495
-0.68192818961900881 -0.15169144097737464 0.23714884135982395 -0.042728700191224447 0.24899261753223131 -0.019041147846409177 0.0038264507633933068 -0.088919427263614237 0.25136137276671311 -9.1105970556943627e-05 0.24425510706326839 0.03070271207770291 0.19924875760811919 0.049652753953555132 0.0050108283806340028 -0.0012754835877977072 0.125817345339192 0.072155928681129772 0.041726534515097745 0.080446572001815125 -0.31358675065713137 -0.06286311968431732 -0.10513629002275703 0.076893439150092807 -0.25673662502957484 0.056759019656999921
-0.69578978107596146 0.038076348755813359 0.21206648051444052 -0.10509413748521576 0.23204375766435142 -0.090666103988057786 -0.016562357978986017 -0.072908524299248031 0.24314224496985745 -0.06846912937704544 0.24314224496985745 -0.04072291111328024 0.20984678305333918 -0.0085372979273124587 0.0023050704403742837 0.00034149191709251096 0.13992631302865027 0.033636953833610872 0.066676296812309757 0.06804226448067982 -0.32732000253315807 0.026977861450307162 -0.076494189428719342 0.099118028936097127 -0.23298286043635591 0.12020515481655882
-0.69433073347822805 0.10008146086440312 0.19899821644858862 -0.11946548445659419 0.22603601759649469 -0.097835243538269362 -0.043260481836649614 -0.079449538757693214 0.23793265010157325 -0.079449538757693242 0.236851138055657 -0.059982321931200851 0.2065688007700022 -0.0232109123700486 0.0086520963673299284 -0.0026621834976399733 0.15249319847419018 0.013560497191103702 0.069216770938639524 0.052494930844088461 -0.3212090776371242 0.049250394706339698 -0.058401650479477152 0.10548902109398429 -0.21954694532099733 0.14117891860922027
-0.67423752757863298 0.16686190574264773 0.19079631948599815 -0.14097539442448512 0.21617358795855723 -0.12111492344596037 -0.048632691755105421 -0.071463745999648623 0.22941390194424036 -0.10235781196624263 0.23162062094185421 -0.073670464997262541 0.20734671196810181 -0.043879758529475524 0.015362159175696444 -0.0085722545676538316 0.14666193953372081 0.00025462142280164863 0.074943572111270423 0.045492360873885598 -0.31564569046638169 0.085213302830935048 -0.050839410752719139 0.10286705481184581 -0.22296349256659984 0.16134510824861295
-0.69422078721214242 -0.15557110699346555 0.23187253657387469 -0.038674523231259979 0.24889631090817646 -0.01484123916323743 -0.013269813840071077 -0.092015682812072161 0.25116614748608312 0.0055872900379246755 0.23641220972968824 0.029420574105947225 0.20122974277213135 0.053253858173969652 0.0060237970721376084 -0.001222219695796037 0.12632513570120346 0.072547469086178401 0.044611018896554978 0.080491897108852573 -0.30267397752320124 -0.070452235321956547 -0.088174420910998919 0.077087142241992146 -0.24819789965343564 0.054388776462923102
-0.69363388900100975 0.1300913357238781 0.18158415699380898 -0.13496876134106112 0.21276769782497829 -0.11625863684235947 -0.034621726102298245 -0.072601679678722372 0.23043837096264089 -0.097548512343657884 0.23667507912887475 -0.067404422873527547 0.21068879510290045 -0.037260333403397169 0.0090352310613387946 -0.00087953576703296652 0.1535189702457567 0.01159388056543482 0.072441764084716517 0.054211386368032889 -0.30903688541658819 0.06772425406153959 -0.056450204684116739 0.1082628571420597 -0.21340736020100226 0.15503816838881368
-0.66584284180349129 0.19108887339468872 0.18723821599630699 -0.14367765417711478 0.21122460270705914 -0.13012013125364605 -0.045325446460117207 -0.074847153181043014 0.22478212563052793 -0.11134817643653563 0.23312521666035493 -0.08423313058959829 0.20288151167723262 -0.048774993712834031 0.0078617588550292123 -0.0091453113211563148 0.15386585187699953 -0.006016652184971296 0.074606487093644189 0.044041893993990028 -0.31230435941457724 0.094100440172951258 -0.057840083004857434 0.1128723949900618 -0.21427303981411144 0.16605960030520817
-0.62998006323508582 -0.2974591680984337 0.23525287819191715 0.0090481876227660116 0.24882515962606611 0.039585820849601411 0.020358422151223503 -0.087088805869123209 0.24543208926752896 0.061075266453670771 0.23299083128622552 0.090481876227660407 0.18661886971954966 0.10179211075611802 0.010179211075611767 0.002262046905691479 0.11084029837888409 0.098399040397580684 0.0056551172642287139 0.078040618246357205 -0.29067302738135919 -0.13572281434149064 -0.10970927492603844 0.047502985019521687 -0.26579051141875271 -0.0079171641699202887
-0.6155904251141322 0.30740530222952994 0.14473471358143278 -0.18021655338722573 0.17312018542606719 -0.17514771912925528 -0.073225159511295879 -0.051468163234776709 0.19745058986432515 -0.1589274495037499 0.20961579208345418 -0.13662457876867998 0.19136798875476063 -0.093032604150134299 -0.0012477130481157945 0.005302780454492141 0.15183108154259126 -0.037275427312459537 0.092018837298540143 0.026591884337967959 -0.29524010001040096 0.16446417615476375 -0.015440448970432978 0.11580336727824757 -0.15939534189679325 0.21312498503127983
-0.69605150741918342 -0.02585544567349975 0.22934434880639137 -0.077975442173560783 0.24423577637783739 -0.052447280622510507 -0.024873593306151603 -0.085421155959283873 0.25061781676559997 -0.03649217965310398 0.24423577637783739 -0.0088366713061327345 0.20807088084718262 0.017755163642877977 0.0027819150408194804 -0.005645651112251562 0.13999578337771504 0.045410671989849181 0.054901911540880644 0.064556793153136879 -0.32908418512283483 -0.01415503829593498 -0.083375630193975314 0.086893934510306026 -0.24079929309211906 0.092212301500108049
-0.61739651264219686 0.31602415602102624 0.16420120017079695 -0.17657944449136481 0.18937871753031915 -0.17001139648453295 -0.066775154736124179 -0.055070556364975022 0.20908286155081479 -0.14921257779623198 0.21455623488984135 -0.12512973510451508 0.19485209086934571 -0.089005471066939776 -0.0043786986712213011 -0.004715521645930627 0.13792900814346942 -0.028798364337647524 0.075532552078566476 0.023746019717007526 -0.29008878696840823 0.14963360651461863 -0.035029589369770187 0.11131999314143262 -0.17186392284543436 0.19779929189805234
-0.63954983418776079 -0.26266326785681438 0.23373005348561343 -0.008638032116619402 0.24790313530802774 0.024069079781259797 0.0015095590106713262 -0.093676523051105243 0.24790313530802763 0.05132500636282572 0.23591052761213871 0.079671170007654279 0.19230104508163329 0.094934488893331379 0.0091412184535099271 -0.0020966097370435492 0.11598445065324853 0.094934488893331379 0.033126433845287857 0.087302829450492767 -0.30702752989265558 -0.12638363494898458 -0.11078485850538039 0.053505480489351019 -0.26014733617236202 0.0077155238323201132
-0.62258601716543183 -0.3198873929340722 0.22768507466208557 0.0089910482444958313 0.24487384336479831 0.050244093131006112 0.017982096488991652 -0.083828302750152281 0.24372792545128413 0.078892040968860461 0.22768507466208557 0.10410223506617236 0.17841060438097606 0.10181039923914388 0.011106589007906608 -0.0013222129771318042 0.10965552957012573 0.094934891758058845 0.020273932316020132 0.08232979470940302 -0.28912390433280705 -0.15029154173397438 -0.10692295608405331 0.050244093131006078 -0.26276779232198105 -0.016219145852816048
-0.68790585741321197 -0.060330792982344381 0.2245552560027205 -0.076761665372787391 0.24536769436394826 -0.048281486562686333 -0.029575570302797418 -0.089906363285141705 0.25194004332012543 -0.025278265216066138 0.24755847734934067 0.0021065221013388609 0.21360134107575865 0.026205134940655274 0.0010953914926961118 -0.0077520013329268542 0.1467824600212905 0.054685313750756408 0.050388008664024979 0.075497752111984159 -0.32314049034537828 -0.024182873723369799 -0.090917493893784548 0.087547058531642269 -0.24974926033473313 0.086451667038946148
-0.68913266533841311 -0.034422551532729828 0.22246851993058803 -0.085374744148008164 0.24240633443221868 -0.065436929646377498 -0.015677597727777864 -0.089805369592814974 0.249052272599429 -0.034422551532729828 0.24351399079342037 -0.0067311425026872337 0.2147149254021761 0.01985261016615358 0.007583185857457873 -0.0045158297802838912 0.14050194920166204 0.048651675557397828 0.051889440305525912 0.071912459142633653 -0.32692903522545641 -0.010054111586292372 -0.087675261205888491 0.091850273644264208 -0.25271605902494221 0.098496211811474443
-0.69794053056074579 0.086517444063811288 0.20054809830883458 -0.1235608324704431 0.22209458820978387 -0.10632364054968382 -0.035385966106558725 -0.080467852668544768 0.23286783316025858 -0.082622501658639685 0.23286783316025844 -0.05461206478740583 0.20485739628902452 -0.022292329935982007 0.01524828516067174 -0.00074584003503284165 0.15314582052674647 0.019723325370868867 0.066959860922949796 0.060661656182672295 -0.31764498380899292 0.046656437747055336 -0.056932456007507952 0.11237323194495026 -0.22068577925472174 0.14469296679637408
