C:/Users/vmc04/Desktop/Wing saga/Lab reared wings for landmarking/13/SJU/SJUMB/coord_Jul18_Format - {Procrustes residues OP} - 1 21 26 0	from C:/Users/vmc04/Dropbox/Homework/SJU/SJUMB/coord_Jul18.txt - TPS like internal (simplified) format - can be converted to other format by using TET - Orthogonal projection of the preshape data to the Kendall tangent space
-0.0046962579085186402 -0.0012457388259604642 -0.0064611937159196157 -0.0034750059626015434 0.0030265699894837109 0.0016930106102476484 -0.011546072659062953 -0.00018424486135692824 0.00028719085069483239 0.0031915532503926447 -0.0037508446755136109 0.0038748223095526643 0.00095941690937574814 0.0022394990672968381 0.0048894016811246001 -0.00039297206643919416 0.0079027906985748402 -0.00210310512596374 0.0044234335926187519 -0.0032877467662964692 0.010359663140083001 0.0035440239124053781 -0.0022259484567161217 -0.0028891475409376388 -0.0031681494462250559 -0.00096494800033893047
0.0010852287705536883 -0.00071026830260713294 -0.00073302125022184925 -0.00051997698334206382 -0.0050398041345822379 0.00016779920259232697 0.017873094724789197 -0.001250028243731775 -0.0025785070383649343 -0.0019582059131549468 -0.0042945519097304678 -0.0054531664854439452 -0.0052482853579706584 -0.00072333197059495458 0.0038517876474285953 0.0024115687710944888 0.0098926584924617575 -0.00021224524854690909 -0.00069028982243904738 0.0015012264939933562 -0.0027424466464807968 -0.0018554952358624728 -0.001890991910340105 0.006914197638092443 -0.0094848715651031177 0.0016879262775111176
0.017301613188428377 -0.0048501012436983895 0.0090820585000880565 -0.005015280150268614 -0.0004689717991458401 -0.0033105809239834952 -0.0087893852014769118 -0.013504653381236626 0.0016271304869347452 0.0017778980024673093 -0.00027628330893486684 0.0011343645026153982 -0.001341357094512198 -4.2245650114750255e-05 -0.0095259050251528289 -0.003081394039452531 0.0044053499780085685 0.0021676354916115017 0.0050156339116576515 0.0065349582997681361 -0.023205486295221015 -0.0022218277396296943 -0.004334193555063386 0.011935026612479577 0.010509796214391215 0.0084762002194423008
-0.0016639458060638979 0.001319741621785789 -0.02126637373293928 -0.0088029049086060882 0.0042448356986877472 0.0036557389565551927 0.0030669153505883326 -0.00023704597294911089 0.0029257152807613852 0.0031648284641272299 -0.00037919399088832528 0.0042992072881350308 0.00010746090335775858 0.0010718254307387006 0.0059805638704761872 -0.0012274199447934071 0.0087554226496331655 -0.0024206245660941747 0.0021187958958454513 0.0026173378560664477 -0.00028360412824254356 -0.0029103768656024362 -0.0017686136216751467 0.0026262967863103152 -0.0018379783695415099 -0.0031566041456735222
-0.0057120936798486883 -0.0029964565644636384 -0.001375587677192485 0.00057631675226362065 -0.0020991404679742793 -0.0017987581282918387 0.0012766516955425738 0.0015438706887041429 -0.0012227005141694776 -0.0014732375826352446 -0.0031172437895931331 0.00096220907672956661 0.000178362216263858 -0.0019315321510008526 0.0025149716063503076 0.0029138373612564972 0.00091896090868197875 0.0014396329028559026 -0.001379157048562923 0.001830778320568007 -0.0010547934369953584 0.0013443961276543238 0.005143091390053694 -0.0019244248829696417 0.0059286787974441243 -0.00048663192067109617
-0.0025492183864285894 -0.0011303346786818351 0.0075117596697465931 0.0011770384682183348 0.0007892650728747821 -0.0013807838465846635 0.011445062567905884 -0.002993415484827087 -0.001805961705434221 -0.0064374129486782809 0.0010723997441000823 -0.0026031633055322908 -0.0047323060686862584 -0.0019377960329912374 -0.0024158556290878584 0.0006745566271612667 -0.0076737106473823711 0.0041001242677708542 -0.0012900215046152551 0.0030893706755536271 0.0058144405360327934 0.0020034157379355839 -0.0083036543936599906 0.0026904835942923632 0.002137800744635595 0.0027479169263644465
-0.00074456830526920762 -0.0037680609567078147 0.0031471144569372202 0.0017212016224739512 -0.0010154146936696036 -0.0057311423450717687 0.014284994649857391 0.010978105114553735 -0.00041811930206466039 -0.0058526077602144557 0.0012171393102893757 -0.0059630687844438226 3.9988581621461412e-05 -0.0032288112802262171 -0.0048404111425398421 0.0034042124839050391 -0.0083817912016753131 0.002729968381652164 0.003016002192515215 0.0055986571881969207 -0.002824018164902747 0.0027710416724819531 -0.0044293984349583196 -0.00059029442748697876 0.00094848205385865154 -0.0020692009091127506
-0.0053936330410194024 -0.00048613662915534384 -0.000916172605409465 0.0040357936489623008 -0.00080384856613159453 0.0063953632700008197 -0.0046375768316283443 -0.00066183046500950017 -0.00071892616527753118 0.0033275236201370374 -0.0010011688993605368 -0.0054379295788922928 -0.002298527595266755 -0.00078271015251988566 0.001877818139727703 0.001741122975977702 0.0031230553956732065 -0.003644856717757113 0.0018421513715568385 -0.0045175256384453379 0.00078214921099365549 -0.0016315528893956178 0.0049354736085061371 0.0013837798815838547 0.0032092059776348165 0.0002789586745133299
0.0013120802701905741 0.0036758954231572811 0.0037402509344844326 0.0017697895408142401 0.0001893598706878977 0.0040107646293079738 -0.0037848586415110664 0.0032814617036856309 -0.00045471189779511473 0.0023696090930456081 -0.0017763418628590835 0.0028697687674072016 0.0018323741471512225 -0.0011318331910776787 0.0099832974169521988 -0.0013268535414078706 -0.0033296075514111078 -0.0043524737606665592 0.0030032436319091848 -0.0044911010074329093 -0.0013314053629989919 0.0041281994139861517 0.004471549208036522 -0.0066388333614998025 -0.013855230162836702 -0.0041643937093189531
-0.015602439534350792 0.00076726725283795096 0.0027255491969227423 0.0050488946169525888 0.0012236500741517448 0.0015802209192597332 -0.006359937430174753 -0.0027511754780423741 -0.0010988985215465261 -0.0020295733582304841 -0.0068958575360889823 -0.0035698827855510109 -0.0020059066836249748 0.00023239492546266665 -0.0014202707235011834 0.00051172911972598015 -0.0068415077086814938 0.0037331360659324259 0.0019078287174917031 0.0023302255833842671 0.015009907470820665 -0.0059665537957971889 0.0088324967954985477 0.00011831961654491926 0.010525385883083703 -5.0026824795490477e-06
-0.0094717253823383835 -0.0075086511890150188 -0.010335565559916216 -0.0036269839073949589 -0.0069054391167986569 -0.0020217223870934017 0.0067292857783123545 0.0065646626603662987 -0.002327075833151828 -0.0030535773072813037 0.0011334661979910217 -2.0587770626580287e-05 0.003950830417688022 -0.0027748740735197594 0.0018962312003698268 0.0040322564018880572 0.002313125451950295 0.002305367450548052 0.0012127665939447418 0.00087328933833720869 0.0092551090006639837 0.0022327488307607186 0.0014313019872056439 0.00046913043599836404 0.0011176892640792019 0.0025289415170326457
0.0031618166386304832 0.0061503150069832828 0.0038508207573246531 0.0055712093754109772 -2.6726106017186269e-05 0.0020048980936551546 0.0031271567980730147 0.00015829417295638545 -0.0010980794140414358 0.00071810276697194893 0.0029676013805547507 0.0013437704821928241 -0.0015333635127464983 -8.5031746511871097e-05 0.0031234135951669242 -0.0035352316732156146 0.0040167282587624149 -0.0035037717442941642 0.00094785174361278017 -0.0040098697131037029 -0.00052343619180544951 0.0027008375186938953 -0.0080004557620359743 -0.0017748490881560491 -0.010013328185479039 -0.0057386734515825766
-0.00085478132121900256 0.005025978881291129 0.0011284239337309974 5.3386812922183013e-06 0.0031648801475763085 -0.0012132453956075083 0.0074671038384957374 -0.0027787428285409102 0.00033855905229637426 -0.0034312514433453849 0.0050409104510919078 0.00075434162593539386 0.0021415605606692717 0.0035992024193451408 0.0031191719404344799 0.00080155618109398002 -0.0034575490226740014 0.0015338229339698104 -0.020389942683842067 0.00080810961190447663 0.0048602427003437802 -0.00057132749600273948 -0.00027181308463728902 -0.0044429791274023592 -0.0022867665122674433 -9.0804043933051526e-05
0.008237121484039097 -0.012836564195507527 -0.0029720476328582339 0.0011259900432973513 -0.0034723063794515996 -0.0041507774748897851 -0.014376811557713554 0.0042609217637133573 0.0013239357418428073 -0.001301684249173675 0.0051310908744438104 -0.003632331840209402 0.0027303038229229992 -0.00089895364393994626 -0.010795796948136663 0.0068569163132869773 0.0059437521272419453 -0.0014022261228902378 0.0099315718397657363 0.00014098367383952803 -0.012444616120873719 0.0039901556839049088 0.010433392580895665 0.00099744121863774154 0.00033041016788191643 0.0068501288299306351
-0.00068502475156250603 0.0076515778669817318 0.010347986212499195 0.0052216675937253702 0.0029201815503331016 0.0068486930133313962 -0.0021730308113305438 0.00010775908342075459 0.0011414803742322128 -0.00054810796826641143 -0.00060738742733859249 -0.00053497696932422564 -0.0013988770896015651 0.00037863339265387021 -0.0044167446288788945 -0.0028372703943306335 -0.0039334798967196154 -0.00048696474666263954 -0.0011981574879488407 -0.0046290578402005287 -0.0036393767296857369 -0.0028495274860910694 -0.0011020024588401756 -0.0040428820635329222 0.0047444331448412494 -0.0042795434817047007
0.0019920573392866814 0.010148653482561514 0.010391948426537883 0.0084629570273468506 0.0067817812252059821 0.0024672455523082138 -0.0088859020414957662 0.0050550970977019608 0.0059524490054485681 0.0068568370349152931 0.0036178284708388081 0.0029457619404608549 0.0041450886122967818 -0.0007233307446592995 -0.0087457294227739138 -0.0033693742034228628 -0.0093667875778531782 -0.004037148379824918 -0.0016804321342441873 -0.011738072184466498 -0.0008497800968751924 0.0013100356576847406 -0.0025120278185447108 -0.010551417187145111 -0.00084049398782923366 -0.0068272450934616924
0.0045855643944512289 0.0031956774156199092 -0.0022030688869184379 -0.0039810242041486664 -9.254232784048624e-05 -0.0020766340652236767 -0.0076971352082027059 -0.0030163980456915846 0.0011480685232247044 0.00016347706638459718 0.004161659055011797 0.0031758373379294109 0.0037282774183951288 0.0066385853442123763 0.00069851273418061895 -0.0023478397954693245 -0.0025529830304216669 0.0040575482454655587 0.0047704934312420453 0.0016116771495167481 -0.0062498765473100633 -0.003431691256306435 -0.0037839917003740608 -0.0029918949058813041 0.0034870221445610682 -0.00099732028640810155
-0.0040551369346587115 0.0043642724313429559 -0.0086892509130716642 -0.0038477487804207122 0.0019763043807262443 0.0021913658841082252 0.0038848679460349199 0.0017883942824110052 0.0049662648239738386 0.0052489758444860396 0.0056442511394939844 0.0071823764455623438 -0.0048039506644449361 0.00025331767330830101 0.002324427570439009 -0.0031621772192755972 -0.0046454623653310644 -0.0057098212074212897 -0.0031289308985794021 -0.0029222432095716636 -8.1600227111817449e-05 -0.0038902846490138131 0.0063477546305398206 -0.00059212488137719505 0.00026046151198990493 -0.00090430261413892987
0.0054954060418695577 0.00085732068696782319 0.0021489086160650889 -0.0024192825538433081 0.0018062105926702422 0.0011806150480061636 -0.01052682493014046 -0.0029726948260123728 0.0012507573472764922 0.00052842402191778865 0.0026077538013000042 0.00037336572344342269 0.005004888287060175 8.9883257461430315e-05 -0.0064518773570824061 -0.0049482188574626147 0.0049879481926269672 0.0026779688418748478 -0.0025650525874668516 0.0042408885909385073 0.0016498019483243099 8.3781568603427664e-05 -0.004967820388678359 0.00026622466886475603 -0.00044009956382528399 4.1723829240641885e-05
0.006066950697800136 0.00055409908026082236 0.0031384968256709996 -0.0025669140091823671 0.00070850495451299641 -0.0066598856962859047 0.0067452410768791306 -0.0043843517423751144 -0.00048811924760837214 0.00097885172312866132 -0.001328880822552132 0.0010245409736708842 0.0053077541591483174 0.001872892727187762 0.000391533117996303 -0.0018036688243084325 -0.0032736220960650044 0.0024195328278889703 -0.0039285941991568157 0.0026507258226698286 -0.0014147141561227875 0.0019656102782783114 -0.0051023670612819023 0.0011773597657879211 -0.0068221832492211306 0.0027712070732786309
-0.0069734697249030017 -0.0084701562317117916 0.00060776742242268748 -0.0016086134460327529 -0.0037409682889896841 -0.0046853231321100711 0.0025609387539324703 -0.00012298337172090093 -0.0054726417625453067 -0.0027678876255818 -0.0059445568305299765 -0.0028875203498921866 -0.004002205649669798 -0.0019326316521331428 0.0080556782292058749 0.0046485111079430262 0.0031015139738967031 0.0012825463667316883 -0.0011874724417309615 0.0026648933155121067 0.0046260754859174785 -0.00082150109071589788 0.0060331831538461113 0.0090756103941071007 0.0023361576791476354 0.0056250557156049125