C:/Users/vmc04/Desktop/Wing saga/Lab reared wings for landmarking/13/SJU/SJUMC/coord_Jul18_Format - {Procrustes residues OP} - 1 16 26 0	from C:/Users/vmc04/Dropbox/Homework/SJU/SJUMC/coord_Jul18.txt - TPS like internal (simplified) format - can be converted to other format by using TET - Orthogonal projection of the preshape data to the Kendall tangent space
-0.0087358763976755245 -0.011962485380550473 -0.002026472198020852 -0.0003793465357387212 0.00065813787475591272 -0.0025963478969103582 -0.011456465396540947 -0.0001249742155959336 0.0027237521770289586 -0.0035330841189849852 0.0035099335744597348 -0.0019369295321071027 0.00355829958881714 0.00028585809256445409 -0.0072372399780612235 -0.00063593899469535512 0.0029000326200725431 -0.0012719581701828352 -0.0089679747396515831 0.0036537822509429773 0.022786851568449139 0.012284081179574163 -0.0062171897662072735 0.0009091341537147469 0.008504211072574052 0.0053082091679695631
0.00096788148223857316 -0.005978409896087126 0.0064206732091446027 0.0023017736421741008 0.0035248226776098731 -0.0010076011176824954 -0.016132897088486253 -0.00054227390648754672 0.0045073302063297844 2.5026183697439978e-05 0.0070984153601592282 -0.0017721030935116736 0.00097242857234660913 -0.0018460925004904227 -0.016515583347756539 -0.0025103923345541923 -0.0010186062657328145 -0.0016004802499052992 -0.0022408644567836885 0.00072816453120382377 0.011166580498507212 0.0077002748253749732 -0.0030918484024242548 0.0032237279509557022 0.0043416675548473256 0.0012783859653126006
-0.0040484034910598507 -0.0062319763436055834 -0.0021267116119112433 -0.005251319581454598 -0.0040230192789521791 -0.0041353591167712237 0.0094498704470988171 0.001655628229818617 -0.0070487422842048768 -0.0024886314166429318 -0.0066901301750045238 -0.0038393107365328662 -0.0074362197945088632 0.0025451628749957071 0.020954641445358548 0.0082129789009988859 0.0033830361460929692 0.00063347029723992854 -0.0009053011461365554 0.0006514910555019646 -0.0055620642134817343 -0.0042107953169501318 0.0073233986650527291 0.0055228062070187094 -0.0032703547083431424 0.0069358549463837821
-0.0046219885696132685 0.0024770851494959295 -0.0018269989466352225 -0.00073641325442402167 -0.0040960875039284163 -0.0043043893300861516 -0.0037995814116320394 0.0020599866770091898 -0.0022151707566014879 -0.00062865407094428341 0.001348206864894085 0.0046932729173050263 0.0013803481671132501 0.0046580220211125652 0.0080709315479867965 0.0017471780149237539 0.00079484292562700216 0.0021797981067179536 -0.0033781724673308941 -0.00035997234911492394 -0.0034405741390171585 -0.0044419677158744827 0.0071688048836588752 -0.0036382404046215872 0.0046154394054784388 -0.0037057057614989924
0.00076748971221126533 0.0043060463846744728 -0.0018097736449020207 -0.0025823663809664337 0.0094243383569292544 0.0089757784650632364 -0.0005060372713554239 -0.0069975689642872438 0.0092727707295697376 0.006421295738898632 -0.00029038648042114786 -0.0012009600826428889 -0.0057665946623318923 -0.0067448784574586987 -0.0021108390751574608 -0.00060727272782358272 -0.0086903952667820323 -0.0031589815363560311 -0.0057639782811046789 0.00030821824780532218 -0.0041604510070943033 -0.0063953460473528592 0.0027592064997286839 0.0062421773904411228 0.0068746503907100636 0.0014338579700046844
0.0034605833097422749 -0.006620293599742322 -0.0040253261659608328 -0.0029095467322159509 -0.0021751548252480577 -0.0024860293477836611 0.0088353060583972621 0.0022696113369387334 -0.00064878367452739878 -0.00020122562691772094 0.0010781888056997251 -0.0011386195554257527 0.0036382863285429846 -0.0012338044392880142 -0.0039905873022739232 0.00049135841561239542 0.00085541704525236568 -0.00032575448941982063 0.00033526928969340015 0.0011447911474634287 -0.010078826992589808 0.0049098548839998733 0.002102705880302268 0.0031084643937695187 0.00061292224296936198 0.0029911936130091465
0.00025128432930073344 0.0068558482848038232 0.00031016116183113962 0.000356797230620584 0.0023315548326174702 0.0033526228354642204 -0.00015456092326283254 -0.0041200953174567699 -0.00032262189891131814 0.008021658131589067 -0.00046607780183057987 0.0034180922552697265 -0.0043165745329552365 0.00045372458252518669 0.0010003072310405545 -0.0066621479544761025 0.0078328480609020576 -0.0025780537952177144 -0.0012667627672015116 -0.0036454729831472592 -0.0026781090399574281 -0.002272042658233493 -0.00065662332651526096 -0.0014794479511152057 -0.0018648253250575931 -0.001701482660626058
-0.001037811143488083 -0.0004800050433656207 -0.0026985292061876376 -0.00058695514278537457 -0.0059847079493888251 -0.0022254784684819012 -0.0018057847641967419 0.0063538432605711086 -0.005388174660669905 -0.0049671864110928032 -0.0038183985854105006 -0.0011267209618601999 0.0014172119302800128 0.0013549425985593354 0.011839168557515989 0.0014671381056057956 0.0056039531609821678 0.0042552049375546904 0.010000153095497786 0.0043194134442725973 -0.0018881139018815348 -0.0029226762064276908 0.0046081075156673285 -6.0707369463036892e-05 -0.010847074048720992 -0.0053808127430869518
-0.0086688986885699315 -0.0058531928859588515 -0.0027964238785834999 0.00028676767596021201 -0.0075994122687794681 -0.00095914372205720458 0.015982695148337913 2.1651995376781351e-05 -0.0068604980061017394 -0.00047264616888205316 -0.0095846519320711421 -0.0034041005137449972 0.0024248257856860364 -0.0042259578566630545 0.013943190727874125 0.0037321297762212199 -0.00014378496297855203 0.00038789861883985021 0.0024671678296517767 0.00042732885389497652 0.0020775788607781897 0.0018062572853865034 0.0026478726590258837 0.0025602003501536941 -0.0038896612742691495 0.0056928065914729625
0.0015659933154489616 0.0084198479228501186 -0.00037776022884069486 0.0077956113500621373 -0.0037565330977110869 0.0046592497858862682 0.0086314993607244407 0.0023979608792129531 -0.0025006399266741678 0.0045522770584676313 -0.0076201728004866558 0.00089567635241756603 0.0022627138139735999 -0.0038963931428963807 0.00022927456909530852 0.0015869446700596604 0.012319522076154782 -0.0051829858505923823 0.012174946418565636 -0.005803548728334087 -0.010655395522645467 -0.0044797536533455525 -0.0027105772983447257 -0.0038262647633268364 -0.0095628706792593547 -0.0071186218804603352
-0.0034567694960153735 0.0054556281312589166 -0.0046349659415462017 0.0073043183927883858 -0.0038770492378273776 0.0025096028594024889 0.0090988538242329255 0.0069758182087407581 -0.00043291443823081119 0.0024448580293554255 0.0041196052840822301 -0.0013247640442144073 0.0020112217498982248 -0.0026766581767068542 0.014777911280782133 -0.0001112490693131882 -0.0060561170575015267 -0.0031708628402556606 0.0013695962979712807 -0.0040011621965575419 -0.009789036774575802 -8.3616648395707223e-05 -0.0035924892620782262 -0.0066775949819349858 0.00046215377080850348 -0.0066443176641683144
0.0050547225011344961 -0.0012229454715542314 0.0027366547724211095 -0.0012019040616169955 0.0023338509088839735 -0.00212064315209634 -0.0044405317812836213 0.0012806775667858865 0.0026934300361991566 -0.0011121271212807878 0.0052414244379998479 0.0040272447276137628 0.00030338088828560481 0.0051606814286668289 -0.0104973626655802 -0.0028622829164389289 -0.0051959316403192603 0.00052032608760511369 0.0040490610718660726 -0.0035917135014172804 -0.0097249580167324112 0.0037134010336093482 0.0033838511074319247 -0.0029838222030955084 0.004062408379694897 0.00039310758321868533
0.0073455231882622769 0.010557715906375545 -0.0015435406143562305 -0.0023238568943245242 0.0027733293869306474 -0.00082894448600597773 -0.0023005811865129339 0.00044593983517039802 0.0064284290126918713 0.0028437788286288313 0.0085741213721048388 0.0056631581491224285 0.0014597046781613917 0.003395053229915145 -0.0032648393600844899 -0.0022903841874628659 -0.013714942248213744 0.004333258903430298 0.0077836523942046735 -0.0016124029890533175 -0.012462554822362835 -0.0072397472008271487 0.00029122267589900869 -0.0068998945159987656 -0.0013695244767239615 -0.0060436745789699126
-0.0025674888720743074 -0.010944076440712965 -0.0021177850531521507 -0.003953415247390471 0.00016010688035489004 -0.0069102545670739202 0.00022940510799364944 0.0046745763822784664 -0.0041346357685785031 -0.0077906006157147023 -0.0020989994691594455 -0.0020808005078977567 -0.0017656572260986532 0.0017384139362056146 -0.0025360781562726378 0.0024505316209695021 0.0047774916485914531 0.0044490378186413651 0.0048638389339840772 0.0054952835280106683 0.0046888848259958966 0.0028008953010472881 -0.002471671184758458 0.0040469719204498837 0.002972588333175063 0.0060234368711867825
-0.00065417065469648532 0.00074502765360253689 0.0088152823821408891 0.0041843279982797296 0.0018406024356235797 -0.0012801647492503346 0.0035814288173278354 -0.0049264654971394204 -3.575558930788759e-05 -0.0054423999434685061 -0.0036575161605057536 -0.0036381895647488644 0.0016371987927288282 0.00069161349698403714 -0.002950187093884078 0.0025275208143851753 0.00059089988778582476 0.0014099622240337723 -0.0080246281344750273 0.0010255031548856777 0.010314685741678688 0.0015387674022154115 -0.0084254550244713382 0.0013358135670476987 -0.0030323853999449724 0.0018286834431730514
0.0055222050459322811 0.0094230876197188215 0.010622283100820822 -0.0031814755987932849 0.011651192648593477 0.0088378972448993429 -0.015450224038583458 -0.0125609791472672 0.0072317540052620711 0.0021321755417254232 0.0064039967348238983 0.0028784729155756257 0.00086245313802343036 0.00074728017109973054 -0.02164677410956568 -0.0065702413434060693 -0.0024642808566796752 -0.00017979813444158802 -0.011884962806876538 0.0021911091344905152 0.015328769405394627 -0.0031261831077630219 -0.0043064945671320524 -0.00030288779866217822 -0.0018699177000127143 -0.00028845749717609781