C:/Users/vmc04/Desktop/Wing saga/Lab reared wings for landmarking/13/SJU/SJUMA/coord_Jul17_Format - {Aligned specimens} - 1 20 26 0	from C:/Users/vmc04/Dropbox/Homework/SJU/SJUMA/coord_Jul17.txt - TPS like internal (simplified) format - can be converted to other format by using TET	
-0.69264108638489874 -0.12902430339264095 0.22430998228733143 -0.053813889233974857 0.24340860172903792 -0.030379473106744333 -0.0046009468501270979 -0.083421395646803551 0.25136215971022263 8.054893873252867e-05 0.24082214471530947 0.023163812237569022 0.20706405473641473 0.04098332678794292 0.019071633181242109 -0.00057489896118922469 0.13197050462181178 0.063229472744846471 0.046042281146028895 0.072405641155235997 -0.31854039463149386 -0.051641835423302467 -0.097144248160907581 0.081337221191312495 -0.25112468609997152 0.067655772709015904 
-0.67548105546337456 -0.12476747707921886 0.22635243506964237 -0.064764692709450816 0.25279461086567828 -0.030351831490461861 -0.003443456132340783 -0.083746085300032927 0.25584383860413706 -0.0044101214304356406 0.24818828898108089 0.020261839436220709 0.20411795757306989 0.04566597167547308 0.0068720188816763471 -0.0012683151568104161 0.13549614992455028 0.067835488618227149 0.044176511128212186 0.078391932884539592 -0.31486446147880259 -0.051576286765085542 -0.10846157595632323 0.083072306072884919 -0.27159126199720596 0.065657271244150633 
-0.65409386970723926 -0.13033629841299646 0.23461133935670705 -0.060079256727968711 0.24879285432725931 -0.034738534082374664 -0.023778956258894059 -0.086161710590492727 0.2608197813919173 -0.010137466746832713 0.24901748544321625 0.020734230233606332 0.20738859745489255 0.04377516843423751 -0.00075445854880786206 -0.0023896023887096164 0.13869860459436836 0.071977253314687503 0.049604404652111779 0.085949193721909151 -0.34610011472235658 -0.052301971233551785 -0.095911097510549145 0.085369099534593332 -0.26829457047262495 0.068339894943893004 
-0.69762959205006436 -0.12937930922919105 0.22338153224333565 -0.060391087886626511 0.24329703048364534 -0.029912477031106652 -0.0080942501853513912 -0.09148635579726358 0.24599234705044462 0.00039122502536199498 0.24032006933498906 0.027851970922478184 0.2066884180101673 0.044425885291185442 0.020364921657858161 0.0029412430427956096 0.13527481946672273 0.063803022531091449 0.038461988369813571 0.07366767047168972 -0.31180480726133786 -0.052527562268714113 -0.087280202554463185 0.083667493923185815 -0.24897227456575938 0.066948281005112964 
-0.68780518613662545 -0.12280158906721114 0.22613405401520903 -0.057565930616166189 0.24301948730091019 -0.024817532389775809 0.010376962088708534 -0.084820128234402992 0.2484196510491028 -0.0023929690609883134 0.23914104764184216 0.019427815374652088 0.19244554430323832 0.04294433019589846 0.033011168571292299 0.0047736019317129409 0.13695901330095775 0.062129272760352711 0.045391023303720281 0.07556603898365212 -0.32449372061076626 -0.050954627947312113 -0.088053322031745054 0.077575935672088578 -0.2745457227958441 0.060935782397499076 
-0.6842233113762678 -0.121019809645684 0.23348789309610563 -0.052300082570947495 0.24567280505016895 -0.025229115713038059 -0.0069138892436785056 -0.081476352840167035 0.25342134778414621 -0.0040582336222231884 0.2371017841356409 0.023842631680132686 0.20316499108008104 0.040124393013470858 0.02214879883111804 0.0025281358414683394 0.14288908894011565 0.063422839307282014 0.036257598133475254 0.070424333242119344 -0.32566155466787278 -0.051387860227961588 -0.091439138580219848 0.07870088164597519 -0.26590641318281327 0.056428239889572997 
-0.69360564489876486 -0.11794219627425188 0.2348686250811223 -0.059319965935032248 0.25143410067277272 -0.029958087769790896 0.013045674327971648 -0.083309110089869839 0.25512722520580711 -0.0055996082328204745 0.23790323600977273 0.02570714436198519 0.19309318595148581 0.053089827784611909 0.0032079341980057428 -0.0032853984211234076 0.10874540334484011 0.068503679364607495 0.051918140158415359 0.073434783437315562 -0.32364896825171469 -0.056856958337353186 -0.077743209956782064 0.074024656415599313 -0.25434570184293159 0.061511233696122089 
-0.67687771611477487 -0.1408555926091741 0.21897326087962296 -0.070932005867898842 0.24878731337656393 -0.035960803203929935 -0.01599432098097147 -0.086250345548421786 0.25536722500660286 -0.00044339617160915314 0.23966677233699382 0.025043129207221671 0.20149423481087886 0.043709760228783132 0.012827345212416902 0.00312074681147391 0.14310682315722376 0.06632530347177526 0.050917837048898767 0.077577573597343089 -0.3261904380719064 -0.045156393748320402 -0.090384908852950627 0.091053270932616073 -0.26169342780859955 0.072768752900140565 
-0.70214019849556464 -0.13479535906765241 0.21942420416316058 -0.0617233848876887 0.24107016798513256 -0.03218920031080575 0.0012261383097672543 -0.091546962359294604 0.24781035514530578 -0.0076393628861878404 0.24029693478947459 0.026581069761119534 0.18934398827996571 0.049180203873098773 0.016462352638021847 -0.0029916734236424213 0.13044975209580459 0.071003202727047826 0.056298571248263145 0.079950731611448486 -0.31203729968773303 -0.049367827663100508 -0.08133276013912652 0.083816481691218761 -0.24687220633247134 0.069722080934438102 
-0.70170959209660355 -0.1280199777013816 0.21798759457449132 -0.057577491402140642 0.24198616059027686 -0.031022297388432832 0.0069238525288928439 -0.088952392726834598 0.25229383402739314 -0.0018382440041934324 0.24059942045339497 0.025186691168494261 0.19888080908428715 0.047644966071348507 0.02028946669380035 0.0012150735291749748 0.12563836860885863 0.069100457356451414 0.042047594894593428 0.072971435960632547 -0.31532930066415021 -0.049334379621923531 -0.079011320101876406 0.074629083284301817 -0.25059688859335927 0.065997075474503383 
-0.69245307482961838 -0.13635971637290106 0.22299968610077903 -0.062638520692694308 0.24289518281343636 -0.031183028674766064 -0.0072286766900660797 -0.08837700993002777 0.24989165953702322 -0.010845678929608117 0.23938175679972859 0.025059763114687664 0.20230592083899102 0.043176626375427733 0.019221443713677309 0.0018678005745732355 0.13624017057043991 0.070029247450310958 0.042516797884726072 0.079174238728742893 -0.31201121207352583 -0.053702712409831398 -0.093014560110767572 0.087028534742267877 -0.2507450945548238 0.076770456023818809 
-0.68381597865153498 -0.11807931275202734 0.23404241238045567 -0.056358956038442945 0.24879403885550477 -0.022679898230598173 -0.014134145942014904 -0.095519771664787104 0.25449744500506249 0.0045195958251916125 0.23804136104366694 0.027859926542530222 0.20040274145618583 0.046878488599067 0.00097041969675639827 -0.01057956456063102 0.14497505501957217 0.061164420512618063 0.048466625617505803 0.074570707143338882 -0.31805503222039339 -0.060444403397794597 -0.097142068750471031 0.077738665124738496 -0.25704287351029453 0.07093010289679752 
-0.69694759644384974 -0.1305246519460295 0.22154781315486838 -0.061762987545209334 0.24674739261962467 -0.028813784660721944 -0.0065874363452846267 -0.088317893381035212 0.25098805266472812 -0.0010635814968369913 0.23454603532993296 0.029343143715384171 0.19923284449058776 0.050619035309102209 0.01217041565675343 0.001992095867743726 0.14164469224771464 0.063032189297209495 0.052886256888254324 0.071050631603390937 -0.31655950103087194 -0.045066274757013823 -0.092704918836575043 0.074983188374849422 -0.24696405039588215 0.06452888961916739 
-0.68199614963478639 -0.12088532208829375 0.23358955566248585 -0.048879689796930928 0.24870265693611099 -0.02749204348943728 -0.0021396067702698072 -0.083487834715093134 0.24941643174242703 -0.0069163192201447095 0.24289987230512458 0.024183147385235238 0.20066995051693323 0.043352505173587734 0.021291216724287267 -0.001898712444239367 0.13271730629112979 0.064507051805354265 0.039853861665915667 0.073247460813225765 -0.33500930161470827 -0.051503981948728149 -0.088226648099333962 0.076488441613473027 -0.26176914572531562 0.059285296911991039 
-0.69319947060952547 -0.13069593717215411 0.21961472809867569 -0.059501036515791132 0.24611087957060748 -0.033721403445498892 -0.012897753158975301 -0.08773489185124092 0.25345400715757815 -0.0015363084986094542 0.24428841835923815 0.022631519133595353 0.20478138516234043 0.048274349710889092 0.011175444388098862 0.00081361721019534722 0.13070826923550627 0.069819059180407234 0.04425623890355173 0.080712685371043771 -0.32348663510004783 -0.051651014970174478 -0.086854637131600562 0.080091415852708375 -0.23795087487544667 0.06249794599462994 
-0.69122287296494378 -0.11999087511140716 0.22670906175463279 -0.059821427076346731 0.2486552285930391 -0.026729414302392906 0.013417060713990974 -0.084990574260320501 0.24529186491799099 -0.001192548020270055 0.24096307778938172 0.019345945604264312 0.19284169596470574 0.049379840151654697 0.014289138457585251 -0.0053124496634858109 0.13259963722701806 0.07034816175947263 0.046503044981696239 0.075570855932605707 -0.33177589810810221 -0.06290703834555833 -0.091701205437345709 0.079451364794655768 -0.24656983388965001 0.066848158537128527 
-0.6792397310944126 -0.12239805407725801 0.2184956680068266 -0.060907207309909075 0.2408456017525612 -0.032563316482736845 0.004579679941349714 -0.093910674128437177 0.24994300732917546 -0.0035375223326183131 0.24401639155997126 0.027567045999554798 0.20637185833368268 0.049781084235020777 0.014292860414478442 -0.0021652254861138933 0.13823610590013213 0.069032421028785554 0.057562792833623359 0.077484626153074596 -0.33116165078550169 -0.058431978865833858 -0.1036479377891254 0.085088394002536261 -0.26029464640276084 0.064960407263935066 
-0.6866485620247742 -0.13338966488835299 0.23168650402613322 -0.055389136406704495 0.23870110141312936 -0.034495438673877894 -0.011198393091220707 -0.092715102469742683 0.24384058689030416 -0.0085959888262728337 0.23696953950516381 0.02193746296729954 0.20569585958712211 0.044471528016685753 0.029252096127349889 0.0034930771517171625 0.1405135264378298 0.06914489948753294 0.047422898168714624 0.079939170612549584 -0.31599143315105399 -0.047059683510934938 -0.096847046180925614 0.084120044437759361 -0.26339667770777153 0.068538832102341463 
-0.68926250043252402 -0.12996527750677775 0.22707870105427694 -0.066921039368810012 0.24222058435563754 -0.038569333761545282 0.011889401410652265 -0.090175027280945314 0.2482783971728115 -0.012510889718156648 0.24134416752176283 0.023201286034293975 0.19359602272505613 0.050988627899831766 0.023237500129965945 0.0067925520018896511 0.12991855356443194 0.073565340453321568 0.040162726212896023 0.080490250923144172 -0.3109808750845286 -0.049632061147318628 -0.086791183244886619 0.088133540831729071 -0.27069149538555176 0.064602030639343347 
-0.69423126369059218 -0.13441960850125889 0.22250401293718558 -0.059501791476401764 0.24116098168136993 -0.035538893301867838 -0.0025246235999078544 -0.094663794530726569 0.24888862053937211 0.00046441482253722867 0.23214996833476062 0.025678981498430821 0.20652726378353264 0.048099995021478791 0.0092255701998367676 -0.0040591704003363231 0.14152267749190764 0.065518922701981758 0.043197228222354424 0.079484462910264897 -0.31618060686521454 -0.048640324676604854 -0.081254318486506216 0.086425306448900424 -0.25098551054809914 0.071151499483601985 
