C:/Users/vmc04/Desktop/Wing saga/Lab reared wings for landmarking/13/TLC/TLCFA/coord_Jul24_Format - {Aligned specimens} - 1 20 26 0	from C:/Users/vmc04/Desktop/Lab reared wings for landmarking/13/TLC/TLCFA/coord_Jul24.txt - TPS like internal (simplified) format - can be converted to other format by using TET	
-0.66045753298709453 -0.1144626548826783 0.22535546911462409 -0.075639450756909463 0.24304540588819781 -0.04810790476445656 -0.03830257287969091 -0.097310934301634178 0.25393931143112569 -0.019181657935304484 0.25124115451276191 0.012533990567245823 0.21369052634857993 0.04007055311691806 -0.0054458915766676299 -0.0027776192931277155 0.14891140502360253 0.064342204765904756 0.05677319410180242 0.086438085240637272 -0.33981178759123604 -0.042870725153549213 -0.097707174098666374 0.10326824831466987 -0.25123150728734039 0.093697865082284018 
-0.66835885042242693 -0.10124640905820941 0.23198486747995942 -0.072089582985455133 0.24680514568263623 -0.0461878835549819 -0.027238327243395113 -0.090737427025142273 0.25611669306555401 -0.015804561364138082 0.2463857930986823 0.0081886386512568347 0.21705446762786715 0.033614117042996515 0.012385491608589256 0.0040767305403484238 0.14216414876785605 0.065067233481010733 0.035692794293273794 0.08514749528383149 -0.33059532811309966 -0.041773556869455691 -0.10235959579587955 0.093854902451458819 -0.26003730004961678 0.077890303406479358 
-0.66202521081969545 -0.11261288739256872 0.23220772509653378 -0.077366900561435956 0.24973985827896594 -0.04907566994782795 -0.027112465460620128 -0.09358214640068141 0.25722355059164653 -0.027066647244980063 0.24787339913346093 0.0039844263469124468 0.20963127486070746 0.036538901334937306 -0.0042131507124572578 0.0012362555243596151 0.14566266853141738 0.070898694713306856 0.040091352750129192 0.094901946652783634 -0.32618745704905305 -0.039055750159380301 -0.10331334773670103 0.10251959263151644 -0.25957819746433514 0.088680184503058285 
-0.6586562991250472 -0.10492158851508437 0.23421065112974085 -0.070966475757643921 0.24735335695992269 -0.043743733612267834 -0.039459200551628271 -0.095420160803422291 0.25394811693625596 -0.01977648513494069 0.24747162421672564 0.0085806995901195442 0.21156756562321952 0.039184594363897665 -0.0010916086052652006 -0.00066836216551388475 0.15493943271451782 0.06438484146824483 0.050334916531043987 0.084243038432746109 -0.33912372355372028 -0.045688431850750305 -0.10442616764396828 0.098764113059768177 -0.25706866463179917 0.086027950924846663 
-0.67287856749810993 -0.099813850333261567 0.22844838010153157 -0.073006700838267255 0.2453595463047358 -0.041412140248498423 -0.036602341682790966 -0.098160636590184452 0.25553428996789407 -0.010183067453766147 0.24611084817188753 0.015417661201503374 0.20753717443000461 0.039802033042563453 0.0087425996455589312 -0.0016606980131902496 0.14630409691635465 0.061130994078758175 0.05898200576943044 0.078670664966146234 -0.32967779448919621 -0.04430784459060072 -0.10366580139381425 0.091210496398254834 -0.25419443624348664 0.082313088380542507 
-0.66958264707357229 -0.097036689408902699 0.22815236913028833 -0.067221254056106017 0.25119535798907927 -0.038049627271225205 -0.048814950968452675 -0.095431957873179582 0.25587595845332173 -0.0085449188621257895 0.2486767542529891 0.016172206980349504 0.21046221164271325 0.041094568164996528 -0.0014740358141208801 -0.007307439150559287 0.14648084109538442 0.060051798406394727 0.060527047963507774 0.077334891664108757 -0.33892574203110981 -0.044427144852443805 -0.092762457341603113 0.086262096524530485 -0.2498107072984255 0.077103469734162655 
-0.65837062282193182 -0.10939859912939828 0.23347853143693773 -0.076214423692385527 0.24844507341158065 -0.048277653360925966 -0.02528602223857811 -0.09672085699565082 0.25618392837211884 -0.01991721407638708 0.24803062180096183 0.011530939027277679 0.21185304590499146 0.036389212882071795 -0.0063798198674203197 -0.0049184114031325101 0.14532793444911629 0.065182538462150594 0.048411537936659581 0.087132705155757106 -0.32880051866307042 -0.034630410653407565 -0.10269294076885925 0.10089042445275999 -0.27020074895250662 0.088951749331270591 
-0.65892765656718433 -0.10592008527623545 0.22852607697782018 -0.075084447105975546 0.24644711336107678 -0.049071569222310943 -0.042883092603147217 -0.094221689780696491 0.25930819777449998 -0.020725164178404851 0.25372930082692008 0.011681917279869029 0.21791673938873465 0.04047003850146725 -0.011266357979424456 -0.0036421921014255262 0.14795064003813485 0.069986033421726393 0.044277270488663104 0.088809809360381006 -0.3304566379849172 -0.045177903958985022 -0.094083337615132948 0.098028074801265325 -0.26053825610604409 0.084867178259324702 
-0.66391215380404556 -0.10059957645692523 0.23208052669436724 -0.073500406852213623 0.24562810434910345 -0.046096730387301797 -0.041753460538323885 -0.099449801155739107 0.25501159864086764 -0.010177420078906459 0.24861274404857844 0.018511443788516085 0.21462274587383798 0.039552534260735635 -0.004025892134173847 -0.0076254176325487727 0.15012643955658836 0.062559205466206885 0.052474788973059017 0.082989377747101897 -0.32774409428422729 -0.039786199410824126 -0.093016834475831839 0.092363685859533945 -0.26810451289979992 0.081259304852364725 
-0.66431072739387542 -0.10411578707389839 0.22723612117662415 -0.07490946609520012 0.24857825513873907 -0.040986370562765488 -0.053664867240157017 -0.098735574258162775 0.25502276033399024 -0.0085901519300800293 0.25175997944986467 0.014511045037268714 0.21610676968826759 0.038442560587912886 -0.0049599380451449968 -0.0062670990814097565 0.15151756975230979 0.063639818156749905 0.051954349105566233 0.082323093467764022 -0.3322723474812514 -0.043312829579002808 -0.093811265475874941 0.094480807010526385 -0.25315665900905832 0.083519954320296963 
-0.67285171344117489 -0.10404886911408867 0.22260676466860629 -0.073146878509735766 0.2413600812315892 -0.045086167919222778 -0.035729407397648037 -0.098397488167732833 0.24766823310692967 -0.013447576877171623 0.24237882932236299 0.015020632949651102 0.22296208701673007 0.03862976561679813 0.014827117159401304 0.0011768735554527198 0.14807756610618591 0.064525798860810363 0.049153585903604025 0.08534596110494562 -0.33839873958891298 -0.049016242366014984 -0.096160616938606266 0.09348459848816755 -0.24589378714906651 0.084959592378140422 
-0.65876775107024799 -0.10159454485331029 0.23590527852261767 -0.070448660911275121 0.25300166640137656 -0.039338998743178928 -0.046080435971518563 -0.10082154472524391 0.25653979442776037 -0.014136817830142191 0.24686832207022061 0.011762682019796971 0.21176222915400986 0.036797109768145493 -0.009043562839750878 -0.0056363293406509161 0.15243853553393871 0.063109955567482209 0.052963051559419522 0.081607557889583501 -0.33564237772771827 -0.044692817018214287 -0.10630429361120759 0.096638295235784627 -0.25364045644889921 0.086754112941223011 
-0.65569901198184588 -0.10196035721770554 0.23761931350733395 -0.067691479505709196 0.25058412873457492 -0.039680592435261945 -0.049313016581478859 -0.10256031745777879 0.25563357351793475 -0.01753800769376938 0.24702898913578769 0.012267467677530166 0.21130060073274398 0.037296400281294315 -0.0085625644955308333 -0.0036590313127652695 0.15329998398087932 0.061758955153537652 0.058349575657223068 0.086426186537649261 -0.34163607047155342 -0.0432976046317868 -0.10437963366698777 0.095801673665064077 -0.25422586806908049 0.082836706939701521 
-0.66463511416387766 -0.095258814477355278 0.23650072172042255 -0.067745836754451394 0.24924780018953607 -0.041487116080314829 -0.03075039871164709 -0.097762657774439279 0.25555748225242897 -0.013436210452865385 0.24283082834517308 0.012228232276466262 0.21106783846776858 0.035506212107679951 0.0052210146979448507 0.0011421797692168563 0.14544232250631561 0.062400059850336899 0.052434248314810854 0.081169893690869674 -0.33996763456803164 -0.044857889249464142 -0.10458679379483696 0.090203165585968359 -0.25836231525600656 0.077898781508352624 
-0.65785668449420664 -0.10288754232125059 0.22756007873921116 -0.073189723008800375 0.24848840132129238 -0.03955108612683908 -0.039697755569717455 -0.098816227479478463 0.25487606086212367 -0.020117226851645083 0.25115343840895843 0.012782688951015017 0.2165721500053315 0.040909367603474904 -0.021141543034406768 -0.0045708529355005575 0.15834254762999589 0.066232083507686612 0.054869563071815487 0.085922882098653119 -0.34199969346896347 -0.048052782015864756 -0.10518763898585708 0.096007226847347249 -0.24597892448557712 0.085331191731201447 
-0.67912264001489775 -0.10530646189371284 0.22612747040172096 -0.063944754461620776 0.24196784299528745 -0.039935166119584697 -0.042509719469495652 -0.098439927030665494 0.25108398486035061 -0.015059465254887232 0.24221379773435878 0.013610967990733231 0.20892204789280175 0.03914547645734949 0.0041031220129394193 -0.0019070287164223213 0.15228127428976468 0.062699169671616317 0.065814957914452604 0.078455214713976318 -0.33119838113532335 -0.043334615424031178 -0.094205043611548078 0.092600255101912346 -0.24547871387041109 0.081416334965337206 
-0.66548174862860099 -0.1016805794207517 0.23386603334767098 -0.06668065657628848 0.2471488780965613 -0.042168626015581044 -0.032640421438878409 -0.10099167897258825 0.25597499001623203 -0.015241532773257087 0.24335157659659978 0.014660711951703195 0.21234114305906973 0.037230414893045877 -0.012585810149886231 -0.0086578353851530475 0.15198855359759922 0.064169496924839739 0.053953106586734849 0.083277951646833229 -0.33920814364553253 -0.043255583019193439 -0.10109837465842023 0.092924840698837552 -0.24760978277914955 0.08641307604755355 
-0.66672723275382217 -0.095838940609575554 0.23552576303774039 -0.06402201191917764 0.24618299193662294 -0.038466629748813437 -0.033922529581151259 -0.097929837665566427 0.25425684466119397 -0.016426974806919084 0.24482328690613728 0.011258548527594586 0.21826432801889356 0.035285893308196162 -0.0085031812974469007 -0.005620982783162966 0.15355683029136546 0.063884304101816516 0.046466392429088135 0.083923223048734744 -0.33487643900896347 -0.048230751701696294 -0.10441845266609319 0.091025797529043745 -0.25062860197356546 0.081158362719525493 
-0.67362086983979108 -0.10064298954613564 0.23677466916308162 -0.067996310852689604 0.25348214189282714 -0.039737682855356372 -0.034642744618420068 -0.10140941200491531 0.25454478464835484 -0.016416921419748189 0.24164496143364569 0.011562623245834158 0.20345598758775466 0.037342366249357314 0.001088169813189057 -0.0024734367217737105 0.14626439761952734 0.062264033678100031 0.046892442689152929 0.084223165600534347 -0.32815443890467749 -0.043786939942032796 -0.098358301268188786 0.091416368703059331 -0.24937120021645556 0.085655135865766924 
-0.67118021960016583 -0.11158328873969062 0.22430194822734556 -0.071865968649010889 0.25017485013920326 -0.042292980324653937 -0.034036547721639034 -0.098931187217659089 0.25559433744539711 -0.016518319415430097 0.24297360016041544 0.0098889892561588033 0.20655644664407197 0.033744106005006581 0.0010134080059270854 -0.00081708555033149376 0.15229677096229177 0.063869440700961941 0.049237667810544353 0.086674903962685804 -0.33112752665163053 -0.039969855064701548 -0.096013940530071007 0.097413196731497259 -0.24979079489169076 0.090388048305167668 
