C:/Users/vmc04/Desktop/Wing saga/Lab reared wings for landmarking/13/TLC/TLCFC/coord_Jul24_Format - {translated and scaled (first one is consensus)} - 1 20 26 0	from C:/Users/vmc04/Desktop/Lab reared wings for landmarking/13/TLC/TLCFC/coord_Jul24.txt - TPS like internal (simplified) format - can be converted to other format by using TET	
-0.67335827931324777 -0.052008325379551627 0.22603297830970509 -0.088239156287542697 0.24487060301768065 -0.062359991353263408 -0.040522420513371439 -0.094799223677859923 0.25371766637893411 -0.033170700671576257 0.24781962413809855 -0.0042221464078823602 0.2139961574100403 0.022258859571380175 -0.00098146385797265117 -0.0023564391684343729 0.15014082253731878 0.0524110959250405 0.055651778474950273 0.078831917799804765 -0.33434121867418892 -0.016499703725540413 -0.094688114561862893 0.099775986165221403 -0.24833813334608404 0.10037782721020463
-0.67595192139885585 -0.044232798543150972 0.22418997893399834 -0.088198598302339185 0.23807391570005779 -0.070843677344764919 -0.032662851238101372 -0.087041603571834297 0.24964386300510741 -0.046546788004160809 0.24617287881359243 -0.01183694608901216 0.21609101582046367 0.014773932712601717 0.002046990677047248 0.00088999594654220343 0.15361330037319618 0.050640769358255275 0.055268748280275143 0.078408642890374233 -0.33810946009140919 -0.0072089671669924252 -0.093983571954863912 0.10733351115299801 -0.2443928869205079 0.10386252696148325
-0.67428506111862507 -0.042543087302599827 0.22369429775237964 -0.091307529307515303 0.24272432390063936 -0.069898749890723144 -0.039157938420457367 -0.096065035844580163 0.25699684351183411 -0.037785580765534836 0.25104996034050325 -0.008051164908879152 0.21180053140971733 0.020493874313510459 -0.0046660160267367242 -0.004483035006080458 0.14400606325654228 0.047849536901633682 0.058370945589373606 0.077583952758289457 -0.33531272035274901 -0.011619294811677812 -0.096248016865236374 0.10493961534641286 -0.23897321297718405 0.11088649851774403
-0.68112660296861405 -0.083236108919822235 0.23256587869817635 -0.079521911839875933 0.24742266701796128 -0.051046400893620947 -0.016285325658225967 -0.098092897239607499 0.25485106117785389 -0.016380561480788782 0.24370846993801512 0.013333015158781625 0.2053284334452366 0.036856263331774858 0.0047617911281362486 -0.0039999045476344459 0.14218708308614941 0.061617577198083529 0.039427630540968553 0.078950496904499678 -0.32456368329376906 -0.033713481187204852 -0.09552153003041379 0.091331153837653944 -0.25275587308147396 0.083902759677761327
-0.68148299237100474 0.020146907016121353 0.20756859246884668 -0.11200940964926198 0.23760411898370654 -0.083175304194996524 -0.039924146013598179 -0.087980988437374036 0.24841690852905624 -0.057945461922514319 0.25081975065024503 -0.025507093286465547 0.22318706625657395 -0.0014786720745776677 -0.00027725101398328226 -0.0038815141957665236 0.14990038156031599 0.036966801864442969 0.057390959894547691 0.069405170500491609 -0.32225809525328075 0.018945485955526996 -0.089182409497968351 0.10424638125772892 -0.24176288419345629 0.12226769716664493
-0.66486676280261259 -0.15299730987504673 0.24353715439287671 -0.051656550295442423 0.25452591145572551 -0.027237090155778795 -0.038507610220238887 -0.10049547057476983 0.25696785746969186 -0.0015966570091318468 0.24597910040684307 0.027706695158464585 0.20080309914846525 0.055789074319077793 -0.010425231059625707 -0.0052595760300814358 0.12998666474344062 0.072882696416842335 0.049402446282550479 0.086313399493657419 -0.32299432084732077 -0.06142433435130791 -0.093451395534481979 0.08875534550762372 -0.2509569134353129 0.069219777395892829
-0.67378296752120548 -0.074801968150424558 0.22638429403711635 -0.083374989689075307 0.24842920656507531 -0.051532338259801268 -0.029581634759739711 -0.09807159804104798 0.25700222810372597 -0.022139121555856196 0.24842920656507531 0.0072540951480890466 0.20556409887182212 0.032973159764041096 0.0022610166695342824 -9.4209027897255597e-05 0.1406540786506095 0.057467507017328771 0.061047450077424563 0.081961854270616447 -0.33698569278850016 -0.025813273643849242 -0.099390524431609673 0.091759593171931622 -0.25003076003932884 0.084411288995945327
-0.67950580411521455 -0.04693204301596169 0.22597559403573364 -0.085705805657186246 0.2408008562220843 -0.060616900418746865 -0.045440744452837731 -0.093688639142144231 0.25220490405773843 -0.030966376046045796 0.24422207057278045 -0.0070178755911717858 0.21000992706581767 0.019211434430832952 0.0024562564569101395 -0.0024562564569101152 0.15641090223824253 0.050002363587099453 0.059476495635181315 0.073950864041973333 -0.3408055833962832 -0.018421923426826109 -0.091056935795454833 0.097899364496847371 -0.23474793852469839 0.10474179319823979
-0.67648951316390449 -0.083966627763922691 0.22200193953305344 -0.07639507057827416 0.24345468489239092 -0.046108841835680148 -0.020287890407699287 -0.096585889740003636 0.25355009447325561 -0.018346465488302235 0.24850238968282312 0.010677837056683766 0.2106446037545808 0.03465443481123745 -0.0013589974435779082 -0.0044652773146132783 0.1488102200717844 0.061154884961007239 0.051641902855961701 0.081345704122736673 -0.33829329220493715 -0.037275358452423503 -0.093479609868968278 0.090179187505993352 -0.24869653217476301 0.085131482715560938
-0.66553414977332903 0.054119124728332038 0.20842417239665567 -0.12359384886055069 0.23398562750190607 -0.10168403019890764 -0.080055106648311225 -0.08099142368513354 0.24372332468485869 -0.077339787241526445 0.24250611253698978 -0.050561119988407115 0.21572744528387031 -0.018913604143811567 0.0075841679982611813 0.00056179022209339299 0.1597356864818936 0.023688821031605568 0.073313623983190343 0.066291246207022703 -0.33932129414442097 0.043164215397510537 -0.078837894500442054 0.11741415641752323 -0.22125171580112199 0.14784446011424973
-0.66595535360042901 -0.044063637026268095 0.22456414587262991 -0.089448239616492925 0.24786975260815072 -0.062462800238521382 -0.053876524072803231 -0.093128072258943553 0.25768263965468569 -0.031797528218099239 0.25032297436978435 -0.0035854779593108748 0.22088431323017924 0.01972012877620995 -0.01094514324421224 -0.0048120888401277599 0.15710054742770119 0.051612011677448937 0.052838622558265803 0.082277283697871101 -0.33722363754150381 -0.014624975886662931 -0.094354683139760379 0.095770003386856803 -0.24890765412268798 0.094543392506039964
-0.66198693831283362 -0.1169308385056448 0.23190506537095606 -0.064847700079624412 0.24886236625384625 -0.039411748755288994 -0.039411748755289036 -0.098762301845405159 0.25491854514059292 -0.0042859112121591113 0.25128483780854483 0.022361275889525748 0.21494776448806588 0.046585991436511917 0.0017702676745876126 -0.001863439657460425 0.14590732517915528 0.069599471206148761 0.046585991436511973 0.085345536311689701 -0.33253080687382158 -0.052735342306131472 -0.10481848073215154 0.084134300534340387 -0.25743418867816431 0.070810706983497965
-0.66961017661258559 -0.017787194891320753 0.22052667840987003 -0.10085166812166346 0.23960905739521915 -0.076156824728858791 -0.03989167009606899 -0.089626739306752259 0.24971149332863909 -0.049216995573072027 0.24746650756565686 -0.020032180654302987 0.21715919976539669 0.0091526342644660547 0.0027630594005935327 -0.0020722945504451158 0.15654458416487649 0.042827420709199558 0.056642717712167084 0.077624700035424238 -0.33510729792823274 0.0024176769755193364 -0.09152634264466028 0.10680951495419325 -0.25428781046087218 0.11691195088761323
-0.66694642251665637 -0.10194712918535151 0.22419142436235623 -0.075560813396201604 0.24338147220901082 -0.046775741626220113 -0.046868001471636556 -0.098348995214103688 0.25057774015150619 -0.015591913875406682 0.24697960618025852 0.011993779904159002 0.22059329039110867 0.034781961722061078 -9.2259845416577428e-05 -0.0023987559808317971 0.15942501287989785 0.061168277511210845 0.053879749723298898 0.083956459329112929 -0.32152556127687754 -0.03838009569330874 -0.098441255059520269 0.095950239233271992 -0.26515479572733014 0.091152727271608294
-0.67235419460335877 -0.014114823625100727 0.21923216438217441 -0.10586117718825591 0.2392281645177336 -0.077631529938054333 -0.045420778588465362 -0.091746353563155192 0.25334298814283462 -0.048225647385760968 0.25216675284074291 -0.019996000135559456 0.21452722317380749 0.010586117718825547 -0.0054287783173464031 -0.0023524706041835059 0.14983428155876224 0.042344470875302249 0.06044039859979073 0.074102824031779022 -0.3288934863925726 0.0047049412083668869 -0.085412778859584218 0.11056611839662273 -0.25126195645451838 0.11762353020917314
-0.66397376195815949 -0.051508615097214688 0.23174098629080839 -0.087535976677270172 0.24913350567428347 -0.062689520415162958 -0.044054678218582548 -0.09995920480832389 0.25534511973981011 -0.034116095713739657 0.24540653723496739 -0.0018157025730001814 0.21434846690733328 0.025515399315317898 -0.0043003481992108837 -0.0018157025730001814 0.1509900034389596 0.055331146829846571 0.056573469642951901 0.081419925905059337 -0.33724286211144866 -0.019208221956475282 -0.09871688199521865 0.10005476810163977 -0.2552495564464945 0.096327799662323646
-0.65801250541256806 -0.13760385480661283 0.24335586460506128 -0.0593337722560624 0.25471765078175396 -0.031560517157480004 -0.029327003635566076 -0.10351849627653442 0.25850491284065169 0.0025248413725984281 0.24335586460506128 0.027773255098582441 0.20800808538868359 0.045447144706771192 -0.0066034312821804646 -0.0025248413725983744 0.13857494764222764 0.069433137746456014 0.043893396169787567 0.085844606668345605 -0.32094618217068138 -0.055546510197164799 -0.10759708618611641 0.090894289413542412 -0.26792451334611483 0.06817071706015683
-0.66682635539899626 0.0062735147055920084 0.21648451514835004 -0.10915915587729987 0.23530505926512588 -0.087829205878287325 -0.04700310248651187 -0.094102720583879126 0.25287090044078331 -0.048933414703617194 0.24910679161742816 -0.022584652940131015 0.21648451514835004 0.007528217646710327 -0.0093620142529603316 -0.0025094058822367161 0.15374936809243028 0.042659899998025226 0.068429568096379872 0.07402747352598496 -0.34687710541380701 0.0050188117644736196 -0.083389487778945282 0.10915915587729998 -0.23897265247762553 0.12045148234736537
-0.67321649234155279 0.0065713400228560731 0.22152333077049294 -0.10808125037592356 0.24288018584477533 -0.078856080274273849 -0.057239830199089188 -0.094592710329008289 0.24625232085650428 -0.056375180196081752 0.24288018584477533 -0.028274055098341553 0.21365501574312559 0.0031992050111273218 0.0034586000120296135 -0.001296975004511162 0.15632872054373587 0.041416735144053828 0.061908940215329028 0.077386175269161223 -0.34049917118430961 0.0088194300306753785 -0.087589045304648533 0.10885943537863013 -0.23034276080116828 0.12122393042163583
-0.67417630189819866 -0.048710311632335662 0.2251823787280956 -0.087916172214459382 0.24537933720979574 -0.06296698820765341 -0.024309461339964877 -0.097420623264671269 0.25369573187873107 -0.033265578675741377 0.24300322444724279 -0.0011880563812764532 0.21330181491533082 0.021385014862976604 0.00063972266684117431 -0.0047522255251059567 0.14795871394512464 0.053462537157441557 0.051726147061729816 0.07841172116424755 -0.34152051514078452 -0.019008902100423681 -0.096780900597829886 0.099796736027224164 -0.24409989187611325 0.10217284878977709
-0.67556662212791818 -0.074833651594459261 0.23428137207809732 -0.074833651594459261 0.24944550531486417 -0.050337744058143466 -0.036340082608820184 -0.091164256618669795 0.25294492067719504 -0.027008308309271267 0.24711256173997698 0.00098701458937536257 0.21211840811666863 0.030148809275465534 0.0044864299517062157 0.0021534863768188396 0.1491289315947138 0.055811188599224876 0.049978829662007049 0.077974152560653445 -0.32329214231994807 -0.023508892946940536 -0.10866133343032394 0.090805342222533156 -0.25563677864821865 0.083806511497871466
