C:/Users/vmc04/Desktop/Wing saga/Lab reared wings for landmarking/13/TLC/TLCFA/coord_Jul24_Format - {translated and scaled (first one is consensus)} - 1 20 26 0	from C:/Users/vmc04/Desktop/Lab reared wings for landmarking/13/TLC/TLCFA/coord_Jul24.txt - TPS like internal (simplified) format - can be converted to other format by using TET	
-0.66548441639386668 -0.10347769025197599 0.2310276663048918 -0.071443621254607764 0.247707474644901 -0.043054808384526272 -0.038003282119556892 -0.098120268367933416 0.25477706228569924 -0.016157236657425807 0.24665808272946993 0.012176345059211852 0.21269092336157111 0.03785883141055011 -0.0026001127621205619 -0.0028465286774850902 0.14983787074259683 0.064148860449769321 0.051636879919630313 0.084529156070508829 -0.33431842034521225 -0.043496657612076293 -0.099806942823099876 0.095243999838594065 -0.25412278554490425 0.084639618377396378
-0.66938748827166483 -0.035017749607051687 0.21474740421673841 -0.10193118439835754 0.23558929374189941 -0.076701528657373438 -0.049615510286617877 -0.092058710412755138 0.24984953394332526 -0.04927798980847755 0.25094647549728111 -0.017466684743758194 0.21694128732465007 0.014344620320960915 -0.0057378481283844674 -0.0021095029883765565 0.15551256030312327 0.046155925385680238 0.066660294432700676 0.079064172004355213 -0.34249890519282611 -0.0021095029883766189 -0.084717640013204656 0.11416630173094186 -0.23828945756702169 0.12294183416258854
-0.6746529424563914 0.042400418867074713 0.21149021805126381 -0.11952311233958073 0.2314533931315364 -0.097341806694833416 -0.045812927427805079 -0.082923958025747674 0.24698030708285951 -0.069615174638899283 0.24254404595391005 -0.044106673147439941 0.2192536750269253 -0.013052845244793653 0.01296753253077528 0.0013650034242921293 0.15270975809268339 0.033527896609175725 0.052893882691320539 0.075672377334195615 -0.33195177024504524 0.029091635480226297 -0.080193951177163256 0.11338059693026607 -0.23768122125486926 0.1311256414460639
-0.66972664181380015 -0.049247004097338107 0.2238129573629026 -0.099064751619645383 0.24395204678681393 -0.07256594974607769 -0.035875300998060876 -0.090585135020103721 0.25349161546129839 -0.051366908247223522 0.24713190301164206 -0.019568345998942253 0.2121534845385328 0.016470024549109757 -0.004076738749779759 0.0016306954999119052 0.15173621626679834 0.056748203396932699 0.048920864997355637 0.090666669795099367 -0.32842207368224846 -0.0079088731745725407 -0.093112713044967307 0.11186571129395352 -0.24998562013648809 0.1129256633688962
-0.65841746632269194 -0.10641005664333877 0.23437045572744797 -0.070436916927032814 0.24745159744246847 -0.043184538354073661 -0.039243425145061274 -0.095509105214155135 0.25399216829997878 -0.019202445209869714 0.24745159744246847 0.0091400285060077545 0.21147845772616258 0.039662692507722017 -0.0010900951429184029 -0.00067082778025746024 0.15479351029440763 0.064734880794844338 0.050144376574244649 0.084356593367374944 -0.3390195894476114 -0.046454823782828739 -0.1046491337201632 0.098527830225313681 -0.25726245372873419 0.085446688510293287
-0.6576902740960644 -0.17370053159418686 0.23512704571393878 -0.047264290031031199 0.24843612377321822 -0.013991594882832335 -0.025509066280285847 -0.10160969210642272 0.25509066280285786 0.018172010427093183 0.2428906745818516 0.042571986869105745 0.20185435056573972 0.062535603958025002 0.0088727187061863177 -0.00068251682355278693 0.13863622978416196 0.076953771855577849 0.049909042722298382 0.084717400723491015 -0.32274514293752898 -0.080536985179230081 -0.11312716350387614 0.079171951532124432 -0.26174520183249778 0.05366288525183853
-0.65960281031444645 -0.15060269910853558 0.23282172676696974 -0.048644054949041352 0.25344257614754134 -0.017712780878183551 -0.040977328897290256 -0.099050575657105913 0.25573378163427157 0.012072890449309221 0.24656895968735099 0.036130548059976335 0.2064728636695721 0.05789700018391334 -0.00088123287951175349 -0.0074023561878975427 0.14117350729776118 0.071644233104294616 0.054107698802013403 0.08195465779458054 -0.33425163119875689 -0.071556109816343416 -0.099403068808910547 0.078517849564485237 -0.25520504190656473 0.056751397440548225
-0.66627319252559414 -0.038729361060646679 0.22404431800331567 -0.10062309173912704 0.24189827877595424 -0.074437282605923805 -0.035433245225698157 -0.093481507430071678 0.25261065523953741 -0.047061209421211343 0.24784959903350043 -0.014924080030461957 0.21452220559124191 0.013642257205759682 -0.0068669079894763856 -0.0042117035668788856 0.1514382108612522 0.04935017875103688 0.057407350792022409 0.08148730814178623 -0.33061872999998904 0.00054935263915813313 -0.091375655646632206 0.11124390942951715 -0.25920288690943472 0.1171952296870634
-0.65258725501919723 -0.13976621780872181 0.23209469882131717 -0.063197253382759166 0.24865015058909273 -0.036294644260123694 -0.037966108140523945 -0.096308156918310614 0.26003202367943856 -0.0073226036665161517 0.25278901353103667 0.024753584133549212 0.21553924705354144 0.051656193256184736 -0.011063499017888537 -0.0042184564600582066 0.1441438613050085 0.077524086643334295 0.03963757202092439 0.090975391204652034 -0.32768651407659899 -0.062162537647273239 -0.099014336534197084 0.093044822675624 -0.26456885421195425 0.071315792230418409
-0.65606990897632878 -0.14308003804804964 0.23632625753448361 -0.058425856244652408 0.2480837827849556 -0.030207795643519931 -0.035272575751415396 -0.10192869967139814 0.25513829793523884 0.0062405326329427685 0.24690803025990868 0.034458593234075123 0.21163545450849303 0.053270633634830131 -0.0035272575751415015 -0.0078684976676234378 0.14579331310585092 0.072082674035585007 0.047030101001887488 0.086191704336151212 -0.32450769691302267 -0.060777361294746694 -0.098763212103963396 0.08619170433615124 -0.2727745858109466 0.063852406360254771
-0.63123078342050498 -0.23172513396464528 0.23748438437019934 -0.029135031463391144 0.25179781552517921 0.0083000961727101794 -0.033369774408651361 -0.10730838623289686 0.25179781552517921 0.041331091145740823 0.24409058336480571 0.063351754461094478 0.20445338939716876 0.079867251947609796 -0.0036418789329238205 -0.0071143681480374246 0.13618933311957215 0.091978616771054331 0.034894281868945047 0.090877583605286708 -0.31743633117671438 -0.10730838623289685 -0.11044209601238938 0.074362086118771417 -0.26458673921986553 0.032522825819599352
-0.63951876780843953 -0.23360509640292756 0.23261244018591809 -0.028207980833356357 0.24551697100704298 0.0029779686510286812 -0.015799778120736248 -0.10348441062325156 0.24551697100704298 0.035239295703841038 0.23476319532277212 0.062123734914517899 0.2111048888173766 0.081480531146205293 0.014310793795221837 0.0040533462194558166 0.13260232632220006 0.092234306830475982 0.031516834890055107 0.093309684398902998 -0.32228238512245239 -0.11423818630752235 -0.11258375927917286 0.072877510598788539 -0.25775973101682792 0.035239295703840996
-0.65249618794257092 -0.13618049094681858 0.23929099965873102 -0.057914866324207441 0.25472365803502056 -0.025947216830464723 -0.040701516596807499 -0.10311050871191248 0.25692832351734762 -0.00059356378370335901 0.24590499610571237 0.02476008926305788 0.20952801564731563 0.047909076827492139 -0.008733867103065002 -0.0061052274895211098 0.14889971488332093 0.071058064391926551 0.048587435437439021 0.08428605728588888 -0.33281969300514497 -0.062324197288861495 -0.11125081203127381 0.090900053732870231 -0.25786106660602442 0.073262729874253696
-0.6634456262016919 0.013304504191297145 0.22227843626606691 -0.10787664863389371 0.23990478576791285 -0.082538771224990162 -0.06635303682666055 -0.09245359281977851 0.24871796051883582 -0.061607481191548047 0.24541301998723986 -0.030761369563317705 0.21456690835900924 8.4742064912747997e-05 -0.009067400945661162 -0.0021185516228180577 0.16168785985347153 0.034235794224739269 0.072454465500376541 0.074996727447757955 -0.34396804148073407 0.01660944472289326 -0.086182680016237079 0.11245272013918067 -0.23600665078192762 0.12567248226556518
-0.65076376657502411 -0.16528943350483663 0.24235689943347238 -0.042251900180172969 0.25224384407563272 -0.014788165063060407 -0.02019640828612267 -0.10047501862845133 0.25553949228968637 0.013774119458736361 0.24015980062410339 0.037942206361795336 0.20610476907888373 0.05771609564611635 0.0050702280216207082 0.0016900760072069598 0.13799470598844496 0.077489984930437308 0.043519457185578203 0.086278380167913227 -0.33328298862120442 -0.080701129344130457 -0.11357310768430509 0.078588534335121807 -0.26517292553076571 0.050026249813324812
-0.65660963798933425 -0.110566934470179 0.22839969606268393 -0.070525908915621341 0.24893355532143144 -0.036645041138687946 -0.038540474301033835 -0.099273311877867851 0.25509371309905571 -0.017137874842877803 0.25098694124730619 0.01571629997111822 0.21607938050743541 0.043437009970427369 -0.021086693931098445 -0.0048175592876292927 0.15755788162000506 0.068077641080924428 0.05386189236333018 0.086558114413797252 -0.34141489836755973 -0.052045435582748524 -0.10630220985490049 0.094771658117296251 -0.24695914577732114 0.082451342562047683
-0.6825572314521432 -0.080078941612398216 0.22360372561577574 -0.072276817750804759 0.24032256246204728 -0.04887044616602465 -0.046126842170739001 -0.096797778458669714 0.25035386456981007 -0.024349485458159629 0.2425517407082167 0.0046298317420444797 0.21022865613875835 0.03137997069607891 0.0040296683680757003 -0.0020577029964641454 0.15449919998451986 0.057015520527028705 0.068675837506992424 0.075963535619469877 -0.3325762468035251 -0.031037020196668159 -0.090710407094129822 0.09602613983499575 -0.24229452783365862 0.090453194219571903
-0.66177094681668536 -0.12354801470872769 0.2359357288650793 -0.058940337292237015 0.24840387713843715 -0.034004040745521387 -0.029295788949987533 -0.10201212223656411 0.25633815331239213 -0.0068008081491042361 0.24273653701418332 0.022669360497014294 0.21099943231836343 0.044205252969177822 -0.012293768577226969 -0.0090677441988056932 0.14979215897642495 0.069141549515893436 0.051180440814412816 0.085010101863803492 -0.33759909170938168 -0.054406465192834222 -0.10410467859013479 0.089543973963206278 -0.25032205379587674 0.078209293714699119
-0.67355338636669304 0.0060117507180115146 0.22314669441461432 -0.098877478914664335 0.23754325534458945 -0.075225985958276578 -0.048331311693487776 -0.091679198449676716 0.24885483893242702 -0.054659470344026413 0.24371321002886437 -0.025866348484076245 0.22109004285318917 0.0018984475951614815 -0.0092549320264126485 -0.0042715070891134813 0.16144714757186382 0.039946501481524357 0.058614569500612966 0.075937903806462245 -0.3383191818544154 0.0029267733758741067 -0.089464342921988335 0.10575935144712492 -0.23548660378316455 0.11809926081567503
-0.67747512454488856 -0.070153711600940458 0.2334663496151812 -0.078607924818203376 0.25143155270186474 -0.051131731862099176 -0.039182026641545048 -0.099743457861360449 0.2535451060061803 -0.027882645514626461 0.24192056283244393 0.00065032409363558483 0.2049333800069193 0.028126517049739782 0.00097548614045347482 -0.0025200058628379756 0.14892421744255294 0.055602710005843971 0.050643988791872589 0.082022126309790375 -0.32979560598495478 -0.028939422166784239 -0.094134412553753377 0.095760222787842506 -0.24525347381232648 0.096816999440000356
-0.66685720562095796 -0.13503771628659691 0.22668285021888882 -0.063960666390245405 0.2515034073255511 -0.033499073577523339 -0.03054837797743087 -0.10006329490902717 0.2560162358903989 -0.0075503093296489937 0.24247775019585593 0.018398454918225279 0.2052469145358623 0.040962597742463837 0.0010414219765033706 -0.00078106648237742573 0.14996476461647781 0.069167776272762035 0.046169707624980488 0.088347297673364869 -0.32952327039859158 -0.051550387836914249 -0.099369013591358329 0.093988333379424541 -0.25280518479618053 0.08157805482609333
