C:/Users/vmc04/Desktop/Wing saga/Lab reared wings for landmarking/13/TLC/TLCMC/coord_Jul24_Format - {translated and scaled (first one is consensus)} - 1 20 26 0	from C:/Users/vmc04/Desktop/Lab reared wings for landmarking/13/TLC/TLCMC/coord_Jul24.txt - TPS like internal (simplified) format - can be converted to other format by using TET	
-0.69007733921587933 -0.060163569295506994 0.2249421841732494 -0.076235481228151381 0.24299310018715206 -0.053147100280136285 -0.027770640021388838 -0.087090018764750712 0.2524083620282907 -0.028619443636660451 0.24797059530062035 -0.0006735072164656689 0.20941000062640269 0.026492821535354774 0.0046130631264765026 -0.0036719982486753885 0.14458262451002774 0.05215990477107034 0.052888768745053612 0.07308937217589434 -0.32150282153665621 -0.021602974621289635 -0.08875994761653512 0.090060831418201592 -0.2516979503068133 0.089401163391115437
-0.65739944294747366 -0.13660756510191621 0.23563826415860609 -0.059007422461644317 0.25090386598947922 -0.027204085313991953 -0.022604833480331432 -0.10098782749654554 0.25980880039082194 0.00078285137594215175 0.25599239993310374 0.030041921551782435 0.21146772792639024 0.052940324298092221 -0.0047949646776461611 -0.0068499495394943911 0.13386758528611839 0.07202232658668356 0.038457573843161265 0.086015794931650694 -0.32664473661188859 -0.059007422461644365 -0.11419844446557044 0.084743661445744523 -0.26049379534477146 0.063117392185340904
-0.6855919867444179 0.085797189429632589 0.20397561718926868 -0.11617096554510756 0.21986075297379878 -0.10255513487265315 -0.035436072134721087 -0.078727431195857983 0.23688054131436651 -0.078727431195858108 0.24028449898248022 -0.054899727519062941 0.20511026974530641 -0.014052235501699704 0.0065460724386799734 -0.0038403624973590445 0.16312812517190539 0.016583383511322596 0.07575987835698976 0.056296222972647948 -0.321368516256263 0.043815044856231368 -0.06493703859170552 0.10622093543831385 -0.24421214244568817 0.14026051211944987
-0.68177616909185257 -0.034513830401675605 0.22756596781164168 -0.083775410292494343 0.25153106073149933 -0.055816135219326997 -0.042707024562310771 -0.0851068043435977 0.25951942503811859 -0.031851042299469175 0.25153106073149906 -0.0092173434307144947 0.21158923919840281 0.018741931642452962 0.013211525584024216 -0.0025603731751985092 0.14235674854103578 0.046701206715620371 0.038508012554985246 0.069334905584375051 -0.31963698719177891 -0.011880131532920975 -0.093299998504232859 0.087974422299820026 -0.25839286084103114 0.091968604453129613
-0.69099371641314711 -0.046777597512595512 0.22302720117512445 -0.076501854995140922 0.237889329916397 -0.06040121552542882 -0.011051326499920718 -0.078978876452019772 0.25151294792923035 -0.034392490228201594 0.24779741574391229 -0.0034297220172167841 0.20940358316229113 0.022579003280010456 0.0087648451551096285 -0.0059067434740956394 0.14623953601188219 0.05106475003411641 0.04839718846517025 0.068403900232268 -0.31944049788132939 -0.01209929711629246 -0.082884948749405468 0.088220071887298288 -0.26866155801531433 0.088220071887298315
-0.68568453574169963 0.086615606196546235 0.21139928653749454 -0.11673888719575802 0.23231574871498853 -0.096984450694791266 -0.072134978535204217 -0.073743937164242282 0.2439360054802632 -0.074905962840769669 0.2439360054802632 -0.048179372280638205 0.21139928653749454 -0.02145278172050678 -0.012871669032304044 -0.0075084736021773391 0.15562205406417678 0.013407988575316755 0.074280256707255021 0.051754835900722704 -0.31616037060596935 0.049430784547667868 -0.06283877312298447 0.10288396566793062 -0.22319831648377317 0.13542068461069937
-0.69462269181923697 -0.013363596608884162 0.22452737848543738 -0.088521980373743606 0.24424105291556458 -0.065111991987967729 -0.042839330973160762 -0.087289875721860671 0.25286578547874533 -0.045398317557840642 0.24793736687121343 -0.018292015216415929 0.21097422731472532 0.010046391776891712 -0.0058761914166725136 -0.0059709686975865112 0.14567268076492929 0.042081112725848198 0.052032727221825857 0.07165162437103885 -0.31390235438740793 0.0038858685174770567 -0.079802470529648964 0.093829508104931819 -0.24120817992631427 0.10245424066811241
-0.68299992783387364 -0.10869226537281446 0.22696697227723714 -0.060049966931412117 0.24357653759869158 -0.033949221426269501 -0.02929489268234552 -0.093269097574321058 0.25306771778237996 -0.0042892833522437251 0.24713573016757473 0.020625064629937909 0.21510299704762684 0.044353015089158523 0.0015514429146413556 -0.0031028858292826943 0.14747833823884823 0.064521772979496017 0.046634548787160529 0.078758543255028457 -0.3175894907618762 -0.050558786747724002 -0.09691955149112437 0.081131338300950442 -0.25471042204494143 0.064521772979496045
-0.6790789896046141 -0.05744502515948377 0.23207057213552193 -0.071737567304427013 0.24517206910171996 -0.051489799265757322 -0.033532502724674743 -0.082456973913134432 0.25231834017419164 -0.032433076405832845 0.2475541594592105 -0.0038479921159462194 0.21182280409685236 0.023546046995195052 0.0093451237101551815 -0.0026569469372009435 0.14750636444460721 0.047366950570100569 0.052222750144985279 0.068805763787515559 -0.33367588776848406 -0.016949489082144251 -0.094275806840683748 0.089053531826185306 -0.25744899632878654 0.090244577004930576
-0.68405253799728682 -0.043256702141128027 0.22861415683322603 -0.078160385937762367 0.24541963421679069 -0.056183992436177783 -0.042858939362818663 -0.093673134291822155 0.25446873742332554 -0.029036682816573289 0.25059055033481059 -0.001889373196968873 0.2105159504201565 0.025257936422635702 -0.0014916104186595133 -0.0057675602854838004 0.14458676991540267 0.049819787983230203 0.055388466879559201 0.073088910514319844 -0.32855205488341849 -0.022573037669048432 -0.088104455395493123 0.089894387897884551 -0.24452466796559508 0.092479845956894499
-0.67719707275267915 -0.083840806031487719 0.23368198197089457 -0.063412120107608244 0.25170729308019996 -0.041781746776441593 -0.029487560224966541 -0.088647555660636007 0.25891741752392217 -0.020151373445274869 0.2493039182656259 0.0074874369223268279 0.20724485901057962 0.030319497660780514 -0.00064706245007760269 -0.0069328119651174708 0.14115205160979269 0.056756620621095384 0.045017059026829814 0.073580244323113816 -0.32630434982486445 -0.032168247518145503 -0.094378680218466418 0.086798805803271178 -0.25900985501679052 0.08199205617412296
-0.66148582267368528 -0.19784125584143772 0.23549240710589295 -0.030569971439488829 0.24896391994363354 -0.0069948239734423353 -0.0025043196941955926 -0.085578648860264034 0.25345442422288073 0.024438705981286311 0.24671866780401033 0.053626983796391491 0.19844574680210555 0.070466374843567492 0.0087219410039219084 -0.0013816936243836479 0.12210717405490738 0.081692635541684933 0.039032844888838757 0.081692635541684933 -0.3145943671018584 -0.087823900999887447 -0.10803117025649882 0.06709849663413231 -0.26632144609995378 0.031174462400156713
-0.68846775018227202 -0.025763095241711078 0.2126845452508162 -0.094433791551451721 0.23918902452825996 -0.066724563215942362 -0.035493760710702725 -0.092024293435320537 0.25003176605085076 -0.042629582054629911 0.25003176605085076 -0.011306106544923637 0.2114797961927507 0.021222118022848329 0.0054677072635285519 -0.0040776121965298813 0.14401384894107555 0.050136095416423283 0.065705160166809828 0.07302632751967017 -0.32824778182064979 -0.010101357486857908 -0.082478973975262174 0.098326057739048262 -0.243915347756056 0.10434980302937641
-0.69681174233977772 -0.048298804634893541 0.21432076773665484 -0.091378355938743883 0.2423224760841575 -0.06014568124345248 -0.029078697130098901 -0.085993412025762592 0.25201537512752392 -0.036451928026334769 0.24878440877973515 -0.0062962421136395982 0.21216679017146245 0.022782455016459254 0.0053849439129813569 -0.0019882869832545738 0.14647047443309083 0.050784163363961979 0.047387506434235276 0.075554905363675928 -0.31340373573551061 -0.012758174809217104 -0.08939006895548926 0.093863714667812195 -0.2401684985189651 0.10032564736338974
-0.69437451106334125 -0.048922246343881502 0.22247123702363669 -0.075615223819831545 0.23871913635682362 -0.058206760248559829 -0.022407817212252306 -0.089541994676848952 0.25148534297575637 -0.031513782772609834 0.24336139330916276 -0.00017854834432075157 0.20854446616661929 0.024193300655459681 0.0031245960256128351 -0.0071419337728293782 0.14935569002429544 0.050886278131409703 0.054189422501343239 0.072936998655020568 -0.32183339063812616 -0.025710961582185908 -0.085078286068830583 0.092666590702461887 -0.24755727940070002 0.096148283416716204
-0.69554342008002934 -0.074138626337945199 0.22884673879531833 -0.074138626337945199 0.24198406663463207 -0.051446878251857855 -0.019568187620795839 -0.087275954177258919 0.25153848688140551 -0.028755130165770516 0.24556697422717216 -0.0012861719562965032 0.20734929324007742 0.028571391314871075 0.011483678181218277 -0.0012861719562965032 0.14046835151266218 0.059623257116885327 0.04014693892153913 0.078732097610432664 -0.31217230767823811 -0.026366525104077214 -0.091226339471598153 0.089480820388052953 -0.24887427354336286 0.088286517857206315
-0.70501595472422052 -0.12458113256170955 0.2200933341923535 -0.066915168928978849 0.23849736513896982 -0.039922590207274955 -0.0081166495456871848 -0.08409226447915398 0.243405106724734 -0.014156946882012418 0.2372704297425286 0.011608696443250258 0.20168930324573731 0.039828210561395093 0.013968187590252252 0.0030201486681626995 0.14279640421656561 0.064366918490216765 0.056910926465690008 0.077863207851068705 -0.30503501548442846 -0.031334042432187396 -0.089094385710798474 0.087678691022597288 -0.24736905185169789 0.076636272454627438
-0.68823995750191957 -0.12601443038226234 0.22337196469867895 -0.059401380586819479 0.24310916463806917 -0.035963455658793268 -0.017175159562642685 -0.087773605499693305 0.25297776460776472 -0.0075912307459194287 0.24680988962670503 0.019547419170742535 0.20363476475928846 0.044218919094980581 0.019832090323714489 0.003510944219987724 0.13332098997520975 0.062722544038159231 0.046970740240376348 0.079992593985125843 -0.31693388364213587 -0.047065630624700379 -0.089956084339145162 0.084926893969973535 -0.25772228382396445 0.06889041901921876
-0.68967867501798397 -0.10826559376904019 0.2269103684283354 -0.055922310831115853 0.24552131347293077 -0.030332261394797232 -0.0080528127596807102 -0.088491464659157526 0.25250041786465377 -0.0082317641543402965 0.24901086566879213 0.016195101216691054 0.2071362393184526 0.04062196658772247 -0.004563260563819089 -0.0082317641543401647 0.13618201133593319 0.06388564789346661 0.051269574569967002 0.07551748854633876 -0.31513340599550338 -0.047780022374105335 -0.096454801721508401 0.081333408872774765 -0.25464783460056856 0.069701568219902615
-0.6980181987627726 -0.043839935877930121 0.22064000582506529 -0.081288423198708187 0.23702371902790573 -0.061393914309544821 -0.020434631302443742 -0.08245868842748251 0.24755610608687431 -0.040329140191607243 0.24404531040055163 -0.0075617137859263373 0.20425629262222486 0.021694916933431611 0.01350306033201141 0.0006301428154938725 0.14691329641228354 0.046270486737692205 0.060313669482984104 0.069675791313178526 -0.32119279509744275 -0.011072509472249335 -0.083628953656256749 0.09191083065989053 -0.25097688137098384 0.097762156803762074
-0.69419640389271386 -0.053714469676674786 0.22704592693155223 -0.071822427039313949 0.24062689495353146 -0.052582722341509777 -0.029860718150890579 -0.088798637066788075 0.24741737896452126 -0.031079522973375739 0.24289038962386159 -0.003917586929417103 0.20893796956891308 0.023244349114541599 0.0018282072337279067 -0.005049334264582016 0.14669186613484106 0.049274537823335358 0.060679068662305158 0.073041231861799241 -0.32751026729927124 -0.024289038962386163 -0.081921095568478014 0.093412683894768214 -0.24262921716190031 0.092280936559603288
