C:/Users/vmc04/Desktop/Wing saga/Lab reared wings for landmarking/13/TLC/TLCMB/coord_Jul24_Format - {translated and scaled (first one is consensus)} - 1 20 26 0	from C:/Users/vmc04/Desktop/Lab reared wings for landmarking/13/TLC/TLCMB/coord_Jul24.txt - TPS like internal (simplified) format - can be converted to other format by using TET	
-0.69254739330476067 -0.057458638095386136 0.22405881406346384 -0.075357365386948608 0.24173240013123307 -0.053180954843314449 -0.021176263953321818 -0.087177279636093605 0.25101947561270432 -0.028809417367696349 0.24691064827847786 -0.00072304969948978209 0.20869292553957544 0.025224476342680983 0.011131501661008045 -0.003424744385008754 0.14244512043841467 0.05032772279562709 0.051488066025946175 0.070646718242967005 -0.32134580057565792 -0.019409771274328622 -0.087705495584224039 0.089446010429702461 -0.25470399833285912 0.089896292877289077
-0.69689273046268263 0.01158961941411654 0.21289239354546327 -0.09735280307857859 0.23491267043228464 -0.07765045007458056 -0.016582070854043632 -0.08228629784022716 0.24650228984640102 -0.054471211246347614 0.24534332790498936 -0.02549716271105635 0.21405135548687479 0.0034768858242349848 0.015868863505482521 -0.0046358477656465698 0.1387188292951175 0.040563667949407779 0.056432531454890328 0.064901868719052444 -0.31791217562107288 0.013907543296939759 -0.083801863455919293 0.096193841137166974 -0.24953342107778548 0.11126034637551846
-0.70603608687699271 -0.050338795597138733 0.22066321357649873 -0.077232124751774586 0.24083321044247544 -0.05145935097858189 -0.024738414959552812 -0.092919900091978799 0.25091820887546412 -0.026807132586832459 0.25315931963835031 -0.0010343588136399614 0.19040821827753346 0.03034119186676857 0.016722134153844128 -0.0055165803394124644 0.13325989382393255 0.047149522588415933 0.06042379403012732 0.066198964072949604 -0.31496225875333045 -0.01784268953528723 -0.076283962505937886 0.089730627083255882 -0.24436726972241155 0.089730627083255937
-0.69794114763011461 -0.067534532405378336 0.22385041639984965 -0.069726664543380695 0.24138747350386791 -0.051093541370361206 -0.016188052711401547 -0.082879457371394391 0.25015600205587707 -0.030268286059339358 0.24577173777987263 -0.00067450219630841885 0.20850549143383348 0.026727149528720229 0.0046372025996203005 -0.0017705682653095653 0.1405493951557624 0.055224867322750039 0.051768043566669399 0.073857990495769479 -0.31760622168671693 -0.025884021783334866 -0.085240215058473873 0.089202915461785687 -0.24965012540864581 0.084818651185780997
-0.69039184613699622 0.011957712995396589 0.22071945237336246 -0.092755315387902895 0.23259412569517993 -0.076562579039969977 -0.025410140115217764 -0.083039673579143145 0.24770734628658411 -0.052813232396335077 0.24554831477352626 -0.024745822726584689 0.20884477905154497 0.0044011026996945909 0.018850005902465574 -0.0020759918394785753 0.14407383365981344 0.031388996612916081 0.060951120407091115 0.061615437795724225 -0.32443600467371231 0.010878197238867803 -0.08370399096777624 0.099398489274234378 -0.2553469962558651 0.11235267835258071
-0.69427860317038725 -0.11887904663148692 0.22973175102979038 -0.058592298302240747 0.23900663538813594 -0.038883169040756407 -0.0090965211976081154 -0.094532475190829773 0.24944088029127456 -0.012217876510512893 0.24248471702251539 0.020244218743696606 0.2053851795891331 0.0445907901843536 0.0071345264294966002 -0.0029429921521673878 0.1393016285359211 0.067778001080217518 0.044234063862878883 0.075893524893769992 -0.31168962338863238 -0.042361250675136096 -0.092570480422718288 0.087487130341701802 -0.24908415396979988 0.072415443259390283
-0.68527706332391625 -0.074551464678406912 0.22297278064387521 -0.066798112351852595 0.24623283762353843 -0.04132281185031695 -0.020704006762117637 -0.080089573483088511 0.2584166769938378 -0.012524646065972343 0.24844808114541084 0.015165897957435873 0.20968131951263919 0.031780224371480842 0.019170376631590283 -0.0014484284566090944 0.1443316356173957 0.052825037829271067 0.044645677133126026 0.068331742482379804 -0.31865426045399065 -0.034677081284699061 -0.096022286505788035 0.077192716569870451 -0.27324176825560115 0.066116498960507072
-0.69939590301677057 -0.032590259747366429 0.22456028291678506 -0.067412729066470223 0.24429301553094404 -0.047679996452311434 -0.025000747203459159 -0.085984712703325666 0.25241825837206827 -0.025625765883545655 0.24661451348555097 -8.928838286945965e-05 0.20598829927992982 0.021964942185896268 0.0075002241610377107 -0.010536029178600618 0.14446860348284618 0.042858423777358642 0.05276943427587269 0.060269658436910574 -0.3221524853931455 -0.019822020997028362 -0.080716698114025431 0.078841642073765969 -0.2513467977776343 0.085806135937586667
-0.69543538769458502 -0.087065725778190758 0.22269701535751074 -0.064166936628435353 0.24014371185256245 -0.045629821602443041 0.0046133091693645973 -0.081613633123487045 0.24886706010008844 -0.021640613921746824 0.24014371185256245 0.0067102678827121922 0.19979822620775539 0.031789894094348951 0.02096958713347569 0.0012581752280085357 0.14309646259883754 0.053598264713163722 0.048230050406993914 0.069954542677274689 -0.33123559836038069 -0.03254479923115406 -0.090253103022479089 0.086310820641385622 -0.2516350456017073 0.083039565048563496
-0.68702319799296874 -0.055758934376757774 0.2303483846384089 -0.07358351175949171 0.24936126717999199 -0.048629103423664166 -0.021572309037565334 -0.086654868506829991 0.25530279297423636 -0.02486300024668538 0.25173787749768956 0.0036563235656890502 0.21608872273222168 0.028610731901516619 0.0010054889805645598 -0.0058501177051024939 0.13528397193049424 0.054753445396193215 0.041407864381428384 0.070201412461229393 -0.3091421574790072 -0.022486389928987476 -0.09643553404504808 0.080896158890869804 -0.26636317176044572 0.07970785373202087
-0.69107659785906883 -0.048294561334056636 0.21565379118784528 -0.083308118301247736 0.24100843588822504 -0.057953473600867986 -0.018574831282329604 -0.085722846367950634 0.25187471218838786 -0.032598828900488215 0.24583789202163078 -0.0060368201667570422 0.21203169908779104 0.020525188566974044 0.0091945414847531218 -0.0084515482334599438 0.14924876935351752 0.045879833267353794 0.052659646685404023 0.065197657800976458 -0.31437901945342672 -0.0024147280667029454 -0.088601945216711733 0.09055230250135618 -0.26487709408601851 0.10262594283487043
-0.66437207823287303 -0.1568127188254681 0.23628221531498511 -0.043942999173690413 0.24895126547998039 -0.018604898843699529 -0.010188396985835357 -0.092315736167309398 0.25586165647906883 0.014795324318561202 0.24895126547998039 0.037829960982189277 0.20518545581908706 0.055105938479910341 0.007087580511885635 -0.0036323850123412601 0.13262635032865874 0.071230184144449996 0.037032608174602161 0.078140575143538421 -0.31770079644527022 -0.063522440337774266 -0.10002347997398479 0.072381915977631398 -0.27969364595028384 0.049347279314003317
-0.68356913335227576 0.076155672973013983 0.204390311312453 -0.11436436113129576 0.22593721993139274 -0.09508554815645491 -0.047368305182527465 -0.081476974291861362 0.23841174597393669 -0.075806735181614085 0.23954579379598639 -0.053125778740624789 0.21346269388884881 -0.022506487545289347 0.0036638468096981923 -0.0043617223924979475 0.15902839843047445 0.017185186226441829 0.075108859598814359 0.061413051286370854 -0.32521002158464579 0.043268286133579428 -0.067781165979417912 0.10790901199039869 -0.23562024364273829 0.14079639882983311
-0.68378291913752842 -0.13055182864233325 0.23441061150073958 -0.047638031561285613 0.25078864549205765 -0.020000099200936469 -0.020472542489147715 -0.095748506410782433 0.25385952686542979 0.0025196975371258442 0.24567050986977063 0.031181257021932439 0.20881993338930513 0.047559291013250425 0.0040945084978294679 -0.007716573707447905 0.12795339055717225 0.064960952129025959 0.042992339227209825 0.077244477622514435 -0.31015901871058549 -0.056850675681402028 -0.09417369545007874 0.076220850498057061 -0.26000128961217395 0.058819189382281679
-0.66267888804301012 -0.15911287285465411 0.23246632182637081 -0.045460820815615463 0.24220792628685983 -0.020565609416588072 -0.022980195137563733 -0.094168843118060605 0.24870232926051905 0.0086592039648791357 0.24870232926051905 0.037884017346346249 0.22055991637466188 0.06494402973659355 0.013821421713172534 0.0 0.1307206752390408 0.072520833205862917 0.048458237572689175 0.077932835683912252 -0.31955793093467422 -0.068191231223423035 -0.10524263280391555 0.07793283568391228 -0.27517951061466867 0.047625621806835369
-0.69521047492536292 -0.025915596328466937 0.22167676226533614 -0.083487585640441064 0.2398012774191059 -0.063230774586227945 -0.034198745787881936 -0.084553733590662802 0.24726431307065799 -0.04190781558179308 0.24406586921999288 -0.014187968876027825 0.20675069096223189 0.01246572987951575 0.0063148763205443563 -0.0024603414235886212 0.15557558935158841 0.040185576585281109 0.05748997793118802 0.067905423291046429 -0.32525713619841773 -0.0024603414235885458 -0.082175403547860362 0.094559122046590047 -0.24209759608112186 0.10308830564836396
-0.66917770718726066 -0.12609226224843456 0.23335427737812156 -0.060890331804547587 0.25165657364307253 -0.03000520685744322 -0.014870615715272588 -0.095207137301330041 0.25623214770931008 -0.0048395494931359855 0.24822489309339404 0.022613894904290097 0.20361304594757665 0.046635658752037949 0.014870615715272328 -0.0014078689434577263 0.13612332847057096 0.068369635566666989 0.037748486046460757 0.083240251281939417 -0.3191462911200782 -0.05173918367207226 -0.10638209704002602 0.086671931831617588 -0.27224665694114203 0.062650167983869826
-0.68896474238931116 -0.12107856817291147 0.22839630115499976 -0.055630693484851258 0.2414858760926118 -0.035996331078433183 -0.01048844145641995 -0.087263832917413714 0.25021225938435354 -0.01199877702614442 0.24475826982701521 0.017452766583482767 0.2033079491912437 0.042541118547239104 0.009145920949998252 -0.0032723937344029896 0.14004167032611867 0.064357076776592526 0.047323847851366736 0.077446651714204576 -0.32027504831323839 -0.049085906016045185 -0.094479880639430427 0.085082237094478277 -0.2504639819793073 0.077446651714204576
-0.6958316053679211 -0.026076368862599338 0.21838958922426843 -0.087518812995098658 0.23533922898495799 -0.068450468264323036 -0.014667957485212001 -0.084340755539969378 0.24593275383538904 -0.04302600862328871 0.24381404886530275 -0.013364139042082099 0.20779606437383752 0.012060320598952172 0.0044003872455636627 -0.0017112617066080413 0.14847232521142428 0.04066283769511566 0.05630865901267524 0.067146649821193019 -0.33459240796822615 -0.0048893191617374113 -0.080347811557883758 0.097867871887442628 -0.23501327437417532 0.11163945419300288
-0.70059221951966399 -0.00081611829868983069 0.21890106367078283 -0.098659634330493698 0.24012013943671634 -0.079798233649664027 -0.02983365780765853 -0.079798233649664152 0.24837200223457928 -0.057400320341178847 0.24601432714947544 -0.029108219319934264 0.20593385070271242 0.0050780694140694438 0.016141006351863808 -0.00081611829868989769 0.1387401107772567 0.039264358148073303 0.044433107373108405 0.071092971796973381 -0.30803931784989619 0.014508769754484216 -0.078165997052284442 0.099385072818217762 -0.24202441546699216 0.11706763595649569
-0.69449396647534534 0.049870110361314245 0.20492400982976697 -0.11563192842579395 0.22432769713584166 -0.093945454377828044 -0.043899745036368155 -0.083672914039317883 0.23916581095813386 -0.074541767071753293 0.23916581095813386 -0.04372414605622274 0.20720679657165786 -0.0094823449278555651 0.021159677107529473 -0.001492591331236583 0.15356130813721591 0.029325029684293971 0.063391231832515563 0.066991010925497918 -0.33038948114370731 0.032749209797130641 -0.062162038971497434 0.10693977890859294 -0.22195711090387782 0.13661600655317788
