C:/Users/vmc04/Desktop/Wing saga/Lab reared wings for landmarking/13/TLC/TLCMA/coord_Jul24_Format - {translated and scaled (first one is consensus)} - 1 20 26 0	from C:/Users/vmc04/Desktop/Lab reared wings for landmarking/13/TLC/TLCMA/coord_Jul24.txt - TPS like internal (simplified) format - can be converted to other format by using TET	
-0.69215828131685975 -0.0087872644584834469 0.21673145073261935 -0.092559185629358817 0.23820862084313796 -0.069986241533609606 -0.026749528785608743 -0.084505246837914383 0.2495498815902743 -0.047084565242291099 0.24544072914565962 -0.018704019024819926 0.20971849722714359 0.010717512478620277 0.014068052164229084 -0.0030892397352845725 0.14851952015201755 0.041892282358429407 0.053296760835482938 0.068848322395100969 -0.32490963016684116 0.00041723701745310975 -0.082798368130151304 0.095639996333987801 -0.24891770429110269 0.10720041187817013
-0.69718758318574769 0.025531556904137779 0.21270428096688554 -0.10036543058867939 0.22987205198863334 -0.080908623430698559 -0.011621260383952451 -0.083197659566931537 0.24131723266979854 -0.059162780136484683 0.24017271460168188 -0.032838864569804671 0.20354813642195327 -0.0030813947987751574 0.025003317795776255 0.00035215940557433692 0.15090030528859336 0.032398665312836999 0.058194341771155331 0.06444517122009949 -0.32407469297976238 0.016375412359205588 -0.081436862539060184 0.10106974939982812 -0.24739198241595547 0.11938203848969232
-0.68983667486964129 -0.017337606134954726 0.2138860449148744 -0.089938831825077753 0.2355580525835678 -0.071517625306688287 -0.018004437140145227 -0.080186428374165661 0.24856125718478361 -0.048762017254560211 0.25072845795165305 -0.017337606134954726 0.21280244453143959 0.010836003834346708 0.012336373596025494 -0.0010836003834347248 0.14995362229222856 0.043344015337386708 0.04592798548250026 0.071517625306688148 -0.32899774718589597 -0.0021672007668693954 -0.083020460146225675 0.096440434125685703 -0.24989491919516488 0.10619283757659774
-0.69100480972640788 -0.028348915270826936 0.21607610716841663 -0.08867473199297371 0.24020643385727508 -0.062350739241491447 -0.010968330313117608 -0.082093733805103097 0.24898109810776939 -0.040414078615256276 0.24569059901383411 -0.011896419801150557 0.21278560807448124 0.016621239012955095 0.023033493657546967 0.0012655765745904822 0.1425882940705287 0.047332563889684272 0.046066987315093837 0.071462890578543006 -0.31808157908040996 -0.016283751926397732 -0.089940308567564159 0.0944963842360899 -0.26543359357744545 0.09888371636133704
-0.69616310154219196 -0.06172833975826382 0.22048202966005392 -0.074654005533148604 0.24310194476610217 -0.048802673983379029 -0.016488509546167058 -0.084348254864312244 0.25387333291183961 -0.024028481248183194 0.24741050002439724 0.0018228503015863702 0.20432494744144794 0.029828459480503399 0.019057071334766095 -0.0046399825858560208 0.13754234093787668 0.054602652215699293 0.048139819328256915 0.071836873248878969 -0.32455021051425426 -0.027259897691904331 -0.087579671308033194 0.086916816652911177 -0.24915049349409291 0.080453983765468792
-0.68117126080867862 -0.050152263004600607 0.2267459335842518 -0.077731764656876728 0.2466031747738906 -0.050152263004600607 -0.013747320823596162 -0.081041304855149807 0.25763497543480107 -0.024779121484506506 0.24991271497216364 -0.00050916003050357323 0.21019823259288625 0.023760801423499556 0.0072131004321339155 -0.003818700228776646 0.1462137887596055 0.051340303075775563 0.043618042613138348 0.066784824001050291 -0.32263773932908857 -0.020366401220142417 -0.10089854604478857 0.084435705058506977 -0.2696850961567186 0.082229344926324971
-0.68177387882876472 -0.083675836923020899 0.22699482804693719 -0.063151575036242261 0.2463788531622283 -0.041487076377975857 -0.012454893965481148 -0.084816073694508679 0.25208003701966686 -0.016401867405246257 0.24637885316222818 0.013244288653434055 0.20190961907420751 0.041750207940626768 0.018331498864686879 -0.0027190261473937628 0.15059896435726078 0.056573285969966948 0.042276471065928835 0.06911589045633168 -0.33172118998203881 -0.040346839606488091 -0.09227146796962056 0.080518258171208751 -0.26672769400723956 0.071396363999307155
-0.69199841609425172 0.019766735054767084 0.21003172803048784 -0.099728465749565426 0.23223880074633707 -0.080693831993123091 -0.024728754965634366 -0.074348954074308984 0.24704351589023665 -0.056371799971002244 0.24704351589023665 -0.027819849336338808 0.21214668733675907 0.0039045402577316864 0.014397992200385864 -0.0056127766204894193 0.15187034710802494 0.034571450198666615 0.058812137632084649 0.064180880486465711 -0.32293801714989778 0.015536816442224223 -0.079717696928690115 0.094847790427400699 -0.25420183969607824 0.11176746487757157
-0.67762372814500804 0.11385891672911452 0.193270072027446 -0.13715648169677558 0.22391044930008971 -0.11712238886466222 -0.032997329370539646 -0.079411155298331385 0.23923063793641164 -0.094731343934653295 0.24040911398535933 -0.061734014564113836 0.20859026066376765 -0.025201257046730728 0.011784760489478309 -0.0063456402635653037 0.1473095061184799 0.018402356764339347 0.061280754545287648 0.057292066379618069 -0.31347462902012557 0.060827494526461655 -0.067173134790027053 0.1138589167291145 -0.23451673374062029 0.1574625305401845
-0.69208659375843484 -0.039090466159940905 0.22569689405707202 -0.078517919097122607 0.2399345853954987 -0.05989939965456452 -0.0053917884358540185 -0.085089161253319487 0.25198186268185979 -0.034709638055809545 0.24541062052566284 -0.0062342553789561106 0.20379275353641566 0.021145920271864533 0.019797973162901134 -0.0018534272748247811 0.13808033197444625 0.049621302948717971 0.047178148813721746 0.070430236443341634 -0.32190661895934014 -0.01171029050912014 -0.085341901336250039 0.084667927781768348 -0.26714626765769889 0.091239169937965256
-0.69514403023745053 0.057518554714337672 0.19954632283917947 -0.10842401356579705 0.22853628958691399 -0.085431970972766322 -0.041370297374751029 -0.07843439279227872 0.24053213789632136 -0.065438890457087451 0.2415317919221053 -0.040447539812488838 0.21454113322593876 -0.014456535142106262 0.016609636120717784 -0.0054596489100507068 0.15456189167890205 0.022530663811899738 0.068591645461482942 0.055519246662769868 -0.32427238667160713 0.033526858095523124 -0.066361648019349545 0.099504023797263377 -0.23730248642840396 0.12949364457078158
-0.66485319439181645 -0.095002207520783102 0.22845962116014099 -0.073908634544349636 0.25060787278539626 -0.041213596430877728 -0.074233151051679214 -0.099220922116069796 0.25904530197596976 -0.016955987507979178 0.25060787278539626 0.011520336010205978 0.22002219196956782 0.035777944933104489 -0.0046243602294488264 -0.0021904864244758093 0.15252275844498056 0.06425426845128962 0.054437644104564802 0.082183805481258129 -0.32419199082241595 -0.034885524537947632 -0.093217366730469334 0.090621234671831488 -0.25458320000018547 0.079019769534793061
-0.67499865507552737 0.011561565885039995 0.21294600427977964 -0.10675999136398652 0.24172692361062392 -0.076913112057925753 -0.067401469202148193 -0.099298271537471311 0.24918864343713887 -0.053461992603163727 0.24812268346192243 -0.023615113297103016 0.22253964405672749 0.00090196613287544733 -0.0023779107139443871 -0.0044278337432067973 0.16071396549417324 0.039276525240667867 0.054117967972527665 0.074453204422810879 -0.32856166313017954 0.0083636859593906616 -0.081258948879962142 0.10749796365452091 -0.23475718531113163 0.12242140330755134
-0.69323837275568001 -0.088659396347873731 0.22925142879454904 -0.064895022069062155 0.24221381476480988 -0.041130647790250635 -0.0073121151627110635 -0.087579197517018662 0.2508554054116503 -0.018446472342294188 0.24113361593395483 0.010718896090792672 0.2000860603614622 0.036643668031314178 0.016452259116100328 -0.0033236887103232234 0.1406751246644333 0.057167445817560551 0.048858224041752392 0.075530825942096785 -0.32381037260324635 -0.038970250128540572 -0.091567623969406639 0.085252615419792344 -0.25359744859766703 0.077691223603806855
-0.68161477819520677 0.059597534157616726 0.21081133500738641 -0.11466975411701898 0.23301098956466484 -0.093580082287604463 -0.030054916939084669 -0.079150306825373482 0.24633078229903191 -0.069160462274598197 0.24189085138757621 -0.044740842261591911 0.20859136955165855 -0.0092213949699464174 0.017674340359064029 -0.0025614986027629504 0.15309223315846235 0.026298052321699013 0.057633718562165148 0.066257430524800265 -0.32420033982302388 0.026298052321699013 -0.085554053332280708 0.10399684327217358 -0.24761153160041319 0.13063642874090775
-0.69057232254748391 0.059344846860124138 0.20192762925085375 -0.1120958218469012 0.22814796681781063 -0.093943280454392611 -0.042123205026205826 -0.079824637149108146 0.24327508464490111 -0.071756840974659883 0.24428355916670713 -0.045536503407703058 0.2099954254253022 -0.0092314206226859572 0.015359842716738034 -0.0041890480136558298 0.15452932672597039 0.030099085727749268 0.067800517850651734 0.063378744947348284 -0.32348759661008841 0.031107560249555286 -0.075402864245804696 0.10371772581958953 -0.23373336416935159 0.12892958886474035
-0.69035810316653534 0.035174071207502156 0.20675926120958171 -0.10757552234781786 0.22881001143357424 -0.087845903726350802 -0.02071163583792008 -0.084364206322562502 0.24970019585630412 -0.061152890297307201 0.24273680104872755 -0.032138745265738178 0.20908039281210722 -0.0042851660354317565 0.01178420659743727 -0.0042851660354317894 0.15337323435149453 0.030531808002451196 0.060527970250473344 0.064188216239071338 -0.32477987576876471 0.024728978996137404 -0.084542754907372397 0.10132632187947985 -0.2423797038791084 0.12569820370599785
-0.70416967164712607 -0.0066181360117212032 0.22042805009705776 -0.091506760588730515 0.23992949087826262 -0.070858176232160675 -0.026207818606415665 -0.086918186287270577 0.2456652087550876 -0.047915304724860858 0.23992949087826251 -0.019236715340736052 0.2032208964665829 0.012883304769483794 0.018530780832819029 -0.0020295617102611043 0.14356943054760318 0.040414750578243584 0.052945088093768827 0.065651909236273412 -0.31643514317375876 0.0037061561665638078 -0.076682135922475358 0.094330498620398245 -0.24072366719966923 0.1080962215247781
-0.69351578666359981 -0.054842107478434488 0.23028867386259166 -0.07571904443947837 0.2438586828872702 -0.051710566934277905 -0.021278416517987057 -0.087201359768052489 0.25220945767168784 -0.031877476821286228 0.2417709891911658 0.00048177546833183933 0.20523634950933903 0.02657794666963666 0.013168529467735335 -0.0047374587719292184 0.13634245753789434 0.052674117870941478 0.045527781757353364 0.073551054831985319 -0.32921323669338415 -0.026658242581025289 -0.077646146312805489 0.088164910704716035 -0.24674933569726085 0.091296451248872507
-0.68749659668669716 0.12684762673414526 0.19764630212064513 -0.12915974563753324 0.21526624272922207 -0.11879507469131144 -0.046959932210189598 -0.074226989622557693 0.23392265043242133 -0.10117513408273442 0.23806851881091015 -0.071117588338691154 0.20904744016148924 -0.031731838743048316 0.0090092908994081778 -0.0047836942828715706 0.15100528286264689 0.011799779231083288 0.05772324434665066 0.059477265583703615 -0.31644137681195644 0.066732535246058877 -0.056288136061789132 0.11026415322019044 -0.20450293059276106 0.15586870538356634
-0.68634590428415876 -0.16911633656975994 0.2265470799745142 -0.042962783468687038 0.24719038866378054 -0.014291521400261385 0.00061753487531980057 -0.089983653260905114 0.25063094011199161 0.0040580863235310342 0.23572188383641041 0.029288796943745685 0.19443526645787734 0.053372657081223164 0.018967142599112481 0.0017643853580569815 0.13594589183828901 0.07172226480501552 0.037316750322904831 0.082043919149648828 -0.31476634787736213 -0.064752942640690522 -0.093424204709116096 0.078603367701437776 -0.25283642180956284 0.060253759977645441
