path	image	ID	COMMENT	VAR	SCALE	x1	y1	x2	y2	x3	y3	x4	y4	x5	y5	x6	y6	x7	y7	x8	y8	x9	y9	x10	y10	x11	y11	x12	y12	x13	y13	
C:/Users/vmc04/Desktop/Lab reared wings for landmarking/TLC/TLCMA	TLC 104-1.gif	1 : TLC 104 13	MA-13	NA	NA	188.000	613.000	983.000	503.000	998.000	520.000	787.000	518.000	1008.000	539.000	1007.000	562.000	975.000	588.000	819.000	591.000	929.000	619.000	848.000	647.000	514.000	605.000	726.000	679.000	581.000	695.000			
C:/Users/vmc04/Desktop/Lab reared wings for landmarking/TLC/TLCMA	TLC 114-1.gif	2 : TLC 114 13	MA-13	NA	NA	213.000	653.000	1047.000	586.000	1067.000	603.000	833.000	595.000	1079.000	624.000	1081.000	653.000	1046.000	679.000	861.000	668.000	988.000	709.000	892.000	735.000	546.000	667.000	773.000	758.000	619.000	767.000			
C:/Users/vmc04/Desktop/Lab reared wings for landmarking/TLC/TLCMA	TLC 163-1.gif	3 : TLC 163 13	MA-13	NA	NA	309.000	549.000	1136.000	494.000	1158.000	518.000	929.000	500.000	1166.000	538.000	1163.000	564.000	1133.000	590.000	960.000	576.000	1069.000	618.000	981.000	640.000	649.000	560.000	857.000	661.000	697.000	665.000			
C:/Users/vmc04/Desktop/Lab reared wings for landmarking/TLC/TLCMA	TLC 194.gif	4 : TLC 194 13	MA-13	NA	NA	199.000	616.000	1050.000	604.000	1071.000	628.000	830.000	595.000	1081.000	651.000	1075.000	675.000	1035.000	701.000	863.000	669.000	973.000	724.000	890.000	740.000	544.000	648.000	764.000	754.000	614.000	748.000			
C:/Users/vmc04/Desktop/Lab reared wings for landmarking/TLC/TLCMA	TLC 206.gif	5 : TLC 206 13	MA-13	NA	NA	367.000	591.000	1190.000	566.000	1208.000	591.000	972.000	563.000	1218.000	614.000	1211.000	636.000	1175.000	658.000	991.000	633.000	1117.000	683.000	1024.000	697.000	692.000	618.000	893.000	713.000	740.000	711.000			
C:/Users/vmc04/Desktop/Lab reared wings for landmarking/TLC/TLCMA	TLC 239-1.gif	6 : TLC 239 13	MA-13	NA	NA	146.000	333.000	943.000	351.000	960.000	370.000	733.000	332.000	965.000	392.000	960.000	418.000	921.000	443.000	760.000	404.000	876.000	456.000	781.000	467.000	453.000	371.000	663.000	477.000	510.000	469.000			
C:/Users/vmc04/Desktop/Lab reared wings for landmarking/TLC/TLCMA	TLC 242-1.gif	7 : TLC 242 13	MA-13	NA	NA	118.000	789.000	971.000	676.000	992.000	694.000	749.000	700.000	1006.000	717.000	1006.000	744.000	973.000	774.000	786.000	765.000	916.000	803.000	828.000	831.000	467.000	785.000	697.000	860.000	532.000	876.000			
C:/Users/vmc04/Desktop/Lab reared wings for landmarking/TLC/TLCMA	TLC 245.gif	8 : TLC 245 13	MA-13	NA	NA	240.000	600.000	979.000	387.000	1005.000	404.000	787.000	436.000	1018.000	423.000	1019.000	451.000	992.000	482.000	825.000	498.000	940.000	519.000	867.000	552.000	549.000	555.000	758.000	600.000	616.000	637.000			
C:/Users/vmc04/Desktop/Lab reared wings for landmarking/TLC/TLCMA	TLC 253.gif	9 : TLC 253 13	MA-13	NA	NA	166.000	550.000	1004.000	514.000	1017.000	531.000	793.000	508.000	1028.000	554.000	1022.000	580.000	984.000	605.000	816.000	584.000	924.000	631.000	841.000	650.000	504.000	575.000	720.000	663.000	554.000	669.000			
C:/Users/vmc04/Desktop/Lab reared wings for landmarking/TLC/TLCMA	TLC 284-1.gif	10 : TLC 284 13	MA-13	NA	NA	105.000	702.000	1000.000	536.000	1029.000	559.000	759.000	566.000	1041.000	579.000	1042.000	604.000	1015.000	630.000	817.000	639.000	955.000	667.000	869.000	700.000	476.000	678.000	734.000	744.000	563.000	774.000			
C:/Users/vmc04/Desktop/Lab reared wings for landmarking/TLC/TLCMA	TLC 295-1.gif	11 : TLC 295 13	MA-13	NA	NA	324.000	447.000	1171.000	467.000	1192.000	498.000	884.000	443.000	1200.000	521.000	1192.000	548.000	1163.000	571.000	950.000	535.000	1099.000	598.000	1006.000	615.000	647.000	504.000	866.000	623.000	713.000	612.000			
C:/Users/vmc04/Desktop/Lab reared wings for landmarking/TLC/TLCMA	TLC 296-1.gif	12 : TLC 296 13	MA-13	NA	NA	366.000	371.000	1199.000	260.000	1226.000	288.000	936.000	267.000	1233.000	310.000	1232.000	338.000	1208.000	361.000	997.000	356.000	1150.000	397.000	1050.000	430.000	691.000	368.000	923.000	461.000	779.000	475.000			
C:/Users/vmc04/Desktop/Lab reared wings for landmarking/TLC/TLCMA	TLC 333-1.gif	13 : TLC 333 13	MA-13	NA	NA	284.000	496.000	1138.000	518.000	1150.000	540.000	919.000	497.000	1158.000	561.000	1149.000	588.000	1111.000	612.000	941.000	575.000	1056.000	631.000	971.000	648.000	626.000	542.000	841.000	657.000	691.000	650.000			
C:/Users/vmc04/Desktop/Lab reared wings for landmarking/TLC/TLCMA	TLC 334-1.gif	14 : TLC 334 13	MA-13	NA	NA	320.000	524.000	1124.000	367.000	1144.000	386.000	907.000	399.000	1156.000	408.000	1152.000	430.000	1122.000	462.000	950.000	468.000	1072.000	494.000	986.000	530.000	642.000	494.000	857.000	564.000	711.000	588.000			
C:/Users/vmc04/Desktop/Lab reared wings for landmarking/TLC/TLCMA	TLC 338.gif	15 : TLC 338 13	MA-13	NA	NA	201.000	417.000	1086.000	247.000	1112.000	265.000	844.000	279.000	1127.000	287.000	1128.000	313.000	1094.000	349.000	901.000	354.000	1039.000	388.000	953.000	421.000	565.000	389.000	811.000	461.000	654.000	486.000			
C:/Users/vmc04/Desktop/Lab reared wings for landmarking/TLC/TLCMA	TLC 341-1.gif	16 : TLC 341 13	MA-13	NA	NA	258.000	617.000	1031.000	494.000	1050.000	511.000	835.000	514.000	1068.000	534.000	1062.000	559.000	1033.000	583.000	863.000	583.000	985.000	613.000	905.000	642.000	573.000	608.000	780.000	674.000	644.000	695.000			
C:/Users/vmc04/Desktop/Lab reared wings for landmarking/TLC/TLCMA	TLC 381-1.gif	17 : TLC 381 13	MA-13	NA	NA	466.000	387.000	1272.000	313.000	1289.000	331.000	1057.000	317.000	1294.000	351.000	1289.000	376.000	1257.000	404.000	1096.000	391.000	1205.000	428.000	1126.000	450.000	804.000	396.000	1013.000	475.000	870.000	487.000			
C:/Users/vmc04/Desktop/Lab reared wings for landmarking/TLC/TLCMA	TLC 382.gif	18 : TLC 382 13	MA-13	NA	NA	233.000	529.000	1118.000	509.000	1131.000	532.000	877.000	498.000	1139.000	551.000	1129.000	582.000	1094.000	607.000	910.000	577.000	1028.000	632.000	941.000	652.000	582.000	556.000	823.000	666.000	661.000	669.000			
C:/Users/vmc04/Desktop/Lab reared wings for landmarking/TLC/TLCMA	TLC 383-1.gif	19 : TLC 383 13	MA-13	NA	NA	334.000	524.000	1188.000	277.000	1205.000	287.000	952.000	330.000	1223.000	304.000	1227.000	333.000	1199.000	371.000	1006.000	397.000	1143.000	413.000	1053.000	459.000	692.000	466.000	943.000	508.000	800.000	552.000			
C:/Users/vmc04/Desktop/Lab reared wings for landmarking/TLC/TLCMA	TLC 426.gif	20 : TLC 426 13	MA-13	NA	NA	264.000	472.000	1060.000	582.000	1078.000	607.000	863.000	541.000	1081.000	623.000	1068.000	645.000	1032.000	666.000	879.000	621.000	981.000	682.000	895.000	691.000	588.000	563.000	781.000	688.000	642.000	672.000			