C:/Users/vmc04/Desktop/Wing saga/Lab reared wings for landmarking/13/TLC/TLCMA/coord_Jul24_Format - {Procrustes residues OP} - 1 20 26 0	from C:/Users/vmc04/Desktop/Lab reared wings for landmarking/13/TLC/TLCMA/coord_Jul24.txt - TPS like internal (simplified) format - can be converted to other format by using TET - Orthogonal projection of the preshape data to the Kendall tangent space
-0.0063057046304920705 0.00034329253138538451 0.00085280675222774993 0.0026363335791828807 -0.0044954374643733121 0.00038417436024279895 0.018883621067907162 0.00069297817347448241 -0.0053506135928424788 -0.0003349426216533401 -0.0036227750270019419 -0.0025682812624646498 -0.0059331722551204513 -0.0040697851830044122 0.01084681260659999 0.0046538775077179257 0.00086829720997257933 -0.0021004006996050459 0.0018026654994644812 -0.0014954433534961225 -4.3595598634631454e-05 6.8613173721531506e-05 -0.0034060274625015443 0.0016134022780934815 -0.0040968771052066685 0.00017618151640562407
0.0014959072518154551 -0.0029229214260688293 -0.0033855536516879088 0.00086544734850127307 -0.0031158371870655603 -0.0034133497658812113 0.0077865169642591216 0.0043315028435343145 -0.0011583897276284645 -0.0037639389740851807 0.0054147960025882009 -0.00083143228276788973 0.0034465671939062281 -0.0017964534446883278 -0.0017837618827673861 0.0018927542263910862 0.0019922141966660159 0.0003048694347360856 -0.0066900905754329046 0.0024227599385327155 -0.0044897220561794958 1.2827386370762697e-06 0.00064111984556538258 0.0017241147048516711 -0.00015376637403932171 0.0011853646583068478
-0.00024682927932834393 0.0038139887931083133 -0.0035342071180428972 -0.0034002952610757047 -8.0637759589984384e-05 -0.00042351570855114859 0.012703208397309675 0.0026805840534735808 -0.0017975337226570722 -0.0017938203321373352 2.8918855427612165e-05 -0.0016525352852351011 0.0038263649406498298 -0.001476427042126925 0.0089536197721228009 0.0035699306895396331 -0.004176364892010515 0.00067345227363627678 -0.0047326655818376272 0.0011604686196954451 0.0060099942150327185 -0.0060281943331397317 -0.0038371290302228623 0.0021070142396114704 -0.013116738796852739 0.00076934929320118806
-0.007445941182285306 0.0042132512523027233 -0.0028909898596800893 0.0001029775868036703 0.00021265927495866654 0.0014968493981241619 0.0031119483028610099 0.0016470730363843107 0.0017432028198126562 0.0023075240677387066 0.0015701549024421425 0.00012359321111576999 -0.003355778951447618 0.0021116324647678362 0.0045064158632997994 -0.0031022656467304503 -0.0067596285933968405 0.0013472853701376919 0.00065895998297746188 -0.0010538284704058225 -0.0011827718774379569 -0.0011296163406195501 0.0026976250897695524 -0.0015967051974993989 0.0071341442281273055 -0.0064677707321190436
0.0082405916056874032 0.0079633294426758004 0.0040696051265470172 -0.0013788175534553001 0.0043154418624663377 0.0021780526294109203 0.0068727583671791166 0.0045079608274780896 0.0059217467951361976 0.0036948526168061246 0.0041256574465484376 -1.2068116337301345e-05 0.0019856442310738041 -0.002376396508438509 -0.0071863905040321988 -0.0012573026115883118 0.0012712885214639015 -0.0011571895518023589 -0.0048526772352527987 -0.0052375985676852647 0.0011585258770144451 0.0024770048017741758 -0.01168354081801839 -0.0038705926244944457 -0.01423865127581319 -0.0055312347843431975
0.004483353919245525 0.006905945876159056 0.0013489128877327175 0.0028025927917298995 0.0016249802341329906 -0.00051590637806551119 0.0039757995549000438 0.0016277038367568317 -0.0009576483188642633 0.0007117012639112941 0.0010627245099531237 0.0023525617521700883 -0.00397565083832189 0.0065057587203415377 0.0037703750638111515 -0.0018024587810943631 0.0079734089781327618 -0.0035713486238334279 -0.002981868880410605 -0.0051190307914813875 -0.0096845857723478704 -0.0010710701612138059 0.00084241240269839379 -0.004445447790511022 -0.0074822137406627071 -0.0043810017148696451
-0.00080881194892792972 0.0016808098917702077 -0.0027831273969886956 0.0010426838652170881 -0.0028840953984337115 -0.0015976310667860907 0.0046159999029350045 0.0091120261378929927 -0.0002667531432161631 0.00028214539302394708 0.0027767927661263669 0.00033747322700399657 0.0023998102345957435 0.0012381959604896397 0.00049701996391107392 -0.0019712944451449172 0.002108074075003903 -0.001374221054539397 0.0030812852644755123 -0.002294828992935496 0.0012094922635074857 0.0024806505806712659 -0.00046425264395818589 -0.0037068589911429398 -0.009481433939030403 -0.0052291505055206827
0.0043427314452273123 -0.0022600509008719712 -0.0015441891479324055 -0.007254037344615093 0.0033956965260476305 -0.0045073812039200713 0.0084116092822235072 0.00027787668481649174 0.0031652379706440174 -0.0027056086444308038 0.0024822405894810076 0.0014822059009687381 0.0002817116658397757 0.0021874884552375621 -0.0013664359416761243 -0.0010238989018058673 -0.0067749911264155752 0.0030228793568907409 -0.0033299481815550064 -0.0012432464224695489 0.0051700111229382095 0.0024003867957923882 -0.0038653592492155896 0.004389219082444191 -0.010368314955607602 0.0052341671419634667
-0.0018887710873242616 0.0048795473794627621 0.0049362119589351477 0.0026557153775570454 -0.0014459279681136149 -0.0019947586519624737 0.016736962055691591 -0.00035009838087705545 0.00063495287865061607 -0.00044322100933213656 -0.00033152384176355233 -0.00014292912753213264 -0.0047876615867502295 -0.00012729525032821674 0.0055717925345856551 0.00022517670036685623 -0.0078553638518324437 0.00073512679490376207 -0.0024927257381565371 -0.00075526524692612698 0.0023527879310339503 0.0041374431576140383 0.0019258584250732634 -0.0064764390001183824 -0.013356591710029526 -0.0023430027428282818
-0.0060961207817394579 -0.0013536052623576841 -0.0073852067170201915 0.0039588238836701511 -0.0023142975881823317 0.0071366336660842007 -0.0071306301889884896 0.0022707003378686468 -0.0035411315274699057 0.0052001030441951156 -0.00081507304239900828 0.0016989443671093427 0.0055271550127549592 -0.0044857503770810471 0.0029536202859114171 -0.00074414990161351567 0.0033648606434626975 -0.0044009284125236369 0.0097012055163564186 -0.0067900095502966828 -0.0015284217939671258 0.0014234232548560846 0.0071689677624740848 -0.0027691087673553738 9.5072418805872225e-05 -0.0011450762825556959
0.018465015643423972 -0.0096772240725117378 0.0025123847808522235 -0.0071841224485191648 0.0067405584491364353 0.00030120185412501558 -0.058689516774653852 -0.0059719366889664158 0.0066882672073250073 0.00049029146651929575 0.0056993363563757971 0.0013329063092826375 0.013726587186701786 -0.00044571789602161822 -0.018921391128094128 0.0014097306943088481 0.010900997728295711 0.0047066881852611993 0.010389812759876837 0.0068861818546019837 -0.0023102224546014986 0.0018525304190019829 0.00041452557204233809 0.0055091911282044324 0.0043836446733199986 0.00079027919471327812
0.015539923310299774 -0.0044126918162558683 0.00048722835063933411 -0.0064573907584556771 0.0066231540076809965 0.0019369602064522001 -0.03729156459611415 -0.017480943969188287 0.0020035628736913506 0.00267337943665293 0.0039890305794401514 0.0040236003899099503 0.013205522882844002 -0.001813039735668929 -0.016303271302648262 -0.0014493572672310629 0.011055926747801906 0.0033920866938641453 -0.001779554354689497 0.0077668804730159141 -0.0045725303280728016 -0.0042044517652815817 -0.002392207596591174 0.0091837668059393737 0.0094347794257180623 0.0068412013062468108
-0.0074143001436719428 0.001644781999678263 0.003582731998651085 0.0013384157963061928 -0.0023236819399016233 0.0009008928049239473 0.0089634193837792552 -0.0017595205180117274 -0.0023233156681814904 -0.00057893753780818705 -0.0044238102500349635 0.0010432165225973664 -0.0064401747893845333 0.0021355022576185728 0.001844035513660125 -0.0021419433104223843 -0.001919458871494003 -0.0014598561430953613 0.0041429007093051282 0.00060263828711670418 -0.0016364507298131589 -0.0014207473079676845 0.0018810055994350253 -2.9560880356089983e-05 0.0060670991876517174 -0.00027488197057956576
0.0071837638309669057 0.0046490968180417291 0.0040641595744319225 -0.0019950563030235679 0.0026498980502118181 -0.0014514054093210608 0.0038903426287649899 0.0027531087056051392 0.0024055771167300925 0.0011036487285203207 -0.00013472081465228493 -0.0034734102126352962 -0.00087642459683820234 -0.00065324413459431083 0.003726209296083052 0.0021761664743504905 0.0016815940518363874 -0.0013697175634177399 -0.0019829092803637862 0.0026282700862501136 -0.0007504181359357571 -0.0045220543798771551 -0.012001479249409941 0.0001862072966911522 -0.0098555924718252332 -3.1610106589877174e-05
-0.0015779000712506366 -0.00096555683963423834 -0.0044468431618724033 0.0011276279395153765 -0.0017196423129038881 -0.00071946825264250383 -0.0075131169108921562 0.00073627156040082041 -0.00011011367702129992 -0.0001366504570080205 0.0024345297568165074 -0.0024231445208470581 0.00042487147332334347 0.00083725614325350539 0.0015904538937516713 0.0004414424189755989 0.0024449985749006621 0.0035292869407771623 0.0079482420131105867 0.001108414778426982 -0.00045132625767445008 -0.0017881031942229319 -0.0024852115835044294 0.00029403946650472272 0.0034610582632165657 -0.0020414159834992174
0.00025730777666563807 -0.0011727125773936249 -0.0031864120482016705 -0.0013068414042570946 -0.0040238745143164317 -0.0027031241024332454 0.011286594935375725 -0.0011666018059852251 0.0038451090982448439 0.0023014996501356283 -0.00084543779831639399 0.0023187586080700979 -0.00051986119853442234 -0.0015287327488521017 -0.0020702977723573422 -0.0004302044273759518 0.002746932481148147 -0.0013363777685569253 0.0030125874094454304 -0.00070821314761115601 -0.0011936891401441384 0.0029657695610199298 -0.0081038754350932721 0.00019749690517051896 -0.0012050837939177614 0.0025692832580687386
-0.012767171656701208 -0.00065237073889118206 0.0042846851113442202 0.0019144440650356303 0.0021524678543963917 0.00011899810541366081 0.00058556087852925905 -0.0026683206194151278 -0.0034333089025604525 8.2612507195768486e-05 -0.0051322871859206167 0.00026242605155012697 -0.0062485790707237296 0.0027925756809602065 0.0044299924974122553 0.0011253116853389071 -0.0048852675398651409 -0.00082706513990948166 -0.000507559232406968 -0.0028430180574432352 0.0080289276640269115 0.0019366558340894629 0.0058067932541342859 -0.0013521449971247374 0.0076857463283335706 0.00010989562319994872
-0.0042800418023844298 0.0022240302080101223 0.0079690136702196702 0.0010178829088080511 0.0016205023840004558 0.0015015747980856075 -0.00083629816181947489 -0.0011605735695362238 0.00010086232070969769 -0.0022922010812952147 -0.0039175177521634484 0.0022363995922270526 -0.0028294640275133296 0.0013646045607106736 -0.0012983943724610876 -0.002563397676710719 -0.0086233357369677587 0.0012633886211572418 -0.0026686564497972903 0.0015051527373532159 -0.0057884032745836441 -0.0042522909293126413 0.011528083899347978 -0.002028849756187205 0.0090236493034123767 0.0011842795866899153
-0.0076219368875864377 -0.0063172669928930102 0.003227081020377799 0.006102418821355711 -0.0031632038402240647 -0.0027002248314017554 -0.0045038635477540837 0.002140211159588022 0.000308107978525104 -0.0046590970841035324 0.002426873042109005 -0.0028556202919642198 0.0017435390739697076 0.00039197287998936895 -0.0043151810016256835 0.00021574675938796029 -0.0027990580321759374 0.00034473041402744732 -0.0087151019160683768 0.0012346357809896122 0.0010507552018681333 0.00071403189417123007 0.0053920363811389028 0.0012024942564889873 0.016969952527445618 0.0041859672343641657
-0.015449609959127586 -0.0087432471926854657 -0.0044523782404231283 0.0018219328336677824 0.00032740705925149221 0.0028699174390415657 0.0076869579176948328 -0.003671785412589554 -0.0035884924872656072 -0.0029453636481222233 -0.0085703695711935746 -0.0035691799523856192 -0.0079984951129789816 -0.00060261881089967312 0.0047976263628992091 0.00072340667880750164 -6.4300964159770676e-05 -0.0010014775668624857 0.00091027695179286318 0.0034079172394169016 0.0030692056493095733 0.0039634037854407245 0.0085141376482995648 0.0015092344728301235 0.014818034745901199 0.0062378601343407725