C:/Users/vmc04/Desktop/Wing saga/Lab reared wings for landmarking/13/TLC/TLCMA/coord_Jul24_Format - {Aligned specimens} - 1 20 26 0	from C:/Users/vmc04/Desktop/Lab reared wings for landmarking/13/TLC/TLCMA/coord_Jul24.txt - TPS like internal (simplified) format - can be converted to other format by using TET	
-0.6975978999825172 -0.008919444282861802 0.21739990520680738 -0.08974191893960104 0.23358616681650754 -0.069461271964211826 -0.0074996545470923737 -0.083669943420567272 0.24394380755428655 -0.047176902111148333 0.24150108413046617 -0.020941590894304321 0.20345205258147367 0.0069714514372037498 0.02495544223667135 0.0015861336058716627 0.14911678522604271 0.039809044375545506 0.05494174642381934 0.067239616355737095 -0.32448795666117797 0.00035600802623969374 -0.086327329072714801 0.096925997952670206 -0.25298414991257323 0.10702281985942728 
-0.68994687558951862 -0.012187675986632788 0.21320871629432858 -0.091532928367401165 0.23501762954977876 -0.073274010858378064 -0.018602505846009393 -0.080049795929707554 0.24819033641705684 -0.050616102271928171 0.25059205166412285 -0.019208744260629053 0.21287740341671094 0.0092471883409660574 0.012327941097658376 -0.0011756579367998407 0.15027299589079918 0.042223443844999382 0.04646056588938717 0.071172792534974424 -0.32900475838756194 0.00028874019575221213 -0.082298244908863408 0.097057472778568216 -0.24909525548788961 0.10805527791621593 
-0.69156461409649994 -0.0054490908985537542 0.21302090722976644 -0.095781967332530735 0.23800977955426844 -0.070271547491985914 -0.013681043843661254 -0.081685460390871295 0.24750611552070115 -0.048637513763802966 0.24516185172802327 -0.020026525039271451 0.21321934056041381 0.0095652182899711863 0.023062771659336088 0.00050207322945246616 0.14407761081731382 0.042584448704770982 0.048408382384338887 0.069898072684884946 -0.31844637675840687 -0.0057407888421670749 -0.086761500126496735 0.0974231380870237 -0.2620132246290961 0.10761994276307989 
-0.6988761949648421 -0.0050513354293602996 0.2136993553619683 -0.092293723855089396 0.23834181099358945 -0.068362545807518743 -0.023276596333904116 -0.082732696733622199 0.25108741072390978 -0.044543790261075515 0.24674296791113082 -0.018253385766781188 0.20607126234960521 0.013155074137787482 0.018617863137309242 -0.0061706222097801956 0.14151846622819175 0.043265100208827352 0.053808653349019984 0.067694958363955907 -0.32569192794212998 -0.00084216409228157632 -0.08024023678950927 0.093734925419836995 -0.24180283402433778 0.10040020602510204 
-0.68301379846445776 -0.0012989008124367741 0.2206048610865167 -0.093752018104490242 0.24238402597297534 -0.067663573997954599 -0.019509074403277628 -0.079850347140006758 0.25520253456707903 -0.043144545186770508 0.24923611130788675 -0.018384372951429129 0.21135941824050744 0.0086642362903095911 0.0069214675554591827 -0.0043248787451251325 0.14951166914688882 0.040749963586023924 0.048283497627169512 0.063493702169112251 -0.3232680920219192 0.0027643839372865865 -0.094600307640767975 0.09143679060942346 -0.26311231297405968 0.10130956034605774 
-0.68688551319049307 -0.0023578182754681286 0.21792002875025923 -0.089585905471245467 0.23973299033183373 -0.070369099315564509 -0.022410402249819619 -0.082744574514858574 0.24836442226736749 -0.046135453503923243 0.24621377054623389 -0.016022785677801778 0.20543279707721837 0.01754821993273329 0.017880569493022351 -0.0048705429288145863 0.15623833934988263 0.038342744660627627 0.050163105740944083 0.063623652376948808 -0.33416493121256852 -0.00078364343350791771 -0.082088086073889316 0.090877719078550107 -0.25639709082999135 0.10247748707232399 
-0.69223913354237521 -0.0075837776985019905 0.21380723906640331 -0.091354026638331254 0.23524507967432387 -0.071457033123774841 -0.021772547321843447 -0.07526775190752133 0.24907747921490597 -0.046569173530656247 0.24794962981973734 -0.018039507553185095 0.21182687207486289 0.01228163871657675 0.014608468621877615 -0.0050396513091187107 0.15038618343872395 0.04054359789517134 0.056230983843087237 0.066453964583850986 -0.32329969562688887 0.0027681028572006487 -0.083402122657232083 0.091624780975687103 -0.25841843660558217 0.10163883673260227 
-0.68702617965905544 -0.011523815641989225 0.21502694049587348 -0.099642541486637176 0.24150372177550578 -0.074360578586454895 -0.01797459420155487 -0.084094407035741753 0.25248732442222832 -0.049552766393335675 0.24763330222569549 -0.01689314269829939 0.20969017290687045 0.013229950370304932 0.012743759385422732 -0.0040919832447604571 0.14148994868002002 0.044936975308511845 0.049815029821625285 0.067499441120330322 -0.31931035496525428 0.0026878135417883792 -0.086795863002999962 0.099712392017296619 -0.25928320788437742 0.11209266272898666 
-0.69317581179712495 -0.0043831203668929924 0.22148169572319312 -0.089721848319851125 0.23663390104971857 -0.071839684171626866 -0.0096461168315748452 -0.084712390920112859 0.24992751515400566 -0.047284831220267526 0.2447905075418586 -0.018516101758204617 0.20459600196226058 0.010913859040548193 0.019680316963211798 -0.002842544326749507 0.14039201874467536 0.042644259370945195 0.050645958952952617 0.067979281937149916 -0.32208915390182014 0.0044248358671633483 -0.080994824879819252 0.088835445973059562 -0.26224200868153658 0.10450283889483891 
-0.6974388043604518 -0.010617018576584427 0.20917770716129597 -0.088426175440857416 0.23578469487976011 -0.06271391379035314 -0.033515832695118805 -0.082098382665687183 0.24577149672995402 -0.041645277527564487 0.24432668863017173 -0.016675707151457716 0.21492767220874157 0.0065562926350712716 0.017063280333649573 -0.0038121178548096652 0.151624175923777 0.037511577500833268 0.062844167430518044 0.061950070194312735 -0.32599647851018482 0.0017108390971330785 -0.075758389969160844 0.092550448021449072 -0.24881037776295248 0.10570936555851455 
-0.67133987063837552 -0.018920032190078172 0.2185935840601945 -0.099363623970566028 0.24430993225514486 -0.06939397260767767 -0.085016029004520058 -0.090153352200166251 0.25544633360284291 -0.046250887959661972 0.25029581368962422 -0.017000873308694254 0.22266132155607454 0.010571763600836167 -0.0048431160904199482 -0.0016514129835496082 0.15883053042799458 0.046525965458420804 0.063414565419608382 0.07547335868820694 -0.32605654433163644 0.0021393069440259821 -0.082328371588028165 0.10061672259258657 -0.24396814935850281 0.10740703793631722 
-0.6749593523216656 -0.013664804169918773 0.21678594491136735 -0.098729684409745791 0.24443167608065175 -0.067828372626024078 -0.063644578304997035 -0.10174710036810194 0.25101204058914633 -0.044114851812229496 0.24883172998551817 -0.014328634854532028 0.22235058057307319 0.0092155324651969177 -0.0022108244252998796 -0.0045135824332197217 0.15913437212429454 0.045253461176463117 0.051298575461792208 0.076423100315880926 -0.32864475015471273 -0.0039173865578072042 -0.085218397565588383 0.10438703788928159 -0.23916701695357984 0.11356528538475644 
-0.69884323626074074 -0.0076197870263700904 0.22017266446193173 -0.091058109564277109 0.23580501597364442 -0.068958369268977068 -0.017425074964074794 -0.086139129484654617 0.24702041705818709 -0.047430162581608301 0.2407485355303938 -0.017333727434108596 0.2029864674044799 0.013178922885041957 0.015955455895344632 -0.0052102940260746137 0.14635835337505956 0.040457878812399067 0.057292492787450196 0.069351294106233932 -0.32614498837418987 -0.0011332956074303097 -0.081056698224338322 0.095301888062546899 -0.24286940466314644 0.1065928911272789 
-0.68419973324162553 -0.0046148633628425913 0.2206398582689762 -0.094385509586483687 0.24076294671922907 -0.071306076500764384 -0.022496417530793344 -0.081620955036352402 0.25173292357349175 -0.045744497365604223 0.24502151282967347 -0.021849146480842609 0.20853645458247461 0.0103894507458219 0.017836702309205362 -0.00089198259668237933 0.1499496618376745 0.040545262659488143 0.051163189934592908 0.071372407909277971 -0.32523762986074989 -0.0042346215699732535 -0.094933732607031321 0.095511391286361477 -0.25877573681511745 0.10682913989859599 
-0.6930420466242132 -0.010230597656052847 0.21215411896119524 -0.091273602636257931 0.23642118210390864 -0.070582287850593145 -0.033902955070582871 -0.083647634366720694 0.24924631666881056 -0.046990261359961226 0.24761936073234356 -0.020801024307937479 0.20986217854245434 0.011881239147565881 0.015702592887627199 -0.0026270645498510776 0.15073036174408683 0.045449156521599476 0.061100540689442241 0.069860571564906243 -0.32497638922586231 -0.0015006368554499471 -0.085427138939952144 0.095630343083107847 -0.24548812246925758 0.10483179926564512 
-0.6911747884304329 -0.01043732394600342 0.21340451031245006 -0.093703789051677588 0.23410591173685158 -0.072562705459410279 -0.015102020017812488 -0.085546596419145179 0.25318998141915833 -0.044549939521366426 0.24432802851185165 -0.016058269338174547 0.208907738153773 0.0095147383511529141 0.012041187103820418 -0.0034985691665438278 0.15102542241301636 0.040581548766736079 0.056162422401196288 0.068040756878694209 -0.3257037099104661 0.0032532225753195807 -0.091041958315335458 0.095529381548614234 -0.25014272537807186 0.10943754478180391 
-0.70413095217609123 -0.0099160667344651131 0.22085420760078128 -0.090473374470422432 0.2402587261261708 -0.069733680902989148 -0.02580044679566787 -0.087039978221041411 0.24588692735282669 -0.046764197593274305 0.24001695520688696 -0.018112786185951645 0.20315832816943941 0.013834955650936656 0.01854008311405362 -0.0019427498896448844 0.14337857200613346 0.041086719771073213 0.052637024386795551 0.065899159352215658 -0.31644903048531042 0.002224080447118095 -0.07712309508003419 0.093970320553257367 -0.24122729942598467 0.10696759822318791 
-0.69564520119798157 -0.0070396842633508811 0.22453896809226612 -0.091370119887625764 0.23972723554188194 -0.06835124352654956 -0.027222358461044423 -0.085532399444471732 0.24942159582769058 -0.049139104614417749 0.24123221357348537 -0.016138849293337101 0.20657786085992919 0.012407006553933701 0.012811724385758965 -0.0056314653707265254 0.13964079951078215 0.043177257126222238 0.050476033162521951 0.070247467248427481 -0.33026700857228031 -0.0039648657430359285 -0.071401969832622827 0.09329380590811677 -0.23988989289038692 0.10804219530681493 
-0.69892714134856537 -0.015580178118311708 0.2197782545749172 -0.086277572121151308 0.23492288078854856 -0.072546985545093354 -0.030887635657447683 -0.082224298021361372 0.24960722048237438 -0.051501938070827501 0.24755534507241508 -0.021229275682642847 0.21113270423452754 0.01143341728013653 0.0097937141322388347 -0.0028520548729157416 0.14545221980380801 0.042254964163693419 0.044424979008139083 0.069970988983606264 -0.32339971142945056 0.0010014321550405559 -0.077530825686800489 0.096516883574839174 -0.23192200397470433 0.11103461627498794 
-0.70664479547425174 -0.018004684156314284 0.212064331908251 -0.090543356137617284 0.23837560107200603 -0.066965727392785557 -0.018692615301586179 -0.088022868259833159 0.2456709448841195 -0.04978074975102216 0.2365190910703398 -0.021939911236338972 0.20135734645175501 0.010437068379746128 0.018904276112583506 -0.0023439067229729816 0.14816338316935548 0.040902086307171251 0.054041900807185871 0.072133331277866336 -0.321329625759114 0.0042507583075053444 -0.074395527519322727 0.096808454820123874 -0.23403431142132089 0.11306950456447179 
