C:/Users/vmc04/Desktop/Wing saga/Lab reared wings for landmarking/13/TPN/TPNFB/coord_Jul24_Format - {Procrustes residues OP} - 1 19 26 0	from C:/Users/vmc04/Desktop/Lab reared wings for landmarking/13/TPN/TPNFB/coord_Jul24.txt - TPS like internal (simplified) format - can be converted to other format by using TET - Orthogonal projection of the preshape data to the Kendall tangent space
-0.0065157487291887303 -0.00055341781402060294 0.00076737068958759045 0.001973784263003779 -0.0011044704678667967 0.0012580311980076721 0.014803117532548269 0.0010839386919353159 0.00023663211947195454 0.0038891020406486478 -0.0034062420355176919 -0.0004442438776244277 -0.0028661551353729711 -0.0046213327346980842 0.0098700477938458431 0.0065307266047267198 -0.0038209757153530042 -0.0061465189216681794 -0.005367330695340719 -0.0068799831519773865 -0.00073209455661198564 0.0022931653319064075 0.0019896358417404196 -0.0026416144774443037 -0.0038537866419413305 0.0042583628472041141
0.00026940873166813629 -0.0025599115828576985 -0.0021888227676668008 -0.0047685589919987748 -2.5070933736053621e-05 -0.0027106636356890286 -0.0055155238467024031 0.0041874157001820511 0.00035174685258605471 -0.0039778628340299011 -0.00022772859240627937 0.0014513931775362915 -0.0019068748793510176 0.002134500287852616 0.0050761465459429672 -0.00019237995673851627 0.0010112158304643533 0.002620761188444056 0.011289040733153613 0.0013355562976384379 0.0084458451214209848 0.0010119865062144786 -0.0061482181664736339 0.0025185234888446158 -0.010431164628898489 -0.0010507596453988716
-0.0026850348514050838 -0.0056764523820465353 0.00136817383846721 0.0040775597608751959 -0.00079008256930428828 0.0015316721934567896 0.0060534864586261018 0.0012816146304534741 -0.00097506168214210034 -0.0020930850600060142 -0.0033223761865972578 -0.0043587197861008438 -0.0069433367451786337 -0.0037626511451780515 0.014237499375266678 0.0034217594694658546 -0.0036002779732858302 -0.003309709995890692 0.0017248597893538438 -0.0027969770624206251 -0.0050372557585556029 0.00087708857126616246 0.0016980646180822655 0.002268153616711122 -0.0017286583133269634 0.0085397471894139293
-0.0074654414733282774 0.0054112996169666102 -0.0086011593771224432 0.0019658702992541395 -0.0029735942421888267 0.0023219210917249686 -0.0016111415502972697 -0.0023454574884765925 -0.0019560073249047828 -0.00072040493246255206 0.0016428388605152361 -0.00047844444989936208 0.004997733709919884 0.00024066287828852431 0.013291910410941025 0.0036309505804435244 -0.0020032392696851939 0.00040176398868624157 0.004253372019511422 0.00093532089144450427 0.0098231690835573014 -0.0064905933824371334 -0.0032430733786311659 -0.00068564131468509045 -0.0061553674682873396 -0.0041872477788476997
-0.010331659013051348 -0.00040806773751355502 -0.0024670858839382021 -0.00139917587523765 -0.0017544358591491424 0.0029050182035092764 -0.0031822733887646383 -0.0053574775732620622 0.00023034760187340061 0.0047644627660453015 -8.8673475557517027e-05 0.0031082720333257701 -0.003261638788173136 0.00016142971256080267 0.0080708452573089173 0.00022729055823266978 -0.008139644147695491 -0.00051397682813310633 0.0028210962098122482 -0.0034310835212635741 0.0027574262513151595 -0.00032388864903405142 0.0084321285420599305 -0.0021294285595442821 0.0069135666939594588 0.0023966254703141759
-0.0066443029964669328 0.005838378942179096 -0.0032915386701525724 0.0033071608020270988 0.00058183667243116638 0.0059765062768336779 -0.0036670356571999975 0.0022967434437683393 0.00017099088946964528 0.0042479478967395248 -0.0015388962889885064 0.0039094644675229783 0.001536639664383074 -0.00011133237861574998 0.010636534071893416 -0.0011791277982992586 0.0018878615751944825 -0.0041418795339607292 -0.00092537800242442614 -0.0055024620729105947 -0.0011054861307609352 1.9502790681741235e-05 0.0030297962783833263 -0.010835598645778235 -0.00067102140576216947 -0.0038253041901874785
-0.0082194504963844055 0.00045135649969710919 0.001805336979725773 -0.0021493929373601192 -0.0011628897191353002 -0.0022128782784849076 0.0022271310285331761 -0.0053124913216054453 -0.0015830649561774123 0.0031380801304807886 -0.007419090313452583 0.0023179710676603429 -0.00045613257470259166 -0.0053273161535349663 0.021412311938809995 0.0034669702927927846 -0.012839837595738228 0.0024079798401582175 0.0014867031988034744 0.0018594770597879747 0.00097223269979729255 -0.0036604147847900561 -0.0025975899142595938 0.0021443523744867311 0.006374339724180467 0.0028763062107115128
-0.0018925915629233077 -0.0076764744602032583 -0.0037786080662394195 -0.0022311324957559882 -0.0040517152887572273 0.0007217828638112592 -0.017111873487431508 -0.0049388029394396042 0.0003681710051157438 0.0026295583420309684 0.0014227349674003752 -0.0013825648702422077 0.00014838521125593897 -0.00074743128514076235 0.016865304594746004 0.00279164909199359 6.2509325410288648e-05 0.00043046759522435702 0.0026913491581182537 -0.00065820288518231448 0.0032301272769546933 0.0035484988239941309 0.0020753079481346864 0.0031859757282490719 -2.9101081784322063e-05 0.0043266764906609301
-0.0033543903136270233 0.010209834785881909 0.0011881061705303216 0.0012784990066306628 0.0011149463281616054 0.0025067519039817122 -0.0028775462374606973 -0.0012790206053080932 -0.00052017968468806705 0.0056483958463294055 -0.0014278371462781918 0.0015343960819772251 0.00011777701806834446 0.0038166612082562476 -0.011692690880022958 -0.006672888896348911 0.011528971864329281 0.00041209311397394463 0.0034951738929968439 -0.0015030228158756575 0.010123410885626198 -0.0022216184073273549 0.0016846678865450706 -0.0042783776862397992 -0.0093804097841820519 -0.0094517035359318047
-0.0030599078150778669 0.00050331586682043146 0.0052171546241942274 0.000478766376787245 -8.9938917611811532e-05 -0.0028536303926824324 -0.0026984535965007073 -0.0042617723616609447 -0.0026235170484533044 0.00066852620716995655 -0.0054614004302241583 0.00055703956861802089 0.00086203062726630765 -0.0014194210561120229 0.0041852216557994601 0.0026473362250133432 0.0048292072109044314 0.0011746771059988671 -0.0066259037068606905 0.0015340309941925909 0.0059916389479602768 -0.00016132249639074127 0.0019745162634559922 0.0024630567450097712 -0.0025006478148521445 -0.0013306027827640343
-0.020406025456371643 0.0066382054215426154 0.0083392520310146857 0.0036793862730544907 0.001638229481454743 -0.00189936215639387 0.028460400326563679 0.010431907394951293 0.00063155511280138825 -0.0016569243224817535 -0.0021384679065170448 0.00017682027151193146 -0.014700753557265557 -0.0025177634101546421 0.030348086222917823 0.0039315536308787962 -0.017382155072769023 -0.0038500684793012947 -0.015264984493583421 -0.0091756524008723937 0.01710425516013472 0.0093210019910112546 -0.0021574524525436413 -0.0068805748110883575 -0.014471939395836929 -0.0081985294026581529
0.0064222514527092524 0.0068014250946800579 -0.0058244176460798686 0.0008214584401247324 0.0052191404597373373 0.0050926379936430347 -0.01269562653161844 -0.0047637416471466992 0.0031350338783381715 0.0054264029237268913 0.006263515494582002 -0.00046495326283882264 0.0055245375987465163 0.0005623152539002877 -0.0056042161187702978 -0.0069308709335317142 -5.9250398373426752e-05 0.0011731584658666039 0.007728850300230506 0.00026711798756840182 0.00078280924931478342 -0.00060746391002126899 -0.004220479017360057 -0.00088960662559953098 -0.006672148721456047 -0.0064878797803717969
0.0049138173005750189 0.0040769242217092681 0.0014094241896477309 0.0029159179980280977 0.00261817939986297 0.0039661464655734412 -0.00062189690949907635 -0.0047376015963144225 -0.0012360636114521649 0.0038494593704664149 0.00098771806535045362 0.0015608747663670521 0.004299014125356283 0.0020074609234553716 -0.024554831971922059 -0.0074028254359378197 0.0087578408061648599 -0.0025443230126038193 0.0046379822560135078 -0.001382090526621341 -0.0071619489214624528 -0.0019975538464304878 -7.2869980616493426e-05 0.0005638070110117379 0.0060236352519821533 -0.00087619633870344993
0.008481552780644646 -0.0050849470885282206 0.0046362665304597265 -0.00019787162824435873 0.0019073397453833085 -0.0031587473639761283 0.0090153012174434295 0.0074024592238903569 0.00088933839137944485 -0.0095515773262480515 0.0044756365061367426 -0.0047413609803553351 -0.0016071206840137359 0.00071443266132591512 -0.012482023892815029 0.0032118073571979471 0.0007871147459000004 0.0025442806432889511 -0.0031637997844681928 0.0044652898138460356 -0.012216186493578781 0.0039454195280238758 -0.0037205212632595475 0.0014851619583861313 0.0029971022007886342 -0.0010343467986072691
0.014622832727323804 -0.010966605410417656 0.0027979212171858506 -0.0049642153481782034 0.0028099400515197745 -0.0044382791673030376 -0.010499840296509086 0.0014268093549057246 0.0014375470249237041 -0.0049865068360450222 0.0062243871926698727 -0.0053065114883182763 0.00902870076773905 -0.00038617863502034673 -0.022281349072662725 0.00086683264554718949 0.0076131296683985029 0.00098344846120832006 -0.0064436676059756847 0.0083267105110987321 -0.001625141034315985 0.00090617702274204564 -0.0087938886172903678 0.0099906468013278588 0.0051094279769932317 0.0085476720884523627
0.0076781318782970474 0.0040961558485412665 -0.00097183724819715957 0.00097779368782211049 -0.00038248328772594797 0.0025811934185075401 -0.0061941616356187322 0.0012592490612924646 0.0014389386207895294 -0.0024518923766013246 0.0019713286841037889 0.00057415640028899231 0.0061469106850869067 0.0010405213547073817 -0.0017410229631412161 -0.00096190826932249826 0.0053293603573734173 0.0015330143569301144 -0.0020445518379007964 0.0014031309069223149 -0.011815614703077224 -0.0051133457071789127 -0.00050000758779441136 -0.0015804433672646939 0.0010850090378038547 -0.0033576253146444524
0.00041891125561251911 -0.001446147544991604 0.0002366298210755729 -0.00036556244990175479 -0.0001201447911743027 0.0021325924413428815 0.0056756758614632712 0.0028939046485123628 -0.0025372306204392127 -0.0026395440356353534 0.00065729797094435469 0.001401372830437797 -0.0038681363386851631 0.0019632896321461618 -0.012930262865376173 -0.0035318545110910675 0.0059325365179574742 -0.00010749067392556999 0.0039247012213979001 0.0011298747869416736 -0.011286786093801026 -0.00066250944681859995 0.0071219825013475327 -0.00074445875169395917 0.0067748255596768742 -2.3466925322915277e-05
0.0075966076907653919 -0.0088056443776345465 0.0021932057327465546 -0.0029568258529531306 -0.0011023192158239174 -0.0048351109309570416 0.0033280592572305701 0.00051569568774164493 0.0021554261422926332 -0.0041786853160827369 0.00049416893180757827 -0.0023348375823106383 0.0040842216167595972 0.002172845545911635 -0.018542896446341661 -0.0011624802561694871 0.0033162611398800208 0.0025523880599223202 -0.0032883688452954455 0.0061226741179508572 -0.0096774834659814589 0.0031292258402743876 0.00039019049970406069 0.0018291534349166761 0.0090529269622567389 0.0079516016293903619
0.0087328272977598501 -0.0020251148169508361 0.0011353418878997088 -0.0038259562652468672 0.0019155044203583529 -0.0098198743118572338 -0.003597665681273112 -0.0014707212617236464 0.0047568523112312792 -0.0024532019865337561 0.0051609601060646666 0.0029546955855298592 0.0025489257495036098 0.004566243425909622 -0.024332340034979156 -0.0027861146675646578 -0.00065281514226233966 0.0053422834346480881 2.3074334988869641e-06 0.0053235212203487743 -0.0045025539656125928 -0.0043200410064016372 0.0014464919300542158 0.0059196756311312559 0.0073861636877571137 0.0025946050187110742