C:/Users/vmc04/Desktop/Wing saga/Lab reared wings for landmarking/13/TPN/TPNFB/coord_Jul24_Format - {Aligned specimens} - 1 19 26 0	from C:/Users/vmc04/Desktop/Lab reared wings for landmarking/13/TPN/TPNFB/coord_Jul24.txt - TPS like internal (simplified) format - can be converted to other format by using TET	
-0.67169415932641496 -0.068892737260778159 0.2317104390175701 -0.078397458588155222 0.24601712403601403 -0.053057357419486362 -0.026469349325948383 -0.097161138738290936 0.25451872960777006 -0.022136897244970886 0.24493846591997628 0.0015927471526781163 0.21147125352594445 0.023711934779307223 6.1651014153218212e-05 0.0013154330556065042 0.14489638144322708 0.049733608508510621 0.048764313472088663 0.072893921401020051 -0.34562870910528998 -0.027148401405780283 -0.091793436508017426 0.09631636841950246 -0.24679270377107218 0.10122997734083646 
-0.66495563371598898 -0.070904021908080664 0.2287704356567602 -0.085145436210894127 0.24711384785044244 -0.057029859994140619 -0.046790884081578679 -0.094064549130000827 0.25465167060305444 -0.030005686653468738 0.24813438938886756 0.00348852700961884 0.21244555975067375 0.030469754085044324 -0.0047329378442979115 -0.0054080391202335539 0.14973899871159496 0.058504806054460935 0.065424479760269022 0.081115053342403709 -0.33647494815447893 -0.028431644211172523 -0.09993786511055551 0.10148344376346911 -0.25338711281476073 0.095927652972993757 
-0.66789308957418214 -0.074018817416774879 0.23232153430041494 -0.076297264889055069 0.24634252507549795 -0.052786137026049985 -0.035220819735257654 -0.096967841158065379 0.25331836805973368 -0.028120244211878146 0.24503339941869601 -0.002321637975915961 0.20740362400765489 0.024571879060048239 0.004428665477740768 -0.0017937665027370883 0.14512370687485387 0.05257290776994384 0.05585891637010032 0.076980482668562972 -0.34994924085802248 -0.028565790249745655 -0.092089187237695325 0.10123054664306451 -0.24467840217953438 0.1055156832886022 
-0.67264707564898185 -0.062928351014857081 0.22234302814396847 -0.078405762045912028 0.24414919785895053 -0.051993730748255293 -0.042883808422852832 -0.10059101103264032 0.25232732246178252 -0.026746530344920402 0.24998875034070325 0.0015585564520409821 0.21933618109022712 0.028574067700583568 0.003483466097931385 -0.0015843682429602665 0.14671483860089735 0.056282162224366876 0.058385278518967208 0.080709612043636511 -0.33507511689833114 -0.03593230279943796 -0.097026600218619086 0.098272821151071763 -0.24909546192464335 0.092784836657283598 
-0.67555949045551 -0.068752464599406468 0.22849314085065456 -0.081776390078880143 0.24538551906936512 -0.051414405891342177 -0.044457806672996827 -0.10360985433053978 0.25453133751960871 -0.021263470176563434 0.24827448577838609 0.005145414406210763 0.21109169452693968 0.028496802306957222 -0.001738280258090557 -0.0049883904722177082 0.14058876228334205 0.0553703023350023 0.056956762202914214 0.07634874800369762 -0.34216481312513436 -0.029767642810560675 -0.0853579116205887 0.096835906631282359 -0.23604340009889035 0.099375444676359739 
-0.67187032157916216 -0.062505831669528125 0.22766805865826947 -0.077069834359941775 0.24772111810224462 -0.048342769788284709 -0.044942456458535382 -0.095955365558956618 0.2544712877934574 -0.021779914115294556 0.24682358613281305 0.0059466012888461364 0.21588938882995382 0.028223962997037798 0.00082743528804082389 -0.0063947946151256228 0.15061586269585422 0.05174224733494355 0.053210140461716751 0.074277152038347075 -0.34602678553503879 -0.029424171131572426 -0.090759988290343957 0.08812946684756183 -0.24362732609927013 0.093153250731967743 
-0.67330046003174571 -0.067877956124567124 0.23271458866584632 -0.082508867149801449 0.24592251914592897 -0.056520313576324144 -0.039039292365482731 -0.10354318287473127 0.25266179839175468 -0.022884108207690466 0.24088925290458446 0.0043546638244678368 0.21384989098621404 0.023001802563248415 0.011605351387723586 -0.001747559588833826 0.13585574310666976 0.058279924828360349 0.055610420951998106 0.081621700441405237 -0.34387387916275108 -0.033097670438686992 -0.096366929751527108 0.10108784500467101 -0.23652900422921325 0.099833721298482267 
-0.66702488582234354 -0.076011055991401885 0.22714844914595331 -0.082596803266814123 0.2430527464538226 -0.053589840107098871 -0.058381478955670425 -0.10317706910954921 0.25463263929962315 -0.023394636579893543 0.249750225364023 0.00065428493694640944 0.21447093401515036 0.027583871903933042 0.0070575878241036175 -0.0024232828845992594 0.14876955601724778 0.056306720896609791 0.056819240417833476 0.07911017100074616 -0.341642575839044 -0.025891026751177985 -0.091701262489089483 0.1021370979398591 -0.24295117543160952 0.10129156801244039 
-0.66847402083010099 -0.058123445693507428 0.23211076666207497 -0.079085641647479096 0.24821470334145465 -0.051803837004324282 -0.044146365955737316 -0.099515416374354626 0.25373944755805466 -0.020375303589632809 0.24689492523528339 0.003571207108696752 0.21443624524176982 0.032147424985330346 -0.021500220917281408 -0.011887721583584436 0.1602331872580478 0.056287282563078092 0.057622034588255863 0.07826383232529957 -0.3347427260490291 -0.031660583470571907 -0.092090117097781032 0.094670860551931052 -0.25229785903501251 0.087511341829118183 
-0.66836641362054372 -0.067849163867787762 0.23620469628438012 -0.079907953782302199 0.2470792444610794 -0.05717947867168191 -0.043978868405731439 -0.10252576911255583 0.25170754823210995 -0.025362484975626369 0.24293113193835053 0.0025944228678006906 0.21524071482392676 0.026919302671962308 -0.0056250639534281823 -0.0025689616473118398 0.15357520327377028 0.057065565523674533 0.047516164737907686 0.081323297824066429 -0.33897139327597287 -0.029608558876329915 -0.091826616146566314 0.10144009624876188 -0.24548634834928204 0.095659685797329919 
-0.6844744832954639 -0.061587079331814683 0.23889695623475812 -0.076557744765008831 0.24834746349521111 -0.056124117171767567 -0.012743197056173147 -0.087649232972782404 0.25448934370749327 -0.027639495214710815 0.24579183860543688 0.0022104122681471799 0.19927900008379748 0.025768225677607268 0.020556056265847597 -0.0012750373966816375 0.13108704424104223 0.051936814340743036 0.038776332677676592 0.070465137090097982 -0.32721684619916358 -0.020071436952261684 -0.095784033283390885 0.091912281430654372 -0.25700547547707198 0.088611272997777601 
-0.65873275596703695 -0.061535489948692804 0.22511052534059611 -0.079546956684772019 0.25233204040822793 -0.049220839628756369 -0.053966641288165383 -0.10300536249046782 0.25740818488105777 -0.020598680681120883 0.25459948586150744 0.0015719660993791179 0.21985440516081059 0.028894585909803081 -0.015412267806609412 -0.012145980991368094 0.14865287439149399 0.057051319848261804 0.061858589937302991 0.08003821583064144 -0.34410167069524195 -0.030047994795971533 -0.098000251768315741 0.098064894602068881 -0.2496025184556267 0.090480322930995255 
-0.66014786135389847 -0.064250402380123792 0.23231196439374391 -0.077441220529884683 0.24969640661556514 -0.050339710362052377 -0.04188712087622138 -0.10296543802988233 0.25300140999432935 -0.022171972621010238 0.2492888440888843 0.0035975083257767516 0.21859880878459692 0.030335756241567431 -0.034361507479256558 -0.012617203754890739 0.1574490996041463 0.053325998032201859 0.058760126878828395 0.078377814529833376 -0.35199803767552101 -0.031433953893153933 -0.093839484369535126 0.099504423803751824 -0.23687264860566098 0.09607840063786674 
-0.65664510850035573 -0.073418949896927765 0.23556136803077216 -0.08056286178569666 0.24900970877030018 -0.057469910371954397 -0.032253954740180828 -0.090834974970327984 0.25515165333041878 -0.035575551850321407 0.25280102382731628 -0.0027045284231651135 0.2127136130309086 0.02904549591374225 -0.022289657602301928 -0.0020030804543475309 0.1494929020437912 0.058420060730951739 0.050963633068331578 0.084232988144651785 -0.35708596889664423 -0.025493856725000315 -0.097496297510512669 0.10043544615695599 -0.23992291485184272 0.095929723531439179 
-0.65022818600347521 -0.079272289163370979 0.23362732247333662 -0.08529590055467387 0.24980990463060118 -0.058726934481112068 -0.051751993401971078 -0.096769913169697103 0.25559449028516895 -0.030999696474890089 0.25444686322337562 -0.0032705230376014224 0.22326061543955097 0.027933143625823387 -0.032084918291392449 -0.0043458940062387026 0.156257290144172 0.056836072444305705 0.047661333694315501 0.088061351421308429 -0.34635200210849354 -0.028520898971812828 -0.10253080220030727 0.1088999239101697 -0.23770991788488113 0.10547155845778941 
-0.65758275686109668 -0.064251637264852432 0.229999866638184 -0.079403414716470375 0.24676975281497923 -0.05174092998212574 -0.047471746033011596 -0.096998010170589469 0.2557525655674302 -0.028481118730380218 0.25034682989717044 0.0026114000052889622 0.22051089590238046 0.029377302024324568 -0.011550635925336374 -0.0061778484836319874 0.15406515757824518 0.057420070588496769 0.052093804329455637 0.081186926946679033 -0.35675499436793245 -0.034558563022948623 -0.094294708477280748 0.097389809727349244 -0.24188403106318801 0.09362601307886044 
-0.66479491949648939 -0.069789105999330206 0.23119199566069909 -0.080741084997791715 0.24701460871638284 -0.052185688421970196 -0.035598988718945179 -0.095356404244134954 0.25175840716190884 -0.028666929182417561 0.24901523005981099 0.0034384723286891264 0.21048068559776187 0.030298065867281763 -0.022739181933416532 -0.0087474257699238778 0.15465781274266979 0.055775612323013243 0.058059227850418858 0.080908027228940457 -0.35620176607844156 -0.030105643921577045 -0.086666083713055383 0.098218793569251769 -0.23617702784930453 0.096953311219969196 
-0.65749797876918337 -0.07713635187246537 0.2331071711867416 -0.083317940518971748 0.24598813363623551 -0.059143654857584362 -0.037939206547123898 -0.097717001140940493 0.25640547962990234 -0.030201404869675277 0.24880758110174966 -0.00029810324857707052 0.21839462000822893 0.030502542571657285 -0.028350057196143606 -0.0063771165869022173 0.15201487730512145 0.058425473614721266 0.050836453786288129 0.085886525760902083 -0.35453063499676257 -0.026308630744027041 -0.093381063539348441 0.10077466589173655 -0.23385537560570513 0.1049109960001266 
-0.65629509594559632 -0.070348973444197452 0.23202616256217967 -0.084179016241749643 0.24898119110424896 -0.064122974828930021 -0.044860795218795005 -0.099693572111084233 0.25898142201543728 -0.028473313252184634 0.2534494835291799 0.0049912257749735855 0.21683784355641122 0.032893100932634554 -0.034138517801466345 -0.0080002283291338658 0.14803089678490791 0.061209768764035714 0.054121705070130512 0.085079378038162984 -0.34932114045737345 -0.033754946999539855 -0.092315363305361275 0.10485527066227654 -0.23549779189390257 0.099544281034736254 
