C:/Users/vmc04/Desktop/Wing saga/Lab reared wings for landmarking/13/TPN/TPNFA/coord_Jul24_Format - {translated and scaled (first one is consensus)} - 1 20 26 0	from C:/Users/vmc04/Desktop/Lab reared wings for landmarking/13/TPN/TPNFA/coord_Jul24.txt - TPS like internal (simplified) format - can be converted to other format by using TET	
-0.66540566599676387 -0.069761614220902879 0.22969840887425533 -0.083398409267604778 0.24641971708628263 -0.057369447293542798 -0.046609033619634158 -0.098225718167590279 0.25513211392167545 -0.027173686832988403 0.24842194493044101 0.0021562453706323943 0.21530401410273642 0.029916863858561314 -0.011434760681712616 -0.0044456950884852967 0.15112449455754387 0.058272739273132063 0.055288129368221903 0.081812445008510329 -0.34634795331678514 -0.02939237174138043 -0.093147302429807441 0.10042775253257975 -0.23844410679645306 0.097180896569079384
-0.67756420055664457 -0.064958735614656427 0.22941012416266254 -0.089963040306166142 0.24759507302921507 -0.066095294918815953 -0.042227549531465652 -0.09905551473944231 0.25327786955001297 -0.036544753010668125 0.24532195442089627 -0.0013114145817225374 0.21008861599195061 0.031648805238904017 -0.010403889014998793 -0.0047210924942010391 0.1464412949590167 0.061199347147051907 0.050970313409615921 0.08506709253440202 -0.32182113835471082 -0.027452278577391763 -0.091099599610325724 0.10779827861759265 -0.23998886845522449 0.10438860070511398
-0.68364714562582696 -0.046153782503508815 0.22772884301132498 -0.095255511194866596 0.23850727126064769 -0.072501051557408144 -0.042929466360549201 -0.10004592375012102 0.25287850892641106 -0.035375354254186385 0.24329768381590211 -0.0090280852002871132 0.20976479592912123 0.026900008964120956 -0.015384594167836194 -0.0030400695062190973 0.14150141701674598 0.059235293712088244 0.05527399102216643 0.085582562765987649 -0.35430628245208573 -0.018608910310795954 -0.075264751108516215 0.10354660984819163 -0.19742027126750381 0.10474421298700527
-0.66649637018800867 -0.092332328110202797 0.22982633454758913 -0.08293034169689234 0.24445164674607209 -0.056813712771029881 -0.036563280496207509 -0.10277897968054776 0.25385363315938259 -0.026518423217029501 0.24549631190310658 0.0058661966510398242 0.21311169203503733 0.034072155890971283 -0.0020893303140690146 -0.0035357897622705827 0.1441637916707606 0.064367445444971694 0.047009932066552323 0.085260748585661544 -0.34682883213545279 -0.033831079316271016 -0.092975198976070081 0.10510938656931698 -0.23296033001869268 0.10406472141228242
-0.66713703003356273 -0.09436609594393737 0.23338972412302628 -0.074562845563179048 0.25319297450378458 -0.043294555488297547 -0.039686675864272686 -0.10895796464554888 0.2604889088545902 -0.01098398907758657 0.24902386916046707 0.014030642982318684 0.21567102641392671 0.039045275042223875 -0.0021647277744149176 -0.0036880547267808738 0.12916209054008768 0.063017630766299793 0.037441772987101662 0.079694052139569899 -0.33777770791147699 -0.049548213503273875 -0.093885045327400773 0.10053957885615755 -0.23771917967185585 0.08907453916203438
-0.66878346415991718 -0.07500761740979911 0.22890968576661919 -0.08145810710986999 0.24611099163347511 -0.053505985076229362 -0.036635473552966966 -0.098659412976725785 0.25256148133354589 -0.021253536575874712 0.2471860732501536 0.0023982589910519357 0.21063329828308516 0.029275299408014176 0.0074428727308509749 -0.0019020674756619505 0.14182807481566201 0.059377584675011807 0.059046790331418471 0.078729053775224503 -0.33980848945630021 -0.03415451597601657 -0.093614799236926782 0.099155604492115815 -0.25487704173869974 0.097005441258758901
-0.66877544812704959 -0.092448626322876509 0.23259865852099676 -0.080023669965572738 0.24841223933938367 -0.054044215763937191 -0.055434420671048236 -0.095837250783959452 0.25293040528749405 -0.024676137101218961 0.24276453190424555 0.0080805660225822216 0.21000782878044419 0.031800937250162316 -0.0057345952418325231 -0.0054739318217493661 0.15240121294203532 0.058909932938825425 0.051872020596576446 0.084889387140460917 -0.34685612432417579 -0.033712468997439876 -0.085932040820794031 0.10296205093290288 -0.22825426818627498 0.099573426471820076
-0.6585611535655741 -0.08810645204589454 0.23722845260002648 -0.07753042363780005 0.25520770089378703 -0.048975146935945145 -0.044093903055286175 -0.10291289181722685 0.26049571509783415 -0.017247061711661779 0.25309249521216814 0.0091930093085744215 0.21078838157979021 0.034575477488001119 -0.010250612149383897 -0.0024406219403295413 0.1409865940863668 0.062073151349046701 0.040514324209469599 0.083225208165235598 -0.34128030132274034 -0.038399118527850662 -0.096974045095758299 0.095916442254948997 -0.24715364849069962 0.09062842805090178
-0.66399199150876054 -0.066808723779814824 0.2274869164281437 -0.081423132106649254 0.24627686999121637 -0.055325974380159161 -0.053318500708890701 -0.099169199360662624 0.25567184677275284 -0.024009385108370959 0.25045241522745454 0.0031316589271787976 0.2170480533375474 0.029228816653668964 0.00096358736220884193 -0.0010438863090596882 0.14710767063055386 0.057413746998278267 0.056289561742368051 0.078291473179470411 -0.3508260987908785 -0.030272702962728628 -0.090898407835036443 0.096037540433483753 -0.24226192264867938 0.093949767815364599
-0.67714715848537899 -0.033341450946573745 0.22076198582869916 -0.08839719558121624 0.23477617537206272 -0.07037895188260597 -0.057519777960948114 -0.088397195581216184 0.25379543260948467 -0.038346518640632044 0.24879036491542636 -0.010318139553904959 0.21475590459582908 0.019712266610445422 0.007546102061811253 0.00069300937302348002 0.15469509226712841 0.046739632158360876 0.065604887312888729 0.073766997706276247 -0.34681269067752418 -0.015323207247963452 -0.088551197664110307 0.10079436325419162 -0.23069512017536906 0.10279639033181497
-0.66218472500117831 -0.072376936053032678 0.22972182543696307 -0.080171375320282359 0.24976466926703339 -0.047880126927390861 -0.047537514212346935 -0.10132771047424569 0.25644561721039022 -0.017815861182284988 0.24642419529535495 0.010021421915035331 0.2119059642546777 0.03451823104067709 -0.0096788091999915095 -0.0089079305911425061 0.15511790673614451 0.05790154884242614 0.054903687585791582 0.080171375320282304 -0.35263413695897688 -0.037858705012355574 -0.088736693196380986 0.093533271206996033 -0.24351198721748155 0.090192797235317632
-0.67341191521088772 -0.046958486255231177 0.22790178383652962 -0.084559303148006873 0.24559628590371832 -0.058017550047224024 -0.055210249238487399 -0.088982928664803951 0.25444353693731259 -0.030369890567241906 0.24449037952451877 0.00059548805033810188 0.21131318814854036 0.026031334771921655 0.0022968824798754099 0.00059548805033810188 0.15712377556777535 0.048149462355907342 0.063121733335835956 0.072479402698291631 -0.35269906524309513 -0.019310826775249073 -0.092811066131263123 0.092385717523878697 -0.23215526991037294 0.087962092007081591
-0.66421617337908889 -0.060976700480390923 0.22782678430140835 -0.086848015958363639 0.24541927882642989 -0.063046405718628795 -0.048478865003339568 -0.096161689530433789 0.25680265763673787 -0.028896269287704893 0.24748898406466768 -0.00095524857149433483 0.20712973191903022 0.024916066906478213 0.0032637659526057955 -0.00095524857149433483 0.15952651143956054 0.051822235003569778 0.056041249527670055 0.082867813577136989 -0.34237700883310895 -0.02372200619211039 -0.099186643340165914 0.10149516072127733 -0.24924027311240743 0.10046030810215846
-0.66381294938340152 -0.055186152296303907 0.23080112187776461 -0.082197446718440439 0.24592744675416112 -0.056266604073189314 -0.044714081228029404 -0.10164557870237884 0.25349060919235938 -0.030335761427938059 0.24592744675416112 -8.3111675145001033e-05 0.21891615233202458 0.024767279193220786 -0.012300527921465351 -0.007646274113343266 0.15516949749578207 0.058261284276670273 0.059009289352975398 0.08203122336815051 -0.34507967520218891 -0.026013954320396101 -0.098736670072302649 0.098238000021432473 -0.24459765995184068 0.096077096467661577
-0.65607535269072648 -0.062930024731707418 0.22630933013272514 -0.086209017620265685 0.24515422913774873 -0.05627888390640489 -0.057472678413510454 -0.10283686968352175 0.25291389343393483 -0.028565797134311559 0.24958832302128367 0.0013643365795492368 0.21965818930742273 0.027968899880758763 -0.0064805987528587725 -0.0086123746584043943 0.15868939840881754 0.059007557065503292 0.066681950325467615 0.084503596895829189 -0.34347173390151375 -0.030782844076079088 -0.10513918766151102 0.10113144895908516 -0.25035576234728002 0.10223997242996899
-0.65732463641269523 -0.093270730354299738 0.22272983547868194 -0.081319373328614428 0.24337308852304756 -0.05307071126790356 -0.03150812306771586 -0.096530191361304835 0.2542379585463978 -0.021562588200187544 0.25206498454172771 0.011032021869863464 0.21729740046700666 0.038194196928239214 -0.031508123067715978 -0.0096112311745022976 0.15428115433157477 0.06535637198661505 0.065189220140101908 0.084913138028645654 -0.35528124976355602 -0.036773406232878149 -0.093437882200812949 0.10229693006600617 -0.24011362751604254 0.090345573040320787
-0.65370537046192112 -0.081221417017021569 0.23382916523669278 -0.081221417017021569 0.24661477679537644 -0.056715661529544839 -0.046388821424454191 -0.091876093315924501 0.25620398546438894 -0.029013503152397199 0.25087664731493747 0.00081959048453093093 0.22104355367800929 0.030652684121459196 -0.027210404086429038 -0.0034422800350301795 0.15605002825470138 0.057289374868716512 0.049503265265671996 0.082860597986083515 -0.35643990172252948 -0.031144438412177792 -0.094334864769517496 0.10310448295399914 -0.23604205954492652 0.09990808006432822
-0.65134239945689321 -0.078728442704111765 0.23538848152626166 -0.079764343266008092 0.25403469164039327 -0.053866829218602898 -0.039125167376233783 -0.096338752256347443 0.25714239332608202 -0.023825712923612838 0.24989108939280846 0.0082872044951696928 0.2208858736597146 0.03625651966636733 -0.039125167376233783 -0.012430806742754484 0.1587318399459422 0.061118133151876343 0.047890479823047817 0.085979746637385293 -0.34575173369751144 -0.031077016856886269 -0.098171499404317658 0.09737465281824359 -0.25044888200306026 0.087015647199281537
-0.66386424861488236 -0.065324376926934227 0.2269916736312694 -0.08176083305693703 0.24123660227727181 -0.05655826699093279 -0.039278915674776101 -0.097101525444939621 0.25000271221327341 -0.030259937182928281 0.24781118472927283 -0.00067431614892324385 0.22260861866326864 0.025624013659081197 -0.030512805738774421 -0.0039616073749237724 0.16124584911125808 0.057401162177086698 0.065914403557241943 0.082603728243090965 -0.3515715821448292 -0.024781118472927285 -0.094067102774785194 0.10013594811509401 -0.23651638923480947 0.094657129405093007
-0.66257639250473677 -0.052955597317087481 0.23160707189079185 -0.090167638675040976 0.2458352053511858 -0.066089258972835824 -0.055144540926378854 -0.094545525893623764 0.25349650798370565 -0.036538520247402194 0.24802414896047695 -0.0091767251312599527 0.22175682564898039 0.020374013594173603 -0.024499330396299701 -0.0047988379126771945 0.15499404556559346 0.055397111342835668 0.057586054952127139 0.080569962849686594 -0.34627404096213238 -0.01355461234984268 -0.091262110479686687 0.10574281435653742 -0.23354344508362634 0.10574281435653742
-0.6600955001617308 -0.069176566523255129 0.23027385605693979 -0.082565579398723873 0.24701012215127582 -0.059134806866653587 -0.058705671838593682 -0.10041759656601539 0.25705188180787725 -0.032356781115716153 0.2559361307349215 -0.0011157510729557752 0.21800059425442689 0.032356781115716042 -0.025233139649921816 -0.0044630042918228953 0.15105552987708304 0.061366309012565026 0.056216688675846178 0.082565579398723776 -0.34433794651526012 -0.030125278969804711 -0.094409706173177177 0.10041759656601554 -0.23276283921968735 0.10264909871192696
