C:/Users/vmc04/Desktop/Wing saga/Lab reared wings for landmarking/13/TPN/TPNMA/coord_Jul24_Format - {Aligned specimens} - 1 19 26 0	from C:/Users/vmc04/Desktop/Lab reared wings for landmarking/13/TPN/TPNMA/coord_Jul24.txt - TPS like internal (simplified) format - can be converted to other format by using TET	
-0.68642866523567581 -0.041266211729827987 0.22643204429017227 -0.088834171283126914 0.24580421119812759 -0.067225746081367291 -0.021720244110867308 -0.094281468277456981 0.25152252690436272 -0.039912444117764456 0.24130817645783226 -0.0091686006952334774 0.20035782197299992 0.019328905225198974 0.0091008732419176584 -0.0055252759500987866 0.14347480133540164 0.051256952604559543 0.050156499457821017 0.072976249097553084 -0.3278367251993296 -0.009746932242390649 -0.084134555145245635 0.10042730024117393 -0.24803676516751635 0.11197144320878054 
-0.68829485623716313 -0.039569453961576961 0.22743523505065608 -0.085219678335854698 0.2447215617299095 -0.06737831997327029 -0.021874840394806382 -0.09018156140753443 0.25307789441349487 -0.041460073358367017 0.2456344135387141 -0.011883361417101132 0.20425168668296453 0.020517339735929719 0.0032686761709546787 -0.0078966208643620438 0.14242716779787901 0.049855723682633649 0.042021424460855439 0.07529731430841273 -0.3241687316942396 -0.010440509377598996 -0.083319052346464695 0.1000162065921007 -0.24518057917275382 0.10834299437658899 
-0.68720362614439956 -0.038214466572227837 0.21764350350546513 -0.085988635911984537 0.23936828727101583 -0.065455776300616539 -0.019445410490158157 -0.08817691124526171 0.24873955222353672 -0.040752669261325702 0.24781883855637876 -0.01188717596764902 0.2118598027757975 0.019173497469506383 0.017992482278704074 -0.0017337242482019326 0.14291219331483843 0.049329179586577725 0.048175678503154677 0.074429275889484281 -0.33354335714202477 -0.011731865223580995 -0.08676480066563419 0.098651894979685906 -0.24755314398667497 0.10235737680559355 
-0.69434927889024523 -0.037371388242108304 0.22952162286745303 -0.078549287932830753 0.2418843780281775 -0.05918466684612135 -0.0348843386518293 -0.08272600360640063 0.24893819898495473 -0.03992523657295325 0.24306123438788407 -0.011362182685179384 0.20643452773333579 0.014467190802475769 0.019749387218766474 0.001208392598715092 0.14642747241871157 0.040895511551338401 0.051381451358035096 0.066629572930828121 -0.31569110181986759 -0.0096868141802561661 -0.088259617015798222 0.091480031476570467 -0.25421393661957703 0.10412488070592205 
-0.68707157435136423 -0.036041308497678892 0.22175462516652911 -0.085812947501235262 0.23737219422722183 -0.064305917584436489 -0.01852672279307855 -0.087394725093433059 0.2465950770910886 -0.041834280101209563 0.2439767886196702 -0.0099756946735060446 0.21484796081064131 0.017220541593495717 0.027932228195535633 0.002639483412023524 0.14632078222198336 0.048061923521417117 0.044937597623071764 0.072016424010682506 -0.3291365888188833 -0.010314429600032078 -0.094682452092308425 0.093254196980163379 -0.25431991590010705 0.10248673353374929 
-0.69050481989470502 -0.031697501949674307 0.22046535605883044 -0.080101983706129545 0.23780908229978792 -0.060667181879419114 -0.019315387908854779 -0.087574075676945723 0.2484012957486009 -0.03917898261595229 0.24317099195952541 -0.010296930155181979 0.20559418124132645 0.017727707606869557 0.017387783860818986 0.0015770816284311246 0.14682483150059816 0.045190590911139861 0.065895376067149819 0.066485169780237871 -0.32383493600868757 -0.010816312116235419 -0.085540605370593006 0.094840263456705043 -0.26635314955379685 0.094512154716154845 
-0.68996499356855956 -0.040285159477878925 0.21836235259123316 -0.084975317016762503 0.24079398807924593 -0.062658779667830192 -0.034502848265695309 -0.08500218885108006 0.25280256180826755 -0.039517216912647563 0.24591624409666701 -0.0084416481630840701 0.20684966391188297 0.018846554570839405 0.0085458017195401987 -0.0029450513793011827 0.14901726997141659 0.047827834012243227 0.055905661861806295 0.07191705371438685 -0.3336221282838685 -0.012103120865808991 -0.079830783427468854 0.094084087688290671 -0.24027279049446687 0.10325295234863323 
-0.69471913344886105 -0.035868874866085212 0.22159869695324483 -0.085005870321909843 0.2424440391274659 -0.062731888711418216 -0.038169743280465671 -0.088572579567144011 0.25023051716532191 -0.038580576890827264 0.24692454751895182 -0.0085201172424797661 0.21052930577532292 0.020210687682975091 0.0041379058545479418 -0.004897516293753847 0.14604991930682373 0.048664335410971711 0.053516083527467916 0.073831810435273995 -0.31277213358363493 -0.012037453911478379 -0.079098365116351196 0.09459132593108302 -0.25067163979983448 0.098916718344792334 
-0.68231839013394346 -0.028033726110192909 0.2290084089310904 -0.079326666138881743 0.24409898190388982 -0.058259183988895513 -0.036443520313169893 -0.084937847309864603 0.25390540235255815 -0.035011217147602608 0.24780175860671705 -0.010528991405367321 0.21414678525908551 0.018498544910251165 0.013235253285534508 -0.0069213396732612708 0.14754111654130084 0.043637486144604581 0.04586187438417208 0.064910874946539077 -0.32435996633795056 -0.0085647536796849884 -0.088687413872147833 0.089725741909376988 -0.26379029060713638 0.094811077542979114 
-0.68589483937754836 -0.037534499705428395 0.22071470919386216 -0.086416805289183288 0.23951971466094737 -0.069127385779452613 -0.031030896058920749 -0.091138678316425345 0.24966085453149384 -0.044076699696994487 0.25118921104996361 -0.0068881172796354624 0.21101187921663075 0.019844172054678332 0.014889515575942475 -0.00084720375706061899 0.14572000849526223 0.051246814056821827 0.049715106071986384 0.076442087126938549 -0.32338392140757538 -0.012219304539982922 -0.092269949976341969 0.099985408882818982 -0.24984139197570265 0.10073021224290553 
-0.69308112174638525 -0.030726032380188738 0.2254409021921564 -0.081446872866380249 0.24558125026529978 -0.060843789258602357 -0.022390781317301565 -0.088574389855367655 0.25373450982258944 -0.032346083504842686 0.24861030561320527 -0.0080442990854784242 0.20274266972290025 0.015794749799251332 0.011923640215048872 -0.0065385784884544962 0.14258307472049733 0.040958658922974921 0.04499941397884142 0.066708812845662699 -0.31839215950758865 -0.0079700771574614596 -0.089973827513893184 0.095246627199035594 -0.25177787644536936 0.097781273829851703 
-0.6857282604098498 -0.033413080249073634 0.21933888412408967 -0.086332135677912383 0.24275260175365326 -0.060774171700225574 -0.025361231463218979 -0.08650015917670642 0.25363678511599325 -0.038866665098086582 0.25024535174780732 -0.0090682446169723235 0.20938043735900025 0.017453864277005793 0.014309191271124995 -0.00073133701250185088 0.14551912179693491 0.046240103649009844 0.048952457606177557 0.069759315185844828 -0.32653064417685762 -0.01289169419231162 -0.09271957747681403 0.09299548461890865 -0.25379511724804138 0.10212871999302109 
-0.68620515799675463 -0.024597860778874422 0.23139408395615318 -0.08092464998165709 0.24409943281260318 -0.060943838344053543 -0.026615955696025342 -0.083364108532971007 0.25391835183041017 -0.034794838789887476 0.24851446517644826 -0.0082505109964449066 0.20550828076688771 0.017239252364310276 0.014056902615262257 -0.0031773098230393777 0.13921317142585221 0.04536489311485848 0.050380438705275497 0.06595151892473558 -0.33258802774054624 -0.016516962835416142 -0.091171976578861613 0.089938323387006761 -0.2505040092767048 0.094076092291433183 
-0.69266600781532428 -0.0293955523179159 0.2201726289596582 -0.08617070248346656 0.24350679091703631 -0.061858146911276571 -0.019150868144846504 -0.084411697975683639 0.25356010530242951 -0.031969458505549816 0.24808946042740243 -0.0064705473432003545 0.20938203629318897 0.020226775175995599 -0.0056469888891559576 -0.0079963409137709662 0.14740374297670356 0.045879397363601984 0.049963642362626147 0.069412479471312252 -0.32697704559746882 -0.011554270255758415 -0.084046258655738185 0.090829035440798331 -0.24359123813651262 0.093479029254913887 
-0.70183627755427069 -0.034037105301618749 0.21664246277795457 -0.084898911343285671 0.24557043017861646 -0.059824213804053526 -0.013252287683619156 -0.081476628926851563 0.2507430342933164 -0.037428684062771118 0.24707078678871086 -0.0091342005641490871 0.2073189663888374 0.019100758451875581 0.00024602398916686414 -0.0063382440163479489 0.13602669330635675 0.04826927269195886 0.054329687511878555 0.068726300344744765 -0.32453681458424527 -0.0091268538370538575 -0.085942444693156053 0.090917073413639513 -0.23238026071954701 0.095251436953912166 
-0.68266429340123036 -0.037616650399952482 0.22643955579614974 -0.085495053465039855 0.24357579251599812 -0.064640304102037638 -0.02002253691796671 -0.085139373100684895 0.2496074159722228 -0.041338045951133703 0.24359390443984402 -0.0066479418676347697 0.21395132783082527 0.017351504391505831 -0.0061908574020064742 -0.0051120813660938133 0.14872169967009297 0.046507413767038826 0.047774297187352384 0.074130873746730774 -0.34205632156305532 -0.014161618251535437 -0.085589997618044616 0.09792688544135697 -0.23713998651018151 0.10423439115747998 
-0.67978505790713284 -0.033651612646658079 0.23017564107651309 -0.082864631724042265 0.2489086901398655 -0.060082955021979897 -0.038323873375723849 -0.088368366536485235 0.25753018867627425 -0.037466224189311011 0.25034929933992928 -0.010612053363723756 0.21392060939921531 0.0180126184007143 -0.011592454615893368 -0.0047707681221891615 0.14150308516950313 0.048297827191074116 0.044478401342413501 0.071438801282731945 -0.33737242806865564 -0.012332701808633323 -0.081720773813759112 0.091856253856821057 -0.2380713273625478 0.10054381268168133 
-0.684147522685979 -0.028680419410757423 0.22285703587168029 -0.083834220019500263 0.23944826974439345 -0.064563609518461684 -0.01823204209671949 -0.090130262278075565 0.24924212185047745 -0.039767132591421138 0.24772518380512248 -0.007256258019509197 0.21260310557842063 0.021480974314642746 -0.018160371090317949 -0.0037584481720004752 0.15619913536300314 0.047716079751661776 0.053771334610658091 0.076756771202236035 -0.33202649963153441 -0.02103455227617828 -0.079977632941214405 0.09868648520791766 -0.24930211837798932 0.094384591809446333 
-0.68374423278359764 -0.031429899722003218 0.23182920051141076 -0.079169083203515817 0.24681991056198893 -0.062133522926913147 -0.036147927359895152 -0.083476631569976603 0.257380564789708 -0.035920959816007327 0.24816182013621868 -0.0061912249020218916 0.21318695438171353 0.019620963381926919 -0.020849464939212432 -0.010531376269189039 0.14201658648281901 0.044292046641151051 0.053298149114499142 0.067374721684240579 -0.33432950979203596 -0.016273456666732161 -0.081053617238164261 0.093159493512749436 -0.23656843386545209 0.10067892985629157 
