C:/Users/vmc04/Desktop/Wing saga/Lab reared wings for landmarking/13/TPN/TPNMA/coord_Jul24_Format - {Procrustes residues OP} - 1 19 26 0	from C:/Users/vmc04/Desktop/Lab reared wings for landmarking/13/TPN/TPNMA/coord_Jul24.txt - TPS like internal (simplified) format - can be converted to other format by using TET - Orthogonal projection of the preshape data to the Kendall tangent space
0.001409800994428956 -0.0071056706834023127 0.0024989732639027038 -0.0051271293012987657 0.0031004848110265876 -0.0044910994267762178 0.0043387434179218889 -0.0074154434111010385 -7.8424477712270464e-05 -0.0015061969353341628 -0.0053449534963577322 -0.00019348610778565696 -0.0086708506758778944 0.00080738724168837343 0.003086700020158463 -0.0016173536831156539 -0.001487480768923292 0.0044691654524998707 -0.00010420773246249846 0.0022181922017305306 -0.00049431685549404612 0.0023261587359498215 0.0018561831587505814 0.0058191999972606219 -0.00011065165936087907 0.011816275919684163
-0.00041515833795544889 -0.005406865201634305 0.0034887406194170725 -0.0015076186336953601 0.0020032867529465284 -0.0046399127639572156 0.0041857092093881528 -0.0033103294593279944 0.0014618611078539645 -0.0030515239585513125 -0.001033501747696714 -0.0029077088269491864 -0.0047895159442247993 0.0019947115017741298 -0.0027458575633556191 -0.0039884643415678414 -0.0025438039002119348 0.0030651318916178555 -0.0082422955484975115 0.0045350159039634682 0.0031932988058534575 0.0016333053080022687 0.0026768405713569212 0.0054024351767202085 0.0027603959751267729 0.0081818234036055426
0.00067699229695152366 -0.0040518320948395546 -0.0063032906179825918 -0.0022764641837265884 -0.0033503125191401326 -0.0027172851328031451 0.0066151739890795928 -0.0013055630432534738 -0.0028768178025558944 -0.0023440684619869482 0.0011505931712426547 -0.00291151136599783 0.0028183204031275153 0.00065084444778990285 0.011977940495556467 0.00217443750460966 -0.0020589723879446192 0.0025385251789273818 -0.0020881087706817246 0.0036668827887123209 -0.0061808885558155445 0.00034196561957701671 -0.00076879266541687191 0.0040379969491949799 0.00038816296357943158 0.0021960717937959257
-0.0065915527445041507 -0.0032148570397105627 0.0056148376276494881 0.0051479283210637905 -0.00079085922912648047 0.0035426158692425797 -0.0088284099878096715 0.0041298247232386693 -0.0026332188902899755 -0.0015234976054452703 -0.0035629428463014681 -0.0023881216176269166 -0.0025696086421396853 -0.0040521530820305631 0.013735919954695232 0.0051158561446626718 0.0014822063253561472 -0.0058867835410774602 0.0011266438868541618 -0.0041201782191491159 0.01161288230816301 0.002384859630490488 -0.002278972505339337 -0.003116963447750835 -0.0063169252572063146 0.003981469864092535
0.00064595643573033597 -0.0018867735418802243 -0.0021390740501095974 -0.0021206228530575898 -0.0052888601022496162 -0.0015823009065881249 0.007527683056499734 -0.00054397297164652354 -0.0049616379273472152 -0.0034347854875078298 -0.0026329748945701091 -0.0010021580865801287 0.0058560394869214896 -0.0012977199452352942 0.021919112382948237 0.0065467185899097105 0.0013839873194750024 0.0012823625765914018 -0.0053142727527727852 0.0012708077639037784 -0.0018517336668399825 0.0017565386930012241 -0.0087068326404004942 -0.001337269311045814 -0.0064373926472846392 0.0023491754801355097
-0.0028199419548422056 0.0024554113478675076 -0.003417712678826134 0.0035863672281774123 -0.0048404504761656274 0.0020534566793883324 0.0067377808768188732 -0.00072744723125297628 -0.0031434753501034846 -0.00078131121130844451 -0.0034270625163766309 -0.0013238196320194337 -0.0033878171402344642 -0.0007896746842954792 0.011374953551135372 0.0054841312906838552 0.0018949182010886735 -0.0015867489388486171 0.015645891651489548 -0.0042570874627402789 0.0034343796494529341 0.0012540830468921219 0.00043093195654430997 0.00025328837091080452 -0.018482395769980033 -0.0056206488034548779
-0.0020742486051256318 -0.0061220220808514397 -0.0055877383283377408 -0.0012619129334521086 -0.0019281848531019124 8.063509442565633e-05 -0.008441880139823027 0.001870438213280656 0.0011824876529129653 -0.0011080506873704368 -0.00075563257472294762 0.00053414857234638526 -0.0021948958307996974 0.00032362887091419803 0.0025311713942988744 0.00096316790687482308 0.0040439700993147492 0.0010364907836224522 0.0056411346378416813 0.0011536188966117104 -0.0062548404845890575 -2.91122797238215e-05 0.006166490548923295 -0.00053120318523443419 0.0076721664832092064 0.0030901728285562952
-0.0068790415807582009 -0.0017082530846086715 -0.002334903316629393 -0.0012986305067896596 -0.00026026086582210195 2.9062102884703416e-06 -0.012110694163843874 -0.0017063494015532945 -0.0013710288506489656 -0.00017423893904072377 0.00027083462455117094 0.00045501855676126937 0.0015001391079077918 0.0016891259256936191 -0.0018762815811132032 -0.00098958479078400745 0.0010872945985217299 0.0018764376806173016 0.0032552575509875929 0.0030735863098014294 0.014571048401518417 3.5665600415259427e-05 0.0068925764182268213 -1.6997909692399683e-05 -0.0027449403428978772 -0.0012386856511089755
0.0054374544826487807 0.0061227116486757627 0.0051022362429558911 0.0043703211408463692 0.001424408543936989 0.0044679271206741556 -0.010387662931503654 0.0019177434044538744 0.002334672712338279 0.003390416762574159 0.0011782560731719255 -0.0015549548885495674 0.0051432206654452115 -2.0748310069201745e-05 0.007221802472770913 -0.0030138868171340747 0.0025962469811034649 -0.0031446809634230102 -0.0043927956027152758 -0.005838682650223118 0.0029431223701331683 0.0035068871060511307 -0.0027070045827307398 -0.0048709942217725543 -0.015893957427554485 -0.0053320593321039694
0.0019761906763193868 -0.003372341421972663 -0.003228963328859896 -0.0027058004272653463 -0.0031955018677504261 -0.0063897691252500152 -0.0049706748389104398 -0.0042685410166077393 -0.0019520082068685447 -0.0056686342762334698 0.0045244039805078431 0.0020874222099718466 0.001973310679122453 0.0013217772207485567 0.0088750576296636602 0.0030609035197732698 0.00075086354967659314 0.0044568118654326055 -0.00054798057349120623 0.005680680385174392 0.0039739840638837679 -0.00014564199429605696 -0.0062751406769233475 0.0053728296781407007 -0.0019035410863698717 0.00057030338238404921
-0.0052116240922193257 0.0034360497987664688 0.0014977285583277619 0.0022639455089533229 0.0028665744436664918 0.0018936876323294336 0.0036693818472397907 -0.0017044460798688256 0.0021222076129584592 0.0060618963526289597 0.0019460480494856896 0.00093122040893583676 -0.0062954331304520203 -0.0027276037715475944 0.0059091956674351565 -0.0026304799178782697 -0.0023857472711263641 -0.0058312390323260379 -0.0052635606934091934 -0.0040524362578904516 0.0089650166946691704 0.0041035584912111735 -0.0039792097887876941 0.00063425876684490188 -0.003840577897787014 -0.00237841190015875
0.0022105456567230444 0.00075244403581651437 -0.004626853594767953 -0.0026128827609358815 1.3470466402703586e-05 0.001969626498652793 0.00070155747342327563 0.00037853744785680283 0.0019991309329608136 -0.00045481532616640152 0.0035562407661828064 -9.182076641375608e-05 0.00032127222698796797 -0.0010703555706442086 0.0082941407196042514 0.0031771553305971869 0.00053569302461372887 -0.00055450876674477748 -0.0013155814670811694 -0.0010090636855669289 0.00085951590715384807 -0.00081684202724795272 -0.0067162950988196119 -0.001626416774217852 -0.0058328370133841024 0.0019589423650143156
0.00164796425279971 0.0095634081383793104 0.0074562415080956321 0.0027841755759604077 0.0013905350506677439 0.0017921450200219138 -0.00055641291909750779 0.003503767218748944 0.0023120394971554254 0.0036122267281453219 0.0018560796960738601 0.0007247948269695167 -0.0035248457304477288 -0.0012826602637878708 0.0080426012473698676 0.00073069571143687096 -0.0057521994415040308 -0.0014238909612643005 0.0001186605921833504 -0.0048080456382341282 -0.0052386445953016246 -0.004443614611421523 -0.0051794060395442543 -0.0046717927054310713 -0.0025726131184504045 -0.0060812090395230833
-0.0047945017211291682 0.0047666296074207913 -0.0037711985430157586 -0.0024596396894473803 0.00079140641756194003 0.00087951316041892517 0.0069093711101088648 0.0024584994425090605 0.0019470684356850945 0.0064386334954671456 0.001424482653860591 0.002504998357918369 0.00034332309078820593 0.0017043675236645315 -0.011661450997733233 -0.0040882309323360903 0.0024344977053937823 -0.00091063720875254656 -0.00029947906736069396 -0.0013489762407991762 0.00038108642163893524 0.0005194006454922413 0.0019486101562858102 -0.003783609240402744 0.0043467843379145533 -0.0066809489211532569
-0.014130733520679079 0.00011683434873372052 -0.0072473340245922356 -0.0012080454324830783 0.0029136053737868241 0.0028983096160279803 0.012801664043842698 0.0053726094069178991 -0.00080929615122103931 0.00097014125684406457 0.00046532162417715385 -0.00016082038383824932 -0.001669312255245982 0.00058281968205248756 -0.0057669870162376279 -0.0024310769406445036 -0.0089075753821810984 0.0014905271037889468 0.0040786930142198774 -0.0020180828227166258 0.0027423360703724294 0.002943904061864139 3.167622408974894e-05 -0.0036727441707399733 0.01549794199966828 -0.0048843757258074522
0.0051139269132429417 -0.003459101383160002 0.0025260984634528751 -0.0017953431571970861 0.00089332389353404939 -0.0019111522059037985 0.0060341681744058269 0.0017190434048970221 -0.0019714983612805661 -0.0029351626682831418 -0.0030376218321050957 0.0023263866137390771 0.0049409634394747704 -0.0011683913422112701 -0.012204503858557992 -0.0012045013834793945 0.003772114420983584 -0.00027627536896658827 -0.0024820078031798642 0.0033790143582232116 -0.014742584257673955 -0.0020895847226634168 0.00039320898916624103 0.0033270716657137307 0.010764411818537847 0.0040879961892914818
0.0079001761586581683 0.0005013183373827997 0.006292456398302641 0.00082376254928902531 0.0062590317049177838 0.0026377160174685236 -0.01227069109810176 -0.0015216931162159793 0.0059852873120690301 0.00093146710003119725 0.0037511171602433962 -0.0016389381937274414 0.0049385027937999797 -0.00050477347990102942 -0.017605288039393856 -0.00086371643662352699 -0.0034269031837141427 0.0015204631168746535 -0.0057711090955497868 0.00069650740502062193 -0.010102942930143372 -0.00026230039470571427 0.0042508080347781613 -0.0027307702119817368 0.0097995547841354964 0.0004109573070887329
0.0034854997631988118 0.0054699185559400204 -0.0010091507637840342 -0.00015217967982977278 -0.0031829658274333296 -0.0018477004652648335 0.0078191621265584748 -0.0032901825797478699 -0.0022836812907321077 -0.001372356597387175 0.0011457242751426911 0.0017161758782627424 0.0036368656705706381 0.0029649883431812694 -0.024172747997176936 0.0001483068756927881 0.011280150632683079 0.00094226718864538349 0.0035256393021232371 0.0060198483421695596 -0.0047818620076127642 -0.0089650672919481134 0.0059874216255830148 0.0041066425372205447 -0.0014500555091195924 -0.0057406611069339974
0.003814651747908634 0.00271675628809532 0.0079871502573772169 0.0045039348640782137 0.0042148345461754779 0.00057562434092684757 -0.010099531876120522 0.0033540853687553792 0.0058818801821882653 0.0024696766026299599 0.0016089458444012569 0.0027802416228288693 0.0042432444009970934 0.0011069737320479511 -0.026861193614980735 -0.0066250424326282148 -0.0028867736462847111 -0.0024767229513392502 0.0030578711013828147 -0.0033545745959611627 -0.0071201544120010288 -0.0042052729674241637 0.004902168910843387 -0.0014101519272150102 0.011256906558113632 0.00056447205520562815