TPS like internal (simplified) format - can be converted to other format by using TET

LM=18
567.000	399.000
714.000	490.000
910.000	709.000
910.000	734.000
902.000	753.000
884.000	768.000
847.000	768.000
791.000	752.000
713.000	717.000
606.000	654.000
510.000	456.000
600.000	524.000
613.000	513.000
641.000	543.000
653.000	525.000
664.000	505.000
763.000	586.000
736.000	657.000
IMAGE=C:/Users/vmc04/Desktop/Wing images/Gif files/Lab reared/TLC lab reared/TLC 104.gif
ID=1 : TLC104
COMMENT=18l
VARIABLES=NA
SCALE=NA

LM=18
425.000	768.000
638.000	772.000
917.000	864.000
936.000	893.000
945.000	916.000
942.000	944.000
908.000	966.000
845.000	986.000
763.000	1004.000
621.000	1010.000
408.000	862.000
530.000	879.000
536.000	859.000
586.000	876.000
589.000	850.000
593.000	824.000
689.000	831.000
719.000	926.000
IMAGE=C:/Users/vmc04/Desktop/Wing images/Gif files/Lab reared/TLC lab reared/TLC 105.gif
ID=2 : TLC105
COMMENT=18l
VARIABLES=NA
SCALE=NA

LM=18
497.000	798.000
685.000	687.000
941.000	613.000
969.000	623.000
989.000	640.000
994.000	668.000
967.000	704.000
931.000	742.000
877.000	786.000
777.000	868.000
537.000	880.000
641.000	825.000
628.000	813.000
684.000	791.000
670.000	770.000
656.000	752.000
744.000	704.000
814.000	760.000
IMAGE=C:/Users/vmc04/Desktop/Wing images/Gif files/Lab reared/TLC lab reared/TLC 106.gif
ID=3 : TLC106
COMMENT=18l
VARIABLES=NA
SCALE=NA

LM=18
583.000	372.000
714.000	470.000
916.000	686.000
914.000	712.000
909.000	725.000
896.000	745.000
845.000	742.000
795.000	731.000
718.000	702.000
610.000	641.000
506.000	439.000
593.000	505.000
610.000	490.000
636.000	520.000
649.000	505.000
660.000	486.000
748.000	552.000
725.000	630.000
IMAGE=C:/Users/vmc04/Desktop/Wing images/Gif files/Lab reared/TLC lab reared/TLC 109.gif
ID=4 : TLC109
COMMENT=18l
VARIABLES=NA
SCALE=NA

LM=18
597.000	438.000
742.000	582.000
894.000	863.000
884.000	886.000
875.000	902.000
851.000	916.000
810.000	908.000
752.000	877.000
691.000	833.000
584.000	738.000
525.000	499.000
603.000	589.000
616.000	573.000
640.000	614.000
663.000	596.000
679.000	579.000
748.000	657.000
704.000	742.000
IMAGE=C:/Users/vmc04/Desktop/Wing images/Gif files/Lab reared/TLC lab reared/TLC 110.gif
ID=5 : TLC110
COMMENT=18l
VARIABLES=NA
SCALE=NA

LM=18
621.000	465.000
826.000	496.000
1095.000	614.000
1099.000	628.000
1103.000	650.000
1098.000	675.000
1053.000	695.000
994.000	707.000
911.000	707.000
787.000	694.000
595.000	549.000
720.000	577.000
723.000	555.000
768.000	574.000
776.000	550.000
778.000	531.000
880.000	550.000
903.000	642.000
IMAGE=C:/Users/vmc04/Desktop/Wing images/Gif files/Lab reared/TLC lab reared/TLC 111.gif
ID=6 : TLC111
COMMENT=18l
VARIABLES=NA
SCALE=NA

LM=18
691.000	536.000
894.000	548.000
1166.000	637.000
1184.000	664.000
1194.000	684.000
1186.000	713.000
1147.000	734.000
1087.000	750.000
1004.000	756.000
869.000	756.000
673.000	626.000
798.000	645.000
802.000	625.000
836.000	639.000
840.000	615.000
843.000	592.000
960.000	604.000
979.000	689.000
IMAGE=C:/Users/vmc04/Desktop/Wing images/Gif files/Lab reared/TLC lab reared/TLC 112.gif
ID=7 : TLC112
COMMENT=18l
VARIABLES=NA
SCALE=NA

LM=18
651.000	385.000
872.000	351.000
1160.000	386.000
1183.000	404.000
1195.000	428.000
1194.000	454.000
1161.000	486.000
1112.000	506.000
1013.000	535.000
890.000	555.000
653.000	467.000
774.000	461.000
775.000	438.000
852.000	448.000
857.000	428.000
856.000	400.000
939.000	390.000
972.000	469.000
IMAGE=C:/Users/vmc04/Desktop/Wing images/Gif files/Lab reared/TLC lab reared/TLC 113.gif
ID=8 : TLC113
COMMENT=18l
VARIABLES=NA
SCALE=NA

LM=18
539.000	546.000
753.000	572.000
1012.000	668.000
1032.000	694.000
1038.000	718.000
1036.000	747.000
999.000	765.000
928.000	779.000
832.000	781.000
707.000	766.000
513.000	624.000
641.000	654.000
646.000	632.000
704.000	658.000
710.000	634.000
718.000	612.000
815.000	632.000
822.000	710.000
IMAGE=C:/Users/vmc04/Desktop/Wing images/Gif files/Lab reared/TLC lab reared/TLC 114.gif
ID=9 : TLC114
COMMENT=18l
VARIABLES=NA
SCALE=NA

LM=18
605.000	378.000
776.000	500.000
972.000	709.000
970.000	734.000
968.000	754.000
950.000	778.000
898.000	774.000
844.000	760.000
766.000	721.000
649.000	656.000
545.000	449.000
642.000	522.000
648.000	508.000
683.000	544.000
701.000	520.000
715.000	506.000
797.000	567.000
774.000	647.000
IMAGE=C:/Users/vmc04/Desktop/Wing images/Gif files/Lab reared/TLC lab reared/TLC 116.gif
ID=10 : TLC116
COMMENT=18l
VARIABLES=NA
SCALE=NA

LM=18
600.000	513.000
786.000	472.000
1064.000	500.000
1078.000	514.000
1090.000	534.000
1089.000	560.000
1065.000	584.000
999.000	616.000
921.000	638.000
808.000	664.000
609.000	589.000
706.000	578.000
704.000	559.000
774.000	566.000
772.000	541.000
770.000	518.000
868.000	509.000
898.000	578.000
IMAGE=C:/Users/vmc04/Desktop/Wing images/Gif files/Lab reared/TLC lab reared/TLC 119.gif
ID=11 : TLC119
COMMENT=18l
VARIABLES=NA
SCALE=NA

LM=18
520.000	548.000
724.000	531.000
1000.000	585.000
1023.000	611.000
1032.000	630.000
1030.000	652.000
976.000	678.000
929.000	693.000
867.000	715.000
737.000	731.000
524.000	638.000
642.000	635.000
643.000	615.000
703.000	624.000
703.000	600.000
704.000	575.000
791.000	569.000
827.000	654.000
IMAGE=C:/Users/vmc04/Desktop/Wing images/Gif files/Lab reared/TLC lab reared/TLC 120.gif
ID=12 : TLC120
COMMENT=18l
VARIABLES=NA
SCALE=NA

LM=18
576.000	392.000
712.000	504.000
886.000	763.000
883.000	791.000
874.000	814.000
853.000	829.000
810.000	817.000
756.000	793.000
687.000	748.000
586.000	666.000
509.000	445.000
594.000	531.000
603.000	515.000
635.000	559.000
652.000	545.000
665.000	530.000
743.000	604.000
704.000	680.000
IMAGE=C:/Users/vmc04/Desktop/Wing images/Gif files/Lab reared/TLC lab reared/TLC 121.gif
ID=13 : TLC121
COMMENT=18l
VARIABLES=NA
SCALE=NA

LM=18
448.000	304.000
653.000	272.000
950.000	297.000
964.000	315.000
975.000	337.000
975.000	361.000
940.000	388.000
883.000	414.000
804.000	443.000
673.000	477.000
447.000	398.000
573.000	386.000
569.000	366.000
622.000	368.000
621.000	344.000
617.000	324.000
734.000	305.000
769.000	385.000
IMAGE=C:/Users/vmc04/Desktop/Wing images/Gif files/Lab reared/TLC lab reared/TLC 125.gif
ID=14 : TLC125
COMMENT=18l
VARIABLES=NA
SCALE=NA

LM=18
496.000	713.000
682.000	709.000
957.000	795.000
968.000	813.000
968.000	830.000
966.000	854.000
925.000	878.000
870.000	898.000
800.000	910.000
678.000	921.000
481.000	805.000
586.000	812.000
588.000	791.000
639.000	803.000
643.000	778.000
646.000	757.000
757.000	761.000
772.000	845.000
IMAGE=C:/Users/vmc04/Desktop/Wing images/Gif files/Lab reared/TLC lab reared/TLC 126.gif
ID=15 : TLC126
COMMENT=18l
VARIABLES=NA
SCALE=NA

LM=18
479.000	529.000
669.000	541.000
925.000	624.000
932.000	639.000
941.000	662.000
937.000	690.000
905.000	710.000
842.000	727.000
763.000	737.000
650.000	745.000
459.000	632.000
569.000	640.000
568.000	616.000
618.000	630.000
621.000	604.000
628.000	585.000
732.000	591.000
741.000	673.000
IMAGE=C:/Users/vmc04/Desktop/Wing images/Gif files/Lab reared/TLC lab reared/TLC 129.gif
ID=16 : TLC129
COMMENT=18l
VARIABLES=NA
SCALE=NA

LM=18
738.000	320.000
944.000	288.000
1209.000	313.000
1236.000	337.000
1247.000	360.000
1250.000	382.000
1215.000	405.000
1171.000	430.000
1097.000	459.000
964.000	489.000
750.000	406.000
850.000	395.000
850.000	377.000
915.000	381.000
915.000	357.000
914.000	332.000
996.000	320.000
1018.000	397.000
IMAGE=C:/Users/vmc04/Desktop/Wing images/Gif files/Lab reared/TLC lab reared/TLC 130.gif
ID=17 : TLC130
COMMENT=18l
VARIABLES=NA
SCALE=NA

LM=18
650.000	530.000
844.000	555.000
1134.000	683.000
1141.000	710.000
1146.000	734.000
1138.000	761.000
1100.000	776.000
1022.000	782.000
943.000	782.000
811.000	772.000
635.000	631.000
736.000	645.000
738.000	623.000
795.000	649.000
800.000	620.000
805.000	597.000
896.000	614.000
921.000	707.000
IMAGE=C:/Users/vmc04/Desktop/Wing images/Gif files/Lab reared/TLC lab reared/TLC 131.gif
ID=18 : TLC131
COMMENT=18l
VARIABLES=NA
SCALE=NA

LM=18
535.000	414.000
748.000	405.000
1033.000	487.000
1055.000	518.000
1058.000	539.000
1052.000	565.000
1023.000	587.000
961.000	610.000
871.000	624.000
737.000	630.000
522.000	501.000
627.000	510.000
627.000	485.000
689.000	502.000
692.000	475.000
695.000	455.000
805.000	454.000
831.000	548.000
IMAGE=C:/Users/vmc04/Desktop/Wing images/Gif files/Lab reared/TLC lab reared/TLC 132.gif
ID=19 : TLC132
COMMENT=18l
VARIABLES=NA
SCALE=NA

LM=18
581.000	440.000
760.000	422.000
1023.000	474.000
1039.000	496.000
1044.000	514.000
1045.000	536.000
1012.000	558.000
969.000	574.000
899.000	590.000
777.000	611.000
583.000	516.000
678.000	516.000
668.000	495.000
737.000	502.000
735.000	485.000
735.000	466.000
835.000	466.000
860.000	533.000
IMAGE=C:/Users/vmc04/Desktop/Wing images/Gif files/Lab reared/TLC lab reared/TLC 134.gif
ID=20 : TLC134
COMMENT=18l
VARIABLES=NA
SCALE=NA

LM=18
461.000	513.000
644.000	489.000
908.000	526.000
926.000	546.000
936.000	567.000
935.000	589.000
903.000	615.000
845.000	639.000
768.000	659.000
654.000	679.000
466.000	591.000
582.000	590.000
584.000	572.000
627.000	577.000
626.000	554.000
627.000	535.000
729.000	528.000
749.000	600.000
IMAGE=C:/Users/vmc04/Desktop/Wing images/Gif files/Lab reared/TLC lab reared/TLC 135.gif
ID=21 : TLC135
COMMENT=18l
VARIABLES=NA
SCALE=NA

LM=18
552.000	487.000
750.000	457.000
1038.000	491.000
1053.000	512.000
1060.000	536.000
1058.000	561.000
1035.000	586.000
973.000	615.000
896.000	640.000
773.000	662.000
565.000	566.000
656.000	562.000
656.000	538.000
713.000	548.000
717.000	524.000
719.000	505.000
833.000	496.000
863.000	576.000
IMAGE=C:/Users/vmc04/Desktop/Wing images/Gif files/Lab reared/TLC lab reared/TLC 136.gif
ID=22 : TLC136
COMMENT=18l
VARIABLES=NA
SCALE=NA

LM=18
746.000	458.000
945.000	431.000
1217.000	476.000
1231.000	497.000
1242.000	522.000
1240.000	545.000
1210.000	567.000
1153.000	590.000
1076.000	619.000
949.000	640.000
750.000	543.000
865.000	541.000
864.000	521.000
927.000	530.000
925.000	503.000
923.000	477.000
1012.000	473.000
1034.000	552.000
IMAGE=C:/Users/vmc04/Desktop/Wing images/Gif files/Lab reared/TLC lab reared/TLC 137.gif
ID=23 : TLC137
COMMENT=18l
VARIABLES=NA
SCALE=NA

LM=18
519.000	390.000
706.000	374.000
972.000	424.000
989.000	451.000
994.000	479.000
987.000	501.000
955.000	520.000
901.000	541.000
829.000	555.000
712.000	566.000
526.000	464.000
640.000	470.000
640.000	449.000
688.000	460.000
687.000	435.000
688.000	413.000
781.000	413.000
791.000	489.000
IMAGE=C:/Users/vmc04/Desktop/Wing images/Gif files/Lab reared/TLC lab reared/TLC 139.gif
ID=24 : TLC139
COMMENT=18l
VARIABLES=NA
SCALE=NA

LM=18
422.000	810.000
569.000	718.000
842.000	631.000
873.000	646.000
887.000	661.000
897.000	686.000
878.000	717.000
836.000	763.000
771.000	817.000
671.000	881.000
460.000	886.000
551.000	836.000
541.000	820.000
600.000	803.000
592.000	780.000
579.000	760.000
666.000	710.000
714.000	775.000
IMAGE=C:/Users/vmc04/Desktop/Wing images/Gif files/Lab reared/TLC lab reared/TLC 145.gif
ID=25 : TLC145
COMMENT=18l
VARIABLES=NA
SCALE=NA

LM=18
694.000	265.000
882.000	270.000
1143.000	350.000
1155.000	374.000
1163.000	396.000
1155.000	420.000
1120.000	438.000
1058.000	455.000
979.000	463.000
865.000	463.000
676.000	342.000
781.000	353.000
784.000	335.000
838.000	351.000
841.000	329.000
844.000	310.000
924.000	311.000
944.000	390.000
IMAGE=C:/Users/vmc04/Desktop/Wing images/Gif files/Lab reared/TLC lab reared/TLC 146.gif
ID=26 : TLC146
COMMENT=18l
VARIABLES=NA
SCALE=NA

LM=18
434.000	189.000
636.000	173.000
922.000	217.000
941.000	240.000
948.000	261.000
942.000	288.000
906.000	314.000
852.000	337.000
774.000	355.000
642.000	377.000
442.000	277.000
555.000	275.000
555.000	256.000
599.000	264.000
601.000	239.000
598.000	222.000
727.000	216.000
747.000	295.000
IMAGE=C:/Users/vmc04/Desktop/Wing images/Gif files/Lab reared/TLC lab reared/TLC 149.gif
ID=27 : TLC149
COMMENT=18l
VARIABLES=NA
SCALE=NA

LM=18
429.000	442.000
615.000	390.000
931.000	395.000
950.000	418.000
965.000	444.000
963.000	464.000
941.000	493.000
881.000	534.000
794.000	570.000
669.000	608.000
442.000	532.000
546.000	513.000
540.000	494.000
612.000	496.000
609.000	467.000
606.000	448.000
713.000	426.000
761.000	504.000
IMAGE=C:/Users/vmc04/Desktop/Wing images/Gif files/Lab reared/TLC lab reared/TLC 150.gif
ID=28 : TLC150
COMMENT=18l
VARIABLES=NA
SCALE=NA

LM=18
623.000	449.000
835.000	496.000
1106.000	631.000
1119.000	665.000
1115.000	682.000
1107.000	711.000
1063.000	734.000
997.000	750.000
898.000	745.000
761.000	720.000
593.000	537.000
692.000	571.000
701.000	550.000
768.000	588.000
778.000	561.000
790.000	534.000
887.000	560.000
888.000	658.000
IMAGE=C:/Users/vmc04/Desktop/Wing images/Gif files/Lab reared/TLC lab reared/TLC 151.gif
ID=29 : TLC151
COMMENT=18l
VARIABLES=NA
SCALE=NA

LM=18
477.000	321.000
666.000	379.000
945.000	567.000
949.000	600.000
944.000	625.000
931.000	650.000
899.000	664.000
827.000	665.000
724.000	647.000
587.000	601.000
436.000	402.000
527.000	444.000
538.000	424.000
596.000	462.000
609.000	444.000
616.000	421.000
741.000	470.000
727.000	570.000
IMAGE=C:/Users/vmc04/Desktop/Wing images/Gif files/Lab reared/TLC lab reared/TLC 154.gif
ID=30 : TLC154
COMMENT=18l
VARIABLES=NA
SCALE=NA

LM=18
489.000	328.000
690.000	318.000
980.000	379.000
1005.000	405.000
1014.000	432.000
1011.000	455.000
978.000	481.000
905.000	506.000
817.000	522.000
686.000	532.000
484.000	419.000
594.000	424.000
600.000	404.000
656.000	416.000
663.000	388.000
661.000	371.000
788.000	376.000
806.000	457.000
IMAGE=C:/Users/vmc04/Desktop/Wing images/Gif files/Lab reared/TLC lab reared/TLC 155.gif
ID=31 : TLC155
COMMENT=18l
VARIABLES=NA
SCALE=NA