TPS like internal (simplified) format - can be converted to other format by using TET

LM=18
382.000	694.000
591.000	639.000
873.000	636.000
901.000	656.000
914.000	678.000
916.000	703.000
884.000	733.000
833.000	772.000
747.000	804.000
636.000	847.000
407.000	781.000
523.000	758.000
520.000	736.000
573.000	734.000
571.000	713.000
565.000	694.000
678.000	671.000
719.000	746.000
IMAGE=C:/Users/vmc04/Desktop/Wing images/Gif files/Lab reared/TLC lab reared/TLC 156 240.gif
ID=32 : TLC156
COMMENT=18l
VARIABLES=NA
SCALE=NA

LM=18
614.000	381.000
828.000	369.000
1130.000	449.000
1147.000	478.000
1150.000	502.000
1144.000	525.000
1112.000	550.000
1059.000	575.000
955.000	587.000
818.000	594.000
606.000	469.000
714.000	474.000
714.000	454.000
790.000	471.000
790.000	444.000
794.000	423.000
903.000	425.000
933.000	518.000
IMAGE=C:/Users/vmc04/Desktop/Wing images/Gif files/Lab reared/TLC lab reared/TLC 157.gif
ID=33 : TLC157
COMMENT=18l
VARIABLES=NA
SCALE=NA

LM=18
631.000	352.000
827.000	327.000
1138.000	381.000
1153.000	401.000
1161.000	420.000
1160.000	447.000
1130.000	475.000
1069.000	502.000
985.000	528.000
844.000	547.000
633.000	441.000
742.000	440.000
742.000	418.000
804.000	431.000
807.000	403.000
803.000	379.000
913.000	376.000
942.000	461.000
IMAGE=C:/Users/vmc04/Desktop/Wing images/Gif files/Lab reared/TLC lab reared/TLC 159.gif
ID=34 : TLC159
COMMENT=18l
VARIABLES=NA
SCALE=NA

LM=18
670.000	302.000
868.000	294.000
1177.000	382.000
1196.000	413.000
1200.000	435.000
1197.000	460.000
1165.000	481.000
1101.000	507.000
1013.000	521.000
865.000	524.000
656.000	394.000
777.000	404.000
777.000	383.000
848.000	401.000
851.000	372.000
852.000	348.000
943.000	349.000
976.000	446.000
IMAGE=C:/Users/vmc04/Desktop/Wing images/Gif files/Lab reared/TLC lab reared/TLC 161.gif
ID=35 : TLC161
COMMENT=18l
VARIABLES=NA
SCALE=NA

LM=18
628.000	405.000
833.000	391.000
1145.000	473.000
1161.000	499.000
1166.000	522.000
1161.000	549.000
1133.000	570.000
1078.000	597.000
982.000	617.000
837.000	628.000
623.000	493.000
732.000	503.000
736.000	481.000
799.000	496.000
803.000	472.000
803.000	448.000
898.000	446.000
940.000	540.000
IMAGE=C:/Users/vmc04/Desktop/Wing images/Gif files/Lab reared/TLC lab reared/TLC 162.gif
ID=36 : TLC162
COMMENT=18l
VARIABLES=NA
SCALE=NA

LM=18
650.000	472.000
848.000	447.000
1129.000	489.000
1152.000	513.000
1165.000	538.000
1163.000	563.000
1132.000	587.000
1065.000	619.000
982.000	640.000
858.000	662.000
643.000	562.000
783.000	563.000
780.000	541.000
821.000	545.000
823.000	523.000
824.000	503.000
930.000	497.000
960.000	574.000
IMAGE=C:/Users/vmc04/Desktop/Wing images/Gif files/Lab reared/TLC lab reared/TLC 163.gif
ID=37 : TLC163
COMMENT=18l
VARIABLES=NA
SCALE=NA

LM=18
620.000	385.000
817.000	383.000
1097.000	431.000
1112.000	450.000
1123.000	471.000
1123.000	493.000
1092.000	518.000
1027.000	541.000
948.000	561.000
826.000	574.000
617.000	475.000
726.000	473.000
725.000	456.000
793.000	467.000
789.000	449.000
789.000	429.000
890.000	423.000
910.000	498.000
IMAGE=C:/Users/vmc04/Desktop/Wing images/Gif files/Lab reared/TLC lab reared/TLC 164.gif
ID=38 : TLC164
COMMENT=18l
VARIABLES=NA
SCALE=NA

LM=18
641.000	389.000
857.000	400.000
1119.000	489.000
1132.000	511.000
1140.000	536.000
1130.000	556.000
1098.000	576.000
1036.000	591.000
959.000	597.000
829.000	592.000
627.000	466.000
748.000	481.000
751.000	462.000
793.000	472.000
796.000	457.000
804.000	437.000
916.000	449.000
929.000	527.000
IMAGE=C:/Users/vmc04/Desktop/Wing images/Gif files/Lab reared/TLC lab reared/TLC 165.gif
ID=39 : TLC165
COMMENT=18l
VARIABLES=NA
SCALE=NA

LM=18
510.000	275.000
723.000	286.000
1005.000	394.000
1021.000	427.000
1026.000	452.000
1018.000	482.000
988.000	499.000
929.000	519.000
834.000	527.000
695.000	519.000
485.000	355.000
618.000	389.000
620.000	365.000
685.000	391.000
691.000	364.000
697.000	337.000
782.000	350.000
801.000	446.000
IMAGE=C:/Users/vmc04/Desktop/Wing images/Gif files/Lab reared/TLC lab reared/TLC 166.gif
ID=40 : TLC166
COMMENT=18l
VARIABLES=NA
SCALE=NA

LM=18
621.000	324.000
824.000	311.000
1123.000	365.000
1143.000	390.000
1151.000	414.000
1145.000	440.000
1107.000	464.000
1056.000	490.000
978.000	513.000
844.000	532.000
627.000	427.000
750.000	426.000
747.000	403.000
801.000	414.000
801.000	390.000
802.000	365.000
901.000	358.000
935.000	444.000
IMAGE=C:/Users/vmc04/Desktop/Wing images/Gif files/Lab reared/TLC lab reared/TLC 169.gif
ID=41 : TLC169
COMMENT=18l
VARIABLES=NA
SCALE=NA

LM=18
480.000	444.000
634.000	287.000
887.000	146.000
924.000	151.000
948.000	165.000
963.000	187.000
956.000	221.000
921.000	288.000
876.000	355.000
773.000	462.000
545.000	510.000
645.000	432.000
626.000	414.000
684.000	381.000
666.000	362.000
649.000	344.000
726.000	275.000
800.000	330.000
IMAGE=C:/Users/vmc04/Desktop/Wing images/Gif files/Lab reared/TLC lab reared/TLC 175.gif
ID=42 : TLC175
COMMENT=18l
VARIABLES=NA
SCALE=NA

LM=18
457.000	551.000
619.000	429.000
911.000	335.000
945.000	349.000
960.000	368.000
970.000	390.000
954.000	420.000
916.000	471.000
842.000	542.000
731.000	625.000
499.000	625.000
616.000	569.000
601.000	546.000
671.000	528.000
654.000	505.000
641.000	481.000
728.000	428.000
787.000	496.000
IMAGE=C:/Users/vmc04/Desktop/Wing images/Gif files/Lab reared/TLC lab reared/TLC 176.gif
ID=43 : TLC176
COMMENT=18l
VARIABLES=NA
SCALE=NA

LM=18
519.000	436.000
726.000	507.000
990.000	675.000
1001.000	710.000
999.000	732.000
990.000	758.000
951.000	769.000
881.000	770.000
787.000	754.000
656.000	710.000
480.000	513.000
586.000	557.000
594.000	537.000
662.000	579.000
667.000	560.000
676.000	541.000
777.000	578.000
771.000	665.000
IMAGE=C:/Users/vmc04/Desktop/Wing images/Gif files/Lab reared/TLC lab reared/TLC 177.gif
ID=44 : TLC177
COMMENT=18l
VARIABLES=NA
SCALE=NA

LM=18
651.000	409.000
848.000	405.000
1156.000	497.000
1174.000	528.000
1183.000	557.000
1177.000	582.000
1149.000	607.000
1088.000	626.000
989.000	643.000
838.000	636.000
639.000	499.000
756.000	511.000
759.000	490.000
813.000	513.000
819.000	482.000
825.000	461.000
937.000	469.000
963.000	563.000
IMAGE=C:/Users/vmc04/Desktop/Wing images/Gif files/Lab reared/TLC lab reared/TLC 178.gif
ID=45 : TLC178
COMMENT=18l
VARIABLES=NA
SCALE=NA

LM=18
730.000	460.000
906.000	427.000
1192.000	470.000
1212.000	497.000
1219.000	519.000
1215.000	540.000
1189.000	562.000
1129.000	589.000
1054.000	614.000
929.000	630.000
733.000	537.000
858.000	531.000
856.000	512.000
911.000	522.000
910.000	494.000
910.000	476.000
996.000	469.000
1019.000	551.000
IMAGE=C:/Users/vmc04/Desktop/Wing images/Gif files/Lab reared/TLC lab reared/TLC 179.gif
ID=46 : TLC179
COMMENT=18l
VARIABLES=NA
SCALE=NA

LM=18
603.000	501.000
781.000	479.000
1059.000	536.000
1073.000	558.000
1080.000	577.000
1075.000	599.000
1047.000	622.000
996.000	641.000
924.000	657.000
799.000	671.000
616.000	580.000
710.000	575.000
709.000	561.000
774.000	568.000
773.000	548.000
773.000	528.000
854.000	522.000
880.000	599.000
IMAGE=C:/Users/vmc04/Desktop/Wing images/Gif files/Lab reared/TLC lab reared/TLC 180.gif
ID=47 : TLC180
COMMENT=18l
VARIABLES=NA
SCALE=NA

LM=18
701.000	516.000
907.000	496.000
1168.000	553.000
1187.000	578.000
1194.000	598.000
1189.000	620.000
1162.000	639.000
1100.000	663.000
1028.000	680.000
903.000	693.000
712.000	598.000
819.000	598.000
819.000	575.000
883.000	591.000
881.000	564.000
881.000	541.000
968.000	538.000
989.000	617.000
IMAGE=C:/Users/vmc04/Desktop/Wing images/Gif files/Lab reared/TLC lab reared/TLC 184.gif
ID=48 : TLC184
COMMENT=18l
VARIABLES=NA
SCALE=NA

LM=18
356.000	176.000
532.000	177.000
787.000	252.000
801.000	281.000
807.000	302.000
803.000	324.000
772.000	341.000
714.000	357.000
635.000	365.000
517.000	366.000
354.000	254.000
457.000	269.000
460.000	248.000
514.000	269.000
516.000	241.000
517.000	221.000
599.000	224.000
605.000	302.000
IMAGE=C:/Users/vmc04/Desktop/Wing images/Gif files/Lab reared/TLC lab reared/TLC 185.gif
ID=49 : TLC185
COMMENT=18l
VARIABLES=NA
SCALE=NA

LM=18
491.000	354.000
668.000	356.000
956.000	422.000
975.000	448.000
980.000	471.000
977.000	496.000
948.000	514.000
877.000	534.000
793.000	544.000
679.000	549.000
475.000	434.000
589.000	444.000
590.000	424.000
657.000	438.000
659.000	420.000
660.000	398.000
755.000	403.000
776.000	479.000
IMAGE=C:/Users/vmc04/Desktop/Wing images/Gif files/Lab reared/TLC lab reared/TLC 186.gif
ID=50 : TLC186
COMMENT=18l
VARIABLES=NA
SCALE=NA

LM=18
636.000	488.000
821.000	392.000
1105.000	326.000
1126.000	334.000
1139.000	350.000
1148.000	376.000
1130.000	408.000
1084.000	454.000
1014.000	509.000
907.000	570.000
670.000	561.000
798.000	514.000
784.000	493.000
856.000	479.000
839.000	457.000
829.000	435.000
909.000	402.000
958.000	461.000
IMAGE=C:/Users/vmc04/Desktop/Wing images/Gif files/Lab reared/TLC lab reared/TLC 187.gif
ID=51 : TLC187
COMMENT=18l
VARIABLES=NA
SCALE=NA

LM=18
795.000	432.000
896.000	550.000
1045.000	807.000
1043.000	833.000
1033.000	849.000
1013.000	863.000
975.000	853.000
921.000	820.000
854.000	765.000
768.000	673.000
725.000	478.000
786.000	555.000
800.000	546.000
825.000	587.000
843.000	575.000
856.000	566.000
934.000	659.000
886.000	712.000
IMAGE=C:/Users/vmc04/Desktop/Wing images/Gif files/Lab reared/TLC lab reared/TLC 188.gif
ID=52 : TLC188
COMMENT=18l
VARIABLES=NA
SCALE=NA

LM=18
576.000	449.000
631.000	669.000
641.000	892.000
622.000	920.000
601.000	941.000
576.000	943.000
545.000	919.000
519.000	891.000
482.000	825.000
441.000	672.000
491.000	449.000
518.000	571.000
537.000	566.000
534.000	614.000
559.000	614.000
578.000	612.000
598.000	696.000
532.000	737.000
IMAGE=C:/Users/vmc04/Desktop/Wing images/Gif files/Lab reared/TLC lab reared/TLC 189.gif
ID=53 : TLC189
COMMENT=18l
VARIABLES=NA
SCALE=NA

LM=18
550.000	528.000
733.000	447.000
1002.000	401.000
1024.000	414.000
1042.000	428.000
1050.000	447.000
1032.000	478.000
985.000	524.000
904.000	570.000
801.000	622.000
584.000	601.000
695.000	561.000
689.000	540.000
739.000	535.000
732.000	514.000
724.000	494.000
823.000	454.000
868.000	521.000
IMAGE=C:/Users/vmc04/Desktop/Wing images/Gif files/Lab reared/TLC lab reared/TLC 190.gif
ID=54 : TLC190
COMMENT=18l
VARIABLES=NA
SCALE=NA

LM=18
543.000	564.000
754.000	546.000
1046.000	600.000
1072.000	628.000
1084.000	653.000
1079.000	675.000
1039.000	703.000
975.000	723.000
886.000	741.000
764.000	753.000
543.000	649.000
664.000	648.000
665.000	631.000
723.000	637.000
726.000	617.000
726.000	597.000
836.000	595.000
873.000	676.000
IMAGE=C:/Users/vmc04/Desktop/Wing images/Gif files/Lab reared/TLC lab reared/TLC 194.gif
ID=55 : TLC194
COMMENT=18l
VARIABLES=NA
SCALE=NA

LM=18
522.000	463.000
677.000	354.000
969.000	279.000
987.000	292.000
1007.000	312.000
1019.000	338.000
1003.000	368.000
968.000	414.000
896.000	474.000
788.000	547.000
567.000	534.000
665.000	486.000
654.000	464.000
710.000	452.000
696.000	432.000
687.000	412.000
776.000	361.000
839.000	424.000
IMAGE=C:/Users/vmc04/Desktop/Wing images/Gif files/Lab reared/TLC lab reared/TLC 195.gif
ID=56 : TLC195
COMMENT=18l
VARIABLES=NA
SCALE=NA

LM=18
603.000	579.000
797.000	570.000
1067.000	617.000
1091.000	641.000
1095.000	660.000
1095.000	682.000
1055.000	709.000
1003.000	731.000
927.000	744.000
802.000	756.000
599.000	664.000
701.000	664.000
703.000	641.000
765.000	654.000
767.000	633.000
766.000	614.000
868.000	613.000
900.000	685.000
IMAGE=C:/Users/vmc04/Desktop/Wing images/Gif files/Lab reared/TLC lab reared/TLC 196.gif
ID=57 : TLC196
COMMENT=18l
VARIABLES=NA
SCALE=NA

LM=18
613.000	383.000
814.000	329.000
1116.000	324.000
1139.000	347.000
1155.000	370.000
1154.000	397.000
1130.000	423.000
1077.000	452.000
990.000	483.000
866.000	525.000
641.000	468.000
732.000	447.000
724.000	424.000
792.000	425.000
784.000	405.000
779.000	385.000
885.000	362.000
942.000	432.000
IMAGE=C:/Users/vmc04/Desktop/Wing images/Gif files/Lab reared/TLC lab reared/TLC 197.gif
ID=58 : TLC197
COMMENT=18l
VARIABLES=NA
SCALE=NA

LM=18
728.000	469.000
924.000	488.000
1216.000	594.000
1230.000	625.000
1234.000	650.000
1225.000	671.000
1193.000	689.000
1124.000	706.000
1051.000	713.000
904.000	706.000
716.000	564.000
812.000	573.000
815.000	554.000
878.000	575.000
883.000	554.000
884.000	532.000
991.000	545.000
1014.000	636.000
IMAGE=C:/Users/vmc04/Desktop/Wing images/Gif files/Lab reared/TLC lab reared/TLC 198.gif
ID=59 : TLC198
COMMENT=18l
VARIABLES=NA
SCALE=NA

LM=18
796.000	336.000
996.000	350.000
1275.000	451.000
1289.000	472.000
1293.000	494.000
1286.000	516.000
1243.000	539.000
1191.000	554.000
1106.000	556.000
979.000	548.000
790.000	417.000
895.000	432.000
899.000	409.000
949.000	428.000
950.000	411.000
954.000	392.000
1091.000	414.000
1101.000	492.000
IMAGE=C:/Users/vmc04/Desktop/Wing images/Gif files/Lab reared/TLC lab reared/TLC 204.gif
ID=60 : TLC204
COMMENT=18l
VARIABLES=NA
SCALE=NA

LM=18
770.000	418.000
963.000	378.000
1256.000	402.000
1276.000	419.000
1283.000	435.000
1282.000	457.000
1256.000	484.000
1200.000	513.000
1118.000	542.000
992.000	567.000
784.000	494.000
895.000	480.000
890.000	460.000
941.000	465.000
939.000	444.000
940.000	427.000
1047.000	412.000
1080.000	481.000
IMAGE=C:/Users/vmc04/Desktop/Wing images/Gif files/Lab reared/TLC lab reared/TLC 205.gif
ID=61 : TLC205
COMMENT=18l
VARIABLES=NA
SCALE=NA

LM=18
692.000	531.000
890.000	514.000
1189.000	569.000
1209.000	592.000
1214.000	615.000
1211.000	636.000
1177.000	659.000
1116.000	682.000
1028.000	698.000
894.000	713.000
693.000	619.000
810.000	617.000
810.000	596.000
869.000	607.000
871.000	584.000
872.000	564.000
978.000	562.000
1012.000	637.000
IMAGE=C:/Users/vmc04/Desktop/Wing images/Gif files/Lab reared/TLC lab reared/TLC 206.gif
ID=62 : TLC206
COMMENT=18l
VARIABLES=NA
SCALE=NA

LM=18
579.000	340.000
775.000	273.000
1070.000	264.000
1103.000	292.000
1111.000	312.000
1110.000	336.000
1083.000	364.000
1040.000	393.000
967.000	429.000
839.000	474.000
603.000	419.000
718.000	392.000
712.000	373.000
777.000	371.000
771.000	349.000
766.000	328.000
840.000	309.000
906.000	373.000
IMAGE=C:/Users/vmc04/Desktop/Wing images/Gif files/Lab reared/TLC lab reared/TLC 207.gif
ID=63 : TLC207
COMMENT=18l
VARIABLES=NA
SCALE=NA

LM=18
729.000	415.000
865.000	532.000
1031.000	773.000
1031.000	812.000
1017.000	837.000
998.000	846.000
959.000	832.000
904.000	801.000
835.000	752.000
736.000	663.000
670.000	452.000
744.000	542.000
760.000	529.000
788.000	567.000
802.000	555.000
809.000	538.000
892.000	621.000
865.000	698.000
IMAGE=C:/Users/vmc04/Desktop/Wing images/Gif files/Lab reared/TLC lab reared/TLC 209.gif
ID=64 : TLC209
COMMENT=18l
VARIABLES=NA
SCALE=NA

LM=18
607.000	402.000
773.000	460.000
1027.000	638.000
1041.000	680.000
1038.000	701.000
1023.000	723.000
993.000	733.000
923.000	730.000
846.000	712.000
717.000	674.000
564.000	480.000
650.000	521.000
659.000	498.000
719.000	542.000
731.000	521.000
738.000	499.000
844.000	548.000
838.000	641.000
IMAGE=C:/Users/vmc04/Desktop/Wing images/Gif files/Lab reared/TLC lab reared/TLC 210.gif
ID=65 : TLC210
COMMENT=18l
VARIABLES=NA
SCALE=NA

LM=18
606.000	274.000
802.000	295.000
1096.000	444.000
1110.000	477.000
1117.000	511.000
1106.000	536.000
1064.000	549.000
1000.000	555.000
917.000	556.000
779.000	535.000
590.000	364.000
699.000	391.000
701.000	372.000
760.000	398.000
768.000	372.000
773.000	351.000
878.000	373.000
896.000	470.000
IMAGE=C:/Users/vmc04/Desktop/Wing images/Gif files/Lab reared/TLC lab reared/TLC 211.gif
ID=66 : TLC211
COMMENT=18l
VARIABLES=NA
SCALE=NA

LM=18
491.000	486.000
668.000	537.000
903.000	682.000
912.000	703.000
912.000	723.000
902.000	743.000
857.000	749.000
807.000	746.000
718.000	730.000
605.000	708.000
450.000	561.000
537.000	588.000
545.000	569.000
596.000	596.000
603.000	577.000
608.000	558.000
701.000	588.000
715.000	668.000
IMAGE=C:/Users/vmc04/Desktop/Wing images/Gif files/Lab reared/TLC lab reared/TLC 214.gif
ID=67 : TLC214
COMMENT=18l
VARIABLES=NA
SCALE=NA

LM=18
405.000	365.000
597.000	346.000
864.000	402.000
886.000	428.000
895.000	455.000
889.000	472.000
861.000	491.000
810.000	512.000
727.000	531.000
604.000	541.000
409.000	439.000
511.000	442.000
510.000	419.000
569.000	435.000
567.000	413.000
566.000	392.000
650.000	392.000
698.000	468.000
IMAGE=C:/Users/vmc04/Desktop/Wing images/Gif files/Lab reared/TLC lab reared/TLC 215.gif
ID=68 : TLC215
COMMENT=18l
VARIABLES=NA
SCALE=NA

LM=18
438.000	752.000
566.000	603.000
835.000	444.000
860.000	451.000
885.000	468.000
896.000	487.000
887.000	529.000
863.000	582.000
809.000	656.000
722.000	760.000
489.000	822.000
566.000	751.000
551.000	735.000
618.000	694.000
599.000	677.000
585.000	665.000
650.000	599.000
733.000	634.000
IMAGE=C:/Users/vmc04/Desktop/Wing images/Gif files/Lab reared/TLC lab reared/TLC 217.gif
ID=69 : TLC217
COMMENT=18l
VARIABLES=NA
SCALE=NA

LM=18
499.000	419.000
704.000	398.000
996.000	458.000
1018.000	484.000
1026.000	510.000
1019.000	536.000
993.000	557.000
931.000	586.000
852.000	610.000
721.000	621.000
503.000	509.000
594.000	507.000
591.000	483.000
689.000	499.000
682.000	475.000
680.000	450.000
765.000	445.000
804.000	532.000
IMAGE=C:/Users/vmc04/Desktop/Wing images/Gif files/Lab reared/TLC lab reared/TLC 218.gif
ID=70 : TLC218
COMMENT=18l
VARIABLES=NA
SCALE=NA

LM=18
686.000	416.000
894.000	479.000
1140.000	634.000
1150.000	662.000
1150.000	684.000
1134.000	704.000
1094.000	715.000
1034.000	713.000
949.000	700.000
821.000	668.000
659.000	494.000
752.000	531.000
760.000	510.000
831.000	553.000
842.000	532.000
847.000	512.000
958.000	555.000
949.000	632.000
IMAGE=C:/Users/vmc04/Desktop/Wing images/Gif files/Lab reared/TLC lab reared/TLC 219.gif
ID=71 : TLC219
COMMENT=18l
VARIABLES=NA
SCALE=NA

LM=18
562.000	519.000
745.000	492.000
1004.000	535.000
1028.000	560.000
1036.000	584.000
1035.000	607.000
1003.000	626.000
941.000	652.000
862.000	672.000
754.000	690.000
570.000	600.000
659.000	592.000
658.000	577.000
716.000	583.000
716.000	564.000
714.000	543.000
797.000	537.000
833.000	607.000
IMAGE=C:/Users/vmc04/Desktop/Wing images/Gif files/Lab reared/TLC lab reared/TLC 224.gif
ID=72 : TLC224
COMMENT=18l
VARIABLES=NA
SCALE=NA

LM=18
814.000	363.000
1013.000	328.000
1288.000	368.000
1309.000	389.000
1316.000	410.000
1314.000	428.000
1278.000	455.000
1233.000	479.000
1147.000	504.000
1028.000	525.000
821.000	446.000
919.000	435.000
922.000	414.000
981.000	420.000
977.000	399.000
971.000	382.000
1066.000	367.000
1109.000	438.000
IMAGE=C:/Users/vmc04/Desktop/Wing images/Gif files/Lab reared/TLC lab reared/TLC 225.gif
ID=73 : TLC225
COMMENT=18l
VARIABLES=NA
SCALE=NA

LM=18
508.000	446.000
718.000	422.000
1005.000	471.000
1023.000	497.000
1031.000	519.000
1028.000	543.000
991.000	572.000
945.000	590.000
868.000	612.000
732.000	631.000
511.000	533.000
629.000	528.000
628.000	507.000
701.000	518.000
695.000	492.000
695.000	472.000
791.000	463.000
822.000	550.000
IMAGE=C:/Users/vmc04/Desktop/Wing images/Gif files/Lab reared/TLC lab reared/TLC 226.gif
ID=74 : TLC226
COMMENT=18l
VARIABLES=NA
SCALE=NA