TPS like internal (simplified) format - can be converted to other format by using TET

LM=18
576.000	487.000
762.000	456.000
995.000	485.000
1007.000	505.000
1011.000	523.000
1010.000	541.000
988.000	562.000
941.000	591.000
876.000	619.000
758.000	638.000
580.000	557.000
676.000	553.000
674.000	535.000
717.000	541.000
715.000	520.000
714.000	499.000
785.000	489.000
826.000	560.000
IMAGE=C:/Users/vmc04/Desktop/Lab reared wings for landmarking/18/RPV/RPVFC/RPV 177.gif
ID=1 : RPV 177 18
COMMENT=FC-18
VARIABLES=NA
SCALE=NA

LM=18
822.000	373.000
996.000	394.000
1233.000	499.000
1239.000	522.000
1239.000	542.000
1221.000	563.000
1191.000	580.000
1132.000	593.000
1063.000	597.000
949.000	590.000
795.000	456.000
901.000	477.000
909.000	457.000
949.000	473.000
956.000	452.000
964.000	432.000
1036.000	438.000
1035.000	524.000
IMAGE=C:/Users/vmc04/Desktop/Lab reared wings for landmarking/18/RPV/RPVFC/RPV 220.gif
ID=2 : RPV 220 18
COMMENT=FC-18
VARIABLES=NA
SCALE=NA

LM=18
551.000	474.000
719.000	440.000
962.000	474.000
975.000	495.000
979.000	513.000
979.000	531.000
957.000	556.000
915.000	581.000
845.000	607.000
732.000	628.000
560.000	549.000
649.000	544.000
648.000	521.000
694.000	529.000
695.000	508.000
693.000	483.000
761.000	478.000
807.000	551.000
IMAGE=C:/Users/vmc04/Desktop/Lab reared wings for landmarking/18/RPV/RPVFC/RPV 273-1.gif
ID=3 : RPV 273 18
COMMENT=FC-18
VARIABLES=NA
SCALE=NA

LM=18
653.000	394.000
849.000	372.000
1117.000	428.000
1132.000	451.000
1139.000	473.000
1129.000	500.000
1102.000	522.000
1048.000	544.000
976.000	568.000
857.000	588.000
661.000	480.000
769.000	481.000
769.000	460.000
824.000	469.000
824.000	444.000
823.000	419.000
911.000	414.000
938.000	499.000
IMAGE=C:/Users/vmc04/Desktop/Lab reared wings for landmarking/18/RPV/RPVFC/RPV 310.gif
ID=4 : RPV 310 18
COMMENT=FC-18
VARIABLES=NA
SCALE=NA

LM=18
643.000	394.000
848.000	391.000
1127.000	470.000
1135.000	492.000
1140.000	515.000
1140.000	540.000
1093.000	564.000
1036.000	584.000
963.000	599.000
833.000	606.000
636.000	480.000
746.000	487.000
749.000	465.000
793.000	480.000
797.000	457.000
800.000	430.000
901.000	435.000
928.000	525.000
IMAGE=C:/Users/vmc04/Desktop/Lab reared wings for landmarking/18/RPV/RPVFC/RPV 312.gif
ID=5 : RPV 312 18
COMMENT=FC-18
VARIABLES=NA
SCALE=NA

LM=18
750.000	490.000
947.000	430.000
1251.000	438.000
1268.000	454.000
1275.000	476.000
1275.000	507.000
1253.000	531.000
1206.000	564.000
1120.000	604.000
990.000	638.000
780.000	570.000
902.000	548.000
895.000	527.000
941.000	527.000
936.000	505.000
931.000	482.000
1024.000	460.000
1074.000	539.000
IMAGE=C:/Users/vmc04/Desktop/Lab reared wings for landmarking/18/RPV/RPVFC/RPV 315.gif
ID=6 : RPV 315 18
COMMENT=FC-18
VARIABLES=NA
SCALE=NA

LM=18
610.000	404.000
825.000	359.000
1105.000	386.000
1123.000	411.000
1131.000	433.000
1127.000	458.000
1093.000	481.000
1044.000	509.000
967.000	542.000
848.000	577.000
626.000	494.000
740.000	478.000
737.000	454.000
786.000	461.000
781.000	433.000
777.000	410.000
860.000	396.000
901.000	471.000
IMAGE=C:/Users/vmc04/Desktop/Lab reared wings for landmarking/18/RPV/RPVFC/RPV 399-1.gif
ID=7 : RPV 399 18
COMMENT=FC-18
VARIABLES=NA
SCALE=NA

LM=18
677.000	400.000
865.000	348.000
1147.000	366.000
1170.000	392.000
1183.000	416.000
1180.000	444.000
1157.000	470.000
1103.000	506.000
1024.000	538.000
901.000	573.000
686.000	484.000
814.000	471.000
811.000	449.000
859.000	450.000
856.000	430.000
856.000	404.000
934.000	379.000
973.000	464.000
IMAGE=C:/Users/vmc04/Desktop/Lab reared wings for landmarking/18/RPV/RPVFC/RPV 440-1.gif
ID=8 : RPV 440 18
COMMENT=FC-18
VARIABLES=NA
SCALE=NA

LM=18
681.000	325.000
900.000	288.000
1140.000	329.000
1161.000	350.000
1169.000	371.000
1165.000	394.000
1131.000	423.000
1084.000	446.000
1009.000	470.000
890.000	492.000
689.000	406.000
783.000	398.000
784.000	377.000
836.000	381.000
834.000	360.000
836.000	336.000
938.000	325.000
969.000	409.000
IMAGE=C:/Users/vmc04/Desktop/Lab reared wings for landmarking/18/RPV/RPVFC/RPV 441-1.gif
ID=9 : RPV 441 18
COMMENT=FC-18
VARIABLES=NA
SCALE=NA

LM=18
547.000	465.000
726.000	397.000
987.000	394.000
1009.000	413.000
1019.000	435.000
1016.000	460.000
997.000	483.000
952.000	514.000
883.000	550.000
774.000	590.000
563.000	531.000
670.000	512.000
665.000	493.000
710.000	492.000
705.000	471.000
699.000	449.000
790.000	423.000
833.000	498.000
IMAGE=C:/Users/vmc04/Desktop/Lab reared wings for landmarking/18/RPV/RPVFC/RPV 445.gif
ID=10 : RPV 445 18
COMMENT=FC-18
VARIABLES=NA
SCALE=NA

LM=18
683.000	383.000
853.000	334.000
1089.000	346.000
1106.000	364.000
1118.000	381.000
1118.000	402.000
1093.000	425.000
1046.000	457.000
987.000	488.000
883.000	520.000
702.000	458.000
799.000	442.000
795.000	424.000
841.000	423.000
839.000	401.000
837.000	379.000
901.000	367.000
938.000	435.000
IMAGE=C:/Users/vmc04/Desktop/Lab reared wings for landmarking/18/RPV/RPVFC/RPV 495.gif
ID=11 : RPV 495 18
COMMENT=FC-18
VARIABLES=NA
SCALE=NA

LM=18
540.000	472.000
718.000	452.000
969.000	496.000
981.000	511.000
991.000	532.000
988.000	556.000
965.000	578.000
906.000	601.000
825.000	623.000
715.000	641.000
544.000	548.000
648.000	551.000
649.000	529.000
687.000	539.000
689.000	514.000
690.000	492.000
756.000	487.000
794.000	565.000
IMAGE=C:/Users/vmc04/Desktop/Lab reared wings for landmarking/18/RPV/RPVFC/RPV 497-1.gif
ID=12 : RPV 497 18
COMMENT=FC-18
VARIABLES=NA
SCALE=NA

LM=18
748.000	465.000
946.000	442.000
1190.000	486.000
1210.000	508.000
1217.000	528.000
1207.000	552.000
1187.000	573.000
1140.000	600.000
1067.000	623.000
949.000	644.000
749.000	543.000
856.000	543.000
856.000	522.000
904.000	527.000
905.000	508.000
903.000	486.000
974.000	481.000
1010.000	554.000
IMAGE=C:/Users/vmc04/Desktop/Lab reared wings for landmarking/18/RPV/RPVFC/RPV 543-1.gif
ID=13 : RPV 543 18
COMMENT=FC-18
VARIABLES=NA
SCALE=NA

LM=18
678.000	358.000
853.000	298.000
1125.000	293.000
1145.000	313.000
1155.000	334.000
1151.000	359.000
1127.000	385.000
1082.000	421.000
1023.000	457.000
901.000	500.000
694.000	440.000
809.000	418.000
805.000	393.000
856.000	393.000
853.000	373.000
847.000	347.000
916.000	327.000
948.000	398.000
IMAGE=C:/Users/vmc04/Desktop/Lab reared wings for landmarking/18/RPV/RPVFC/RPV 578-1.gif
ID=14 : RPV 578 18
COMMENT=FC-18
VARIABLES=NA
SCALE=NA

LM=18
440.000	479.000
629.000	451.000
916.000	507.000
928.000	525.000
932.000	545.000
927.000	570.000
898.000	594.000
844.000	621.000
770.000	648.000
651.000	669.000
439.000	565.000
568.000	567.000
570.000	544.000
608.000	549.000
608.000	526.000
608.000	496.000
691.000	489.000
708.000	568.000
IMAGE=C:/Users/vmc04/Desktop/Lab reared wings for landmarking/18/RPV/RPVFC/RPV 582-1.gif
ID=15 : RPV 582 18
COMMENT=FC-18
VARIABLES=NA
SCALE=NA

LM=18
712.000	463.000
908.000	407.000
1151.000	421.000
1163.000	438.000
1170.000	454.000
1175.000	477.000
1150.000	499.000
1108.000	530.000
1037.000	565.000
935.000	598.000
727.000	535.000
831.000	520.000
827.000	500.000
874.000	501.000
870.000	478.000
868.000	460.000
947.000	439.000
981.000	505.000
IMAGE=C:/Users/vmc04/Desktop/Lab reared wings for landmarking/18/RPV/RPVFC/RPV 669-1.gif
ID=16 : RPV 669 18
COMMENT=FC-18
VARIABLES=NA
SCALE=NA

LM=18
669.000	539.000
867.000	485.000
1107.000	516.000
1124.000	536.000
1134.000	556.000
1133.000	580.000
1112.000	605.000
1063.000	635.000
993.000	659.000
892.000	687.000
678.000	611.000
786.000	600.000
783.000	579.000
826.000	584.000
824.000	559.000
821.000	539.000
905.000	523.000
956.000	601.000
IMAGE=C:/Users/vmc04/Desktop/Lab reared wings for landmarking/18/RPV/RPVFC/RPV 711-1.gif
ID=17 : RPV 711 18
COMMENT=FC-18
VARIABLES=NA
SCALE=NA

LM=18
668.000	611.000
876.000	605.000
1116.000	682.000
1124.000	703.000
1128.000	730.000
1125.000	751.000
1097.000	770.000
1043.000	789.000
948.000	802.000
835.000	803.000
653.000	686.000
755.000	698.000
757.000	675.000
807.000	690.000
809.000	666.000
811.000	644.000
881.000	648.000
911.000	725.000
IMAGE=C:/Users/vmc04/Desktop/Lab reared wings for landmarking/18/RPV/RPVFC/RPV 717-1.gif
ID=18 : RPV 717 18
COMMENT=FC-18
VARIABLES=NA
SCALE=NA

LM=18
689.000	495.000
864.000	466.000
1154.000	515.000
1167.000	537.000
1170.000	555.000
1167.000	575.000
1145.000	599.000
1099.000	621.000
1023.000	645.000
898.000	664.000
694.000	572.000
782.000	568.000
781.000	547.000
838.000	559.000
838.000	533.000
836.000	510.000
920.000	504.000
965.000	582.000
IMAGE=C:/Users/vmc04/Desktop/Lab reared wings for landmarking/18/RPV/RPVFC/RPV 722-1.gif
ID=19 : RPV 722 18
COMMENT=FC-18
VARIABLES=NA
SCALE=NA

LM=18
388.000	486.000
579.000	433.000
841.000	437.000
857.000	455.000
863.000	474.000
863.000	498.000
839.000	521.000
795.000	551.000
720.000	586.000
607.000	626.000
409.000	563.000
499.000	545.000
496.000	526.000
546.000	524.000
544.000	503.000
539.000	482.000
632.000	460.000
677.000	530.000
IMAGE=C:/Users/vmc04/Desktop/Lab reared wings for landmarking/18/RPV/RPVFC/RPV 755-1.gif
ID=20 : RPV 755 18
COMMENT=FC-18
VARIABLES=NA
SCALE=NA